Parameter 1	Parameter 2	Parameter 3	Parameter 4	Parameter 5	Parameter 6	Parameter 7	Parameter 8	Potential	Temperature	Equilibruim
2.43892840198	10.1677345282	4.92405198277	5.5420503898	-2.758891168	-1.35399936015	0.592696039258	-0.220522037885	231845.21672	47158.95382	False	
0.627661931819	-0.792771552794	8.49801987161	4.50732340814	-2.1252384161	2.58398615483	-0.369346246029	0.843754184874	108086.519967	47158.95382	True	
0.516472164167	1.2048042077	-1.49365030224	6.47600966362	-2.51433003039	-1.3431105722	0.549829162613	3.31100670569	171146.208561	44801.006129	True	
0.713852944942	0.381226953568	9.59165869512	3.30807771683	-2.41133924641	2.60468083227	-0.856034125941	1.07140580164	115565.981956	42560.9558226	True	
1.69892484933	4.98504085154	5.615348999	6.32261676994	-1.75502854014	-0.827919896524	0.387588912262	-0.334003066253	170271.79436	40432.9080314	True	
1.69349244735	3.64762300722	3.31079392849	4.61152112011	-2.54559659691	-0.653691522227	-1.40664776158	2.26310152007	146766.041914	38411.2626299	True	
1.5148381569	3.78469346114	7.36274824854	5.12262832702	-2.39236578569	-0.880905680332	-0.289955199212	1.63452480178	60464.6074569	36490.6994984	True	
0.572863178398	-6.86980680204	12.4510780038	4.10333901132	-1.02630782166	-0.779200397055	2.74614264343	2.48895477203	107155.83401	34666.1645234	True	
0.489591966609	0.452354529248	-1.21717889914	5.95092096456	-1.412718446	-0.34277628607	1.06636854215	3.58766291582	95991.5267938	32932.8562973	False	
0.964443365218	3.32937701476	11.3280474419	5.5960492711	-2.70503405088	-1.12899656477	-0.169158022013	1.32150875696	67253.2052138	32932.8562973	False	
2.22181628809	6.74935185945	1.86752073551	5.41832433914	-2.16180796352	-1.62156709584	-0.677402894523	1.21547843358	229463.128021	32932.8562973	True	
1.79702825438	4.74649928156	9.72874696121	6.73960402128	-2.95648240569	-0.603331801189	0.532662015961	3.47674045716	121709.910176	31286.2134824	True	
0.453887713775	1.36595965325	1.43536730372	5.25886770088	-2.01945982307	0.162081928519	0.0166574303413	0.378282744083	110777.137542	29721.9028083	True	
0.216674708244	1.57480607692	-3.88955591132	5.385646592	-2.14601109081	-1.12261622379	0.0309214329958	2.92833766245	73001.9567902	28235.8076679	True	
0.462667060807	3.5020102105	1.85372393966	4.95623856462	-2.38164884792	-0.707935545398	-0.570518093731	-0.637297862874	124725.042745	26824.0172845	True	
2.58707126437	5.09569018057	11.3070384081	5.59639469174	-2.59906707729	-0.935978273282	-0.12309886074	-0.419712445407	98118.295423	25482.8164203	False	
0.790663466006	2.72573607131	-2.46027485798	6.28916382011	-2.69728258233	-0.774482290864	0.921427028173	3.34863672134	80272.9937931	25482.8164203	True	
0.175897575564	-0.596525705102	8.0064387193	4.16911876675	-1.19510390914	0.0903342452791	-0.374983997135	0.244303226363	86081.0957915	24208.6755992	True	
1.0957434618	1.85156140727	1.20246429187	3.93859087616	-2.05740433246	-0.969157646051	-1.08042748757	-0.18880758556	128432.185571	22998.2418193	True	
0.708268295802	0.818836252848	4.5744815809	5.48199310554	-2.51476684846	-0.50839388802	0.0359562331703	0.406951252264	61877.5685749	21848.3297283	False	
0.143073921849	-1.06433323688	5.38405963773	3.95189715499	-2.05368293922	-0.891265796931	1.50025255161	0.482310142764	187554.940987	21848.3297283	False	
1.04343208051	4.81229114532	12.7962920319	5.97029033704	-2.68179358996	-0.438782330881	-0.777748005881	1.72225066699	68956.035937	21848.3297283	True	
0.364652848669	5.28894050186	5.77076694471	6.9348261474	-2.62243045299	-0.848901151256	-0.100086027802	3.74451965404	84851.975259	20755.9132419	True	
0.680885482335	-4.08442137543	13.1437783108	4.5181627433	-2.18282116294	-1.16193553565	1.60467255428	0.908605408479	83361.145661	19718.1175798	True	
1.1000493453	2.50051349652	5.38878946753	6.70528637338	-1.44299266175	-0.00740361111264	0.918892750705	-0.778704248957	87705.209438	18732.2117008	True	
1.28901764591	1.30583962055	9.74482937955	4.89618535054	-1.17680122728	-0.559385665979	-0.155763705245	3.60863732099	63527.9575382	17795.6011158	True	
0.569503921684	0.70240426599	4.48857524992	5.74644638972	-1.89659628498	-0.838816061566	0.956171264356	0.610749143438	44830.8726551	16905.82106	False	
1.72363813179	3.13745382881	12.8026723648	5.14493541858	-2.7998799576	-0.920961761114	-0.0171835446535	1.57135677701	74115.1892498	16905.82106	True	
0.179742306011	1.66183639441	1.59616164951	5.70931175291	-2.61592422313	-0.650417841932	-0.0875547362874	1.08478583967	53372.4522375	16060.530007	True	
0.201226761713	-2.67551374943	8.71016008069	5.71648138539	-2.66878875367	-0.934715798383	2.46386067141	-0.398340607648	107630.192072	15257.5035066	True	
0.836258155614	3.02394732691	9.0601460013	5.92729607219	-2.59182852052	-0.901856786155	0.139121337307	3.61697317039	35143.5642295	14494.6283313	True	
0.828763176784	0.765806885807	11.053152683	4.810247932	-2.5936719294	-0.556977743074	-0.283734443659	3.98907362141	39107.1060727	13769.8969147	True	
0.964692927048	1.70584038412	2.34797174916	5.95533287655	-1.96553477959	-0.599766146661	0.577175772714	3.64727500217	55241.932163	13081.402069	True	
0.185353148218	0.512309591462	5.76844374757	5.43600963711	-1.16041627693	-0.899677173503	0.616035628758	3.02421136945	33098.3434739	12427.3319656	True	
1.22111082698	1.38696744475	5.34125724843	5.8090927685	-1.87922908316	-0.642424283007	0.949195702628	2.44431708256	72012.3668966	11805.9653673	False	
0.82614849433	2.56479903974	9.52540617348	6.63290503974	-2.72615364774	-0.707941256758	0.885228476567	1.33464910354	50597.5163525	11805.9653673	False	
0.195842009168	1.77517966265	5.8741843252	5.63447223337	-2.46863644591	-0.591098525287	0.12509578589	1.85641209311	29644.729828	11805.9653673	True	
0.361633249914	1.05379376861	5.57919493319	5.63230335892	-2.6468977613	-0.658495362373	0.362874995476	0.239916125936	32742.3204979	11215.6670989	True	
0.389393540301	0.701847411765	3.37491006644	5.69218225116	-1.47198374153	-0.848028087225	0.478920444117	0.00426211965392	65351.9163874	10654.883744	True	
0.784105854966	2.00291306758	9.91524349344	6.08417212729	-1.16235754458	-0.57813337054	0.424506475679	-0.177357035004	93838.8338584	10122.1395568	True	
0.772976568462	1.11315471183	5.52131103112	6.03818291156	-1.69235285956	-0.663683302258	0.485196954232	0.0520428160702	39034.9811847	9616.03257893	False	
1.24728532185	3.00734330096	12.2552933636	5.91414690748	-2.46902109564	-0.77315336771	0.357716385077	0.499583676903	48219.9928809	9616.03257893	True	
1.53529989865	1.22512953837	13.1235138726	5.72487135876	-2.45027052766	-0.863755127446	0.0879918714289	1.93503671098	46632.4545732	9135.23094998	True	
0.56541892829	1.02979884517	1.39935160461	5.64350365107	-2.46527539393	-0.985382859969	0.221455974459	1.50702164114	63941.6140534	8678.46940248	True	
0.687203104804	1.55296994843	1.95213780996	6.21986606595	-1.41430261737	-0.585523141339	0.890792177195	3.44627153765	53181.4342915	8244.54593236	True	
0.461444340753	1.31817475728	2.47857972227	5.49962731829	-1.45662846324	-0.692763092726	0.0847141821442	1.77278337746	32197.6178835	7832.31863574	True	
0.565831555611	1.51829016831	6.24225870645	5.45540800472	-2.28319854032	-0.820413582644	0.158927364377	3.43630097887	19862.3549754	7440.70270395	False	
0.720186340113	0.491987925039	11.9515794747	5.85740414412	-2.34899972084	-0.681258598161	0.845351819919	3.54196370368	32750.5353514	7440.70270395	True	
0.845688148473	1.50537605743	6.39148770962	5.25289323761	-2.05328230931	-0.902193545625	0.0023455665975	3.90791334242	25448.2124168	7068.66756876	True	
0.834832454677	1.91626641997	8.58891645947	5.09613673162	-2.43316141618	-1.04878983188	-0.112177690984	3.506783582	32573.7167019	6715.23419032	True	
0.616634724191	1.49768103109	3.96760437877	4.55329591409	-2.20677975322	-0.694152735449	-0.517528998515	1.2883681387	31583.5346693	6379.4724808	False	
0.905565561054	2.05892521174	5.51746199347	5.89639383818	-2.41202679471	-0.704701912727	0.421000629256	2.97120834221	24970.6754809	6379.4724808	True	
1.14839795989	1.64880431996	10.709822614	5.31890948497	-2.12236749387	-0.645785567523	-0.0143560339065	2.57921625631	33803.6149017	6060.49885676	True	
0.866264438678	0.767429561376	7.0267263287	6.72645508455	-2.24428563351	-0.883709215343	1.30591619515	3.83888224384	67397.6881251	5757.47391392	True	
0.435081917321	1.0568767799	6.34236639964	4.35435587431	-2.44286758302	-1.15464375686	-0.542109926227	3.26599853134	54596.1567261	5469.60021823	True	
0.561475354034	1.58996914545	5.01112548293	5.46464261928	-2.5226024472	-0.705729160384	0.225411124057	3.09914348643	22697.6549386	5196.12020732	True	
0.0320335073945	0.81582833846	5.67889039305	5.28813667483	-2.46427420812	-0.785342049898	0.131491530844	1.67662155469	23748.4097259	4936.31419695	False	
0.778584922578	1.37597465151	5.63818368052	5.45230970549	-1.64918958922	-0.735260090789	0.323236841201	1.69280503658	25844.8980681	4936.31419695	True	
0.373819841864	-0.247616296321	5.66595235944	4.61272737954	-1.54751469502	-0.88080753898	0.254426419822	-0.438587135173	54253.0516541	4689.4984871	False	
0.543684633205	0.872680066091	5.54678254408	5.71455889078	-1.63497912095	-0.715706711681	0.416568837499	0.826261687932	26656.225195	4689.4984871	False	
1.08881266955	1.34114630134	8.15607200972	5.60265707044	-1.7519970738	-0.621732359997	-0.016481616591	1.44185650963	44310.86576	4689.4984871	True	
0.291670045271	0.462089541658	6.51348911895	4.74393937219	-2.33080539886	-0.751634320033	0.0731181110917	0.205239895204	29460.1339705	4455.02356275	True	
0.519317252995	1.8836541103	3.34248063235	5.16646529363	-2.22660491781	-0.791452490156	-0.269981641993	0.823983491563	28589.3370508	4232.27238461	False	
0.558734821653	0.40772494383	10.5611568875	5.821349543	-2.48107384431	-0.559853097939	0.840326960217	0.321513068828	35814.5988836	4232.27238461	True	
0.700163836122	2.69073310183	9.24618464785	5.97344799137	-2.52452187211	-0.689493036164	-0.0963950103679	-0.439521420882	32155.3971083	4020.65876538	True	
0.0872442291852	1.79255376015	6.40679437477	5.63057244271	-2.7107352518	-0.635625260444	-0.102988550855	-0.167353115044	40107.5797912	3819.62582711	True	
0.688789202242	2.31399942253	14.0876984489	5.18688737804	-2.62356647425	-0.950511691041	-0.103689187089	1.37441536469	39862.8593288	3628.64453576	True	
0.8313441529	1.68309130725	5.92710666584	5.63986060952	-2.18927113114	-0.900190117932	0.84003965202	-0.220069882974	43816.5900275	3447.21230897	True	
0.824747921805	1.98933276621	5.16003832151	5.34596050772	-2.39098926004	-0.6686599494	-0.307337355479	1.76105280048	23576.0850082	3274.85169352	True	
0.173925231653	2.19175717508	5.7941296862	5.57112682305	-2.52848343553	-0.696027898387	-0.0414930471485	3.81512619195	28575.372781	3111.10910884	True	
1.05896267233	2.16275618877	8.47457006372	5.60256129527	-2.54560665421	-0.771507404424	0.055082260009	3.76039131833	21852.9977941	2955.5536534	True	
0.590044802703	0.885190079825	5.74476832668	5.42878604297	-2.05585945006	-0.870950025525	0.428649273484	1.72193323882	21134.6661214	2807.77597073	True	
0.63363462442	1.40576521319	8.00199661778	5.66152590969	-2.39205759491	-0.757309746716	0.217024150587	1.95992783037	19725.0751082	2667.38717219	True	
0.55718087646	1.63141569587	10.372168184	5.82307341906	-2.5319723289	-0.69519943604	0.0589831210675	2.27459203538	26279.5351746	2534.01781358	True	
1.16634991043	1.998974801	6.46984876291	5.64331855362	-2.39086899285	-0.675582388709	0.080525146244	0.851723559489	25276.1087119	2407.31692291	False	
0.784170307976	1.20665838445	6.32580307848	5.61054601348	-2.25800958706	-0.755151250606	0.456735766062	1.22698398254	20817.005472	2407.31692291	True	
0.399872872149	1.39610788137	9.20270883527	5.15302766043	-2.42293412971	-0.84142659157	-0.185500180279	1.74549920463	26197.7938026	2286.95107676	False	
0.56843438121	0.826373914444	7.15829930148	5.47572176275	-2.16696058651	-0.663463097729	0.343939705358	3.34857616988	26625.8076531	2286.95107676	True	
0.803476097899	0.928997041981	11.3461246394	5.43113690957	-2.23141567983	-0.862469296795	0.245070201108	1.70963271185	26565.0581657	2172.60352292	True	
0.932294382809	1.90591521859	9.21019212132	5.21273141589	-2.47176233843	-0.620206771221	-0.347757587015	-0.38946503986	27062.8016811	2063.97334678	True	
0.639132899575	0.842023828384	6.84029438435	5.36160114822	-2.35070594311	-0.757016048868	0.32987772207	-0.271042407269	23135.1831613	1960.77467944	True	
0.673869650357	0.892935453292	11.5177109611	5.58392991527	-2.49878573696	-0.882440915671	0.227173234971	0.495264771833	25901.0090316	1862.73594547	True	
0.736109727208	1.45967613199	10.1534814544	5.49272134853	-2.3891457463	-0.824386892212	0.218080955121	1.68067053714	20215.1990164	1769.59914819	False	
0.656647384668	1.37857367309	5.47403903109	5.37683940937	-2.31688067128	-0.644000807227	0.11049320642	2.94988479861	20117.7878682	1769.59914819	True	
0.384675907886	1.11842080055	5.55134411645	5.22220767256	-2.32269719759	-0.798287786948	0.0735435436842	2.80463824961	17858.5592763	1681.11919078	True	
0.0571847622274	0.626080278122	7.88263865046	5.29634007236	-2.5865404806	-0.889121444198	0.315426231309	2.76606607242	27093.4501317	1597.06323124	True	
0.776990179925	1.68620390357	4.85963360497	5.27847328268	-2.25550964974	-0.712975448109	-0.0190219286042	3.19078872727	18920.705853	1517.21006968	False	
0.198731525741	0.546114724232	5.15035143453	5.22086341015	-2.22815940516	-0.73402219132	0.225742676508	2.50001523743	21935.7922164	1517.21006968	True	
0.402887283033	1.25941936593	5.28364638058	5.40162166264	-2.31418522254	-0.803095499874	0.138075373187	2.61664634322	16957.3596624	1441.3495662	True	
0.283826743916	0.676470898411	5.46043761881	5.44903421869	-2.27323304277	-0.800377634292	0.42412673196	3.36972296226	19551.5429715	1369.28208789	False	
0.694491920871	1.34330292016	5.1569467054	5.33298922869	-2.3032077233	-0.768954625843	0.138465304674	3.52752259506	17343.7773269	1369.28208789	True	
0.539913747044	1.23963864006	5.44589225927	5.2738768532	-2.12245564243	-0.720368659325	0.140883252017	2.94388586362	19665.4056416	1300.81798349	True	
0.750207694087	1.27653459496	5.60230093252	5.37749119079	-2.17538602486	-0.775778512008	0.0724663669346	2.828964916	17667.5844701	1235.77708432	False	
1.06631358183	1.70581987371	7.46422196379	5.10011016196	-2.24819072696	-0.893822545144	-0.268313695261	3.27262324629	25853.8080307	1235.77708432	True	
0.747234088096	1.64560140463	5.52353291909	5.5733359068	-2.26142641349	-0.729590580965	0.203224377236	3.53368491763	17867.376139	1173.9882301	True	
0.302951335806	1.2990910618	4.88105763826	5.25845130192	-2.30040431664	-0.752737146979	0.118772499488	3.66655840145	19909.8529896	1115.2888186	True	
0.386268282736	1.04818062807	7.32730839709	5.68690881915	-2.45458550469	-0.800042952869	0.470153049555	2.91213817014	20828.8285217	1059.52437767	True	
0.727705477744	1.91804936055	6.4013112236	5.24419821498	-2.45820467762	-0.822174834095	-0.139738309768	2.48187211443	20886.3360987	1006.54815878	True	
0.95544457074	1.85920754654	10.1851219182	5.82720238065	-2.43892837255	-0.783991106149	0.275066289287	2.60563944711	20016.8414144	956.220750845	True	
1.04993742619	1.43941390487	10.1012268799	5.43685184165	-2.53259953641	-0.77049695284	0.264591040567	2.36253057298	21450.2835991	946.658543336	True	
0.988414508189	1.78226776442	8.44660059201	5.20868584665	-2.38180025614	-0.841176195818	-0.184072823529	2.88375399401	19955.2186916	937.191957903	True	
0.918178320839	1.61854933124	8.23401142636	5.33300922559	-2.44549773253	-0.823066693048	0.105415551961	3.29860052421	19740.8829347	927.820038324	True	
1.02129385295	1.10103466947	10.7092613548	5.52928035503	-2.34367820189	-0.712563505546	0.280870905105	3.74624832741	21733.3658806	918.541837941	False	
0.943976194213	1.67037570643	9.52558412214	5.51489932578	-2.41198887626	-0.750810396386	0.0582718076443	3.24032765601	17574.7483307	918.541837941	True	
0.753042419952	1.50025548706	7.26207653413	5.3742091675	-2.43319497722	-0.789203452975	0.0399746578358	3.6272259203	18256.6210937	909.356419561	True	
0.984924765162	1.69464347033	7.70904360811	5.04431151318	-2.46454393308	-0.775473580745	-0.342700357015	2.92141979084	23217.2259939	900.262855366	True	
0.893034179691	1.97356232212	8.33080255928	5.65314440708	-2.4164368122	-0.812611053692	0.0378874951886	1.92860873801	21029.9349821	891.260226812	True	
1.13417702754	1.83042477318	9.74777445986	5.6615349715	-2.52462016074	-0.716982016575	0.155031518137	1.71086872061	20653.3796076	882.347624544	True	
0.677087241219	1.58121137931	5.27230859493	5.64829842175	-2.36411988406	-0.717553287108	0.228995330672	2.05367802991	17639.9697537	873.524148299	True	
0.545960900081	0.931354962408	5.5147015228	5.38944268117	-2.04480404018	-0.771432074217	0.225842191637	1.39698957928	18670.1113425	864.788906816	True	
0.583524044576	0.771907766787	7.59479081694	5.13869118112	-2.31827606282	-0.829093564282	0.187098668199	2.00814716985	22561.5463967	856.141017747	True	
0.550652001359	1.17632142287	4.9847921228	5.46309942174	-2.20019964149	-0.874528293207	0.237937751853	1.54851593892	18280.8884811	847.57960757	True	
0.33125188679	0.976296438791	5.21854302262	5.30468580212	-2.26793776819	-0.891054018477	0.22813562797	1.74208788066	18897.1575586	839.103811494	True	
0.518805500438	1.55263103551	4.97741785381	5.52042175595	-2.44751026697	-0.795050399177	0.180061741507	1.81099568967	17855.8339586	830.712773379	True	
0.519703560204	1.35437566684	4.83096772373	5.23025868753	-2.2712249453	-0.833355726689	-0.0588381707159	2.69640214951	17661.9406234	822.405645646	False	
0.513384061249	1.0824530157	5.04306666983	5.25734761185	-2.31056056263	-0.769744919478	0.101007777745	2.15025804799	17559.8069386	822.405645646	True	
0.663681423824	1.42518534679	5.29111044876	5.58961642566	-2.07691411892	-0.758691095144	0.259353721502	1.92077976217	17549.0474156	814.181589189	True	
0.412337714873	1.11916480891	4.93313301507	5.23604596185	-2.16107995537	-0.751338615695	0.00109457089016	1.90768897636	18496.5545519	806.039773297	True	
0.436307563604	1.09035158072	5.73019725652	5.45099037714	-2.30048686298	-0.751397484668	0.157910277358	2.39226131523	17577.5287383	797.979375564	False	
0.666766861461	1.22391781636	5.8603651205	5.35272809624	-2.36837567101	-0.923697555268	0.303609542707	2.74772399317	21673.2065389	797.979375564	True	
0.634158527085	1.17802882131	6.43011494949	5.55389154459	-2.34675488294	-0.822987024309	0.231663904249	1.73478628476	18203.8351058	789.999581809	True	
0.743574329311	1.36890002846	6.86773601683	5.2131080007	-2.42792710754	-0.767817288059	-0.0671767102754	3.57811737299	19175.0255718	782.09958599	True	
0.672695799184	1.50880899971	8.54980249083	5.58424772777	-2.46731672572	-0.78653905405	0.185591256481	3.86205521422	18339.6360458	774.278590131	True	
0.654437674589	1.01289373582	9.16059921251	5.38910532863	-2.42836125933	-0.847545865621	0.339037181021	2.89636091766	20532.7194652	766.535804229	True	
0.70449290647	1.76853416081	5.95640266875	5.48649389902	-2.49156139017	-0.721804471538	0.050211079988	2.38401973121	19310.9544999	758.870446187	True	
0.751610016691	1.79281956412	5.72892121536	5.5802178248	-2.37155253743	-0.793685928068	0.136530837162	1.77598487187	17974.7500919	751.281741725	True	
0.73332330897	1.21819627471	5.84370417766	5.70747797358	-2.19184557292	-0.803454272073	0.354048424141	2.37212622356	19003.9065103	743.768924308	True	
0.306950021303	1.25284424914	6.09220873712	5.47027677634	-2.38455466962	-0.845416464022	0.211750696202	2.02368654692	19924.1708368	736.331235065	True	
0.491617218012	1.03293943356	6.56427061946	5.52113184673	-2.40674988348	-0.747857391955	0.318206438131	3.42622021091	18652.0676262	728.967922714	True	
0.627881341459	1.30005119725	5.76833988718	5.51418194377	-2.36720315184	-0.817871367092	0.203397015049	3.81365989756	17055.3878249	721.678243487	True	
0.555385669806	1.06127206078	5.23478229878	5.56167942463	-2.02384698665	-0.806238643001	0.367222263157	3.82829722244	18810.8586203	714.461461052	True	
0.474629767262	1.58373055224	5.16334729517	5.47929701114	-2.39026568681	-0.767740309017	0.102090131317	3.88116265451	17422.7039011	707.316846442	True	
0.415755760219	1.06769741146	5.58502473915	5.51390698475	-2.31461756324	-0.831927764762	0.408397772923	3.03576384505	18120.3338082	700.243677977	True	
0.898547683073	1.9138549125	5.06173396906	5.35463309275	-2.35933011655	-0.807669764347	-0.0938986745936	3.14603400077	19551.0601997	693.241241197	True	
0.613477427929	1.33101111687	5.18881278198	5.19433252175	-2.30717953969	-0.785806121771	0.0886396302351	2.96260147879	17659.24153	686.308828785	True	
0.568299602295	1.13219677287	5.91613614194	5.50294265379	-2.21701676663	-0.864651869995	0.35422188568	1.82541108449	18312.1114199	679.445740498	True	
0.581116095002	1.68832213869	4.82682983617	5.60228502349	-2.34806802726	-0.814526325014	0.113488258579	2.37080512248	17894.7619764	672.651283093	True	
0.743373164349	1.6985715221	4.95487605087	5.49621824153	-2.2430641389	-0.809992379214	0.181997776118	2.51748170296	17778.661057	665.924770262	True	
0.697530906759	1.59185356161	5.02905319266	5.44506554261	-2.18042639759	-0.763173113742	0.163158578511	2.74841409557	17555.884756	659.265522559	False	
0.492141055711	1.1233707021	6.07872082842	5.42949433634	-2.38208648768	-0.830720115404	0.259040153636	2.39568019476	17512.7892541	659.265522559	True	
0.83262162918	1.81837186164	5.78902581632	5.57368326599	-2.38031786613	-0.753292778279	0.177944879664	3.30476309748	19017.06106	652.672867333	True	
0.682499531808	1.44063228256	5.65369219794	5.3456671061	-2.26660618071	-0.871191896084	0.0126285569105	3.42597182133	18169.6983811	646.14613866	True	
0.595787624284	1.42709599216	6.32483703608	5.57681098378	-2.42320767957	-0.727820900461	0.23715381207	3.04329207377	18144.3399339	639.684677274	True	
0.720386410125	1.39812070233	5.82599924399	5.51762329093	-2.23511399711	-0.823792721632	0.154917271138	3.14819004206	17244.7118423	633.287830501	True	
0.571449130393	1.19585576029	6.6202449331	5.32827555035	-2.46188772865	-0.824014380462	0.127468284299	3.18336807451	18517.964876	626.954952196	True	
0.583704949543	1.05013383366	6.42387697783	5.25689144752	-2.29192384852	-0.81075284694	0.104813638777	3.78273436845	18355.3454256	620.685402674	True	
0.583278764169	1.5237823385	4.72447088456	5.35601078704	-2.26402901487	-0.701879597783	0.0217010289091	3.01409596418	17917.0498392	614.478548647	True	
0.594946217065	1.36405922565	4.7309061506	5.66297986848	-2.22799449907	-0.727249852551	0.319427762095	2.44864009453	18732.3614923	608.333763161	True	
0.433795150837	0.998207583821	5.91366545499	5.64730163665	-2.24733799105	-0.77111994003	0.427907032663	3.53093795438	18060.8779714	602.250425529	True	
0.673615600112	1.60915026416	5.56470517647	5.53816106128	-2.31163642588	-0.765316177068	0.0186966945499	3.7016355444	17862.483315	596.227921274	True	
0.692823797956	1.3746757829	6.32873390514	5.58650293367	-2.28432841535	-0.844556648554	0.254387517449	2.74467320074	18439.8006329	590.265642061	True	
0.673079526829	1.41673125445	5.64789236128	5.52453176974	-2.31005678657	-0.788279016963	0.258908288846	1.90969973894	16638.7205498	584.36298564	True	
0.642267666742	1.42188992797	4.81618249876	5.59737565613	-2.03567262158	-0.727316198572	0.363189279645	2.19662223999	20369.525371	578.519355784	True	
0.826005785282	1.4644842605	5.65994587553	5.44893083464	-2.23599303799	-0.758447398366	0.0340238648263	2.16994027252	18016.0760341	572.734162226	True	
0.718701038259	1.39384848157	5.0467661591	5.48290100891	-2.25503400654	-0.800609824057	0.165334723246	1.75445483241	17235.8216252	567.006820604	True	
0.582580602837	1.49293954253	5.03636672491	5.52704677724	-2.39374528572	-0.84585762411	0.265469968704	2.03446805932	18155.326859	561.336752398	True	
0.568890964406	1.65209649143	5.21352917496	5.8009079024	-2.35235289754	-0.784574001512	0.303993275518	1.81804247248	18413.4599149	555.723384874	True	
0.716106744461	1.35791612371	6.14804066859	5.53910965733	-2.36506879028	-0.7841803007	0.226967017247	2.72385311962	17385.0457337	550.166151025	True	
0.613481809197	1.22010926795	5.31546501791	5.40447128711	-2.18491482246	-0.755828769182	0.16076903476	2.57736136408	16611.1840893	544.664489515	True	
0.512315096777	1.33316510181	4.68334142734	5.33911944531	-2.03114878526	-0.865152263081	0.111303287688	2.43677098051	18942.2900716	539.21784462	True	
0.504850383643	1.01422785871	5.46356559346	5.22757565711	-2.2762738043	-0.824587013773	0.0802710975567	2.74458940375	17416.9984644	533.825666174	True	
0.49373210886	1.48625326822	4.7330478956	5.39289913553	-2.43746062796	-0.866376428173	0.0808018514748	1.7989653291	19094.2079147	528.487409512	False	
0.452616308883	1.44713503162	5.20577009022	5.57950765362	-2.34476878596	-0.753835571743	0.294743487352	1.91991724827	17629.0563572	528.487409512	True	
0.590161723909	1.25960768381	5.40550344535	5.300173571	-2.18108572472	-0.718327491848	0.0870133275891	2.57932279071	17812.5826548	523.202535417	True	
0.842731360051	1.8979672666	5.15249422642	5.63111631678	-2.28436480294	-0.748407338911	0.180825162142	2.67248282319	19046.6181248	517.970510063	True	
0.406680714579	1.35766895237	4.09146745485	5.35582770277	-2.19893803406	-0.88483313292	0.0748092344755	3.23762038125	20273.0918476	512.790804962	True	
0.569037967461	1.13230437008	5.54052394206	5.47090798139	-2.23774422492	-0.800393058989	0.26169887578	2.84821433299	16492.504258	507.662896912	True	
0.91477804444	1.65023956852	6.54204601992	5.41597228089	-2.30844473253	-0.730530861276	-0.00137228203524	2.49667651061	19822.1177449	502.586267943	True	
0.462615530339	1.15557573813	5.27247418509	5.57932925715	-2.2795877647	-0.876167867897	0.377293938192	3.29920037782	18591.8678849	497.560405264	True	
0.594180631753	1.43426833802	4.82875695872	5.62951788059	-2.25082394305	-0.830793630165	0.303254966687	3.2417969299	17904.6011994	492.584801211	True	
0.738182895459	1.5487866857	5.30329893372	5.29570025429	-2.25302191527	-0.796054822895	-0.0718351284837	3.81627493638	17414.8450209	487.658953199	True	
0.611746921976	1.31101636059	5.62872169888	5.38682927032	-2.33434839069	-0.861100084498	0.171768478748	3.02865145214	17169.5579705	482.782363667	True	
0.565013715485	1.25823396442	5.82315741605	5.27043243032	-2.39829080501	-0.79364157669	0.0768535468776	3.32621150968	17293.4202759	477.95454003	True	
0.748075635292	1.49711962358	5.54836497064	5.49418594164	-2.22047888607	-0.732102698965	0.126859275875	3.19132620046	17151.0428402	473.17499463	True	
0.543790076932	1.19774566441	5.69527517324	5.37448343127	-2.34980458438	-0.750552781729	0.147362345852	2.94076769088	16903.9855558	468.443244684	True	
0.37250077154	1.04760659798	5.64714050541	5.30864446341	-2.32947624283	-0.81915482416	0.0600736013152	3.32293128567	18515.1988168	463.758812237	True	
0.554779310026	1.17923763239	5.95356425542	5.49942228542	-2.29859966828	-0.841232703019	0.296997641956	3.17871133772	17282.1647677	459.121224114	True	
0.517045137413	1.21083859707	4.9164980376	5.3773082589	-2.33489310125	-0.839834231069	0.144880650195	2.65595706318	17451.7730962	454.530011873	True	
0.43076860465	1.38088176987	4.98785392473	5.50578031853	-2.39021482218	-0.789464298539	0.16912798857	2.14523470275	17179.3590194	449.984711755	False	
0.688042698083	1.55550330078	5.34542711565	5.75720707958	-2.29676756458	-0.723686800416	0.375704188187	3.04333335462	18500.7381398	449.984711755	True	
0.585084754344	1.22104022504	5.61066346763	5.36890853906	-2.31247855766	-0.794123773251	0.250283088011	3.48967742223	17183.0027916	445.484864637	True	
0.687338214256	1.38995086972	5.41267059976	5.39711803034	-2.17835360754	-0.825022426435	0.105669237207	3.98053809615	16707.1067367	441.030015991	True	
0.552035394224	1.30030976251	6.00135723523	5.80610330713	-2.34468595572	-0.721870741472	0.46208945928	3.86526658918	19002.0545041	436.619715831	True	
0.60906090007	1.33208579287	5.36451852365	5.40100754845	-2.35103824112	-0.847460039704	0.189078309004	3.99121774891	17069.066598	432.253518672	True	
0.539510985412	1.33600965644	4.58981943086	5.3467985411	-2.26736865672	-0.801133784783	0.0154209391032	3.83763960455	17545.1306442	427.930983486	True	
0.47195156542	1.23199467558	5.71988983889	5.43308989578	-2.28970194387	-0.804413560462	0.163846810812	3.71423849455	16884.6565124	423.651673651	True	
0.509026490644	1.58982691538	4.87695364766	5.39811828744	-2.27343819513	-0.76930695683	0.0892855624278	2.9688828498	17745.2755577	419.415156914	True	
0.498580334112	1.42361134717	5.46061273955	5.68028999943	-2.3705724794	-0.818971971624	0.222538516658	2.90078274507	18250.1080077	415.221005345	True	
0.613488018567	1.48100369966	5.47472348345	5.62287801915	-2.27837298714	-0.830150082785	0.253447358411	2.47327987402	17088.4311071	411.068795292	True	
0.682951390141	1.49701467795	5.15981710227	5.41872702955	-2.35336160411	-0.761155777016	0.115077103094	1.84508943336	16756.3036854	406.958107339	True	
0.537863452792	1.16174092344	5.4062235932	5.33972447195	-2.22078744675	-0.768083364225	0.141688281964	1.09343627283	16666.2609279	402.888526265	True	
0.633001497699	1.43899035267	5.16345767229	5.44538417746	-2.20254505968	-0.713811937776	0.0680857558931	1.80529230788	17221.5861119	398.859641003	True	
0.333462896669	1.08479910956	5.17240470234	5.29222620699	-2.29443041514	-0.764470132141	0.0714309688797	1.65369828845	18088.3313164	394.871044593	True	
0.36460869772	1.25231075649	5.16949362469	5.28790554634	-2.32781878525	-0.79352272451	0.106966899774	1.51962755466	17678.4978582	390.922334147	True	
0.535923005281	1.2370398428	5.53036425946	5.33891791156	-2.27623453854	-0.827630562855	0.131303360409	1.58157637002	16487.3651773	387.013110805	True	
0.513773963734	1.51805643787	5.23441896469	5.5364693846	-2.34529691002	-0.766005391783	0.0988780707714	1.97750858888	17072.497854	383.142979697	True	
0.57602012634	1.36176198583	5.43245796814	5.37894376589	-2.27331760367	-0.845078249496	0.0842208858429	2.45286853217	16790.7644773	379.3115499	True	
0.556371196011	1.20048320093	5.19783107117	5.40280681742	-2.25890725483	-0.802197332446	0.204780316695	2.0599212719	16243.2148422	375.518434401	True	
0.749153760837	1.3359680844	5.45587718304	5.42939911821	-2.09982285534	-0.762321553701	0.167428386328	2.81300615291	17587.6724022	371.763250057	True	
0.671387826711	1.27382532254	5.29993666121	5.23860565987	-2.24433379198	-0.78146649975	0.00496964892787	2.2347415984	17047.155145	368.045617557	False	
0.68555510165	1.33429547468	5.49735350541	5.42152885525	-2.25180981784	-0.811813431633	0.106284988382	1.58159597563	16599.0832742	368.045617557	True	
0.678581787115	1.54985851356	5.44084988378	5.54002899106	-2.22452131308	-0.802591214178	0.139246910778	1.99432759902	16839.9418573	364.365161381	True	
0.56818477445	1.41363858463	5.55090528825	5.484379215	-2.29989729949	-0.788583798765	0.151585696598	2.04011785767	16294.6641886	360.721509767	True	
0.519175163697	1.32447517763	5.50116606194	5.69626201612	-2.26817664014	-0.806605475465	0.276944983324	1.71882735406	17645.3878938	357.11429467	True	
0.57449007125	1.3320060737	4.9427595236	5.27444957598	-2.19394112038	-0.758260692839	0.00494505385948	1.78921128511	16930.367747	353.543151723	True	
0.485410588776	1.17048309702	5.06338341274	5.38278014242	-2.27041018533	-0.790092736443	0.0871530347249	2.22931511773	17020.4049309	350.007720206	True	
0.582276789834	1.18130845067	5.59122574749	5.36195108025	-2.30208503169	-0.839873961755	0.184220682472	1.76902464589	16724.6614881	346.507643004	True	
0.745082817694	1.45597035684	5.4557934138	5.37092238522	-2.23306967009	-0.767882281143	0.093045103327	2.76118562159	16774.7869129	343.042566574	True	
0.415695391912	1.1717802919	4.92254915722	5.43988440274	-2.34619447089	-0.807371912274	0.298256084756	2.44586441918	17670.8180972	339.612140908	True	
0.711112178776	1.42538427107	5.61020392846	5.38135667653	-2.22155408575	-0.825715450297	0.174631885337	2.40464217423	17299.6491054	336.216019499	True	
0.537099152431	1.37976784393	5.08720576215	5.38048832902	-2.31603010211	-0.821636073176	0.137760610964	1.98942479563	16322.0587685	332.853859304	True	
0.51125846223	1.15309426152	5.31775320186	5.3506021021	-2.20687187625	-0.760007241303	0.157914289325	1.44742774462	16622.47615	329.525320711	True	
0.576617017121	1.39888985232	5.21312149645	5.43820919592	-2.20663915092	-0.79313256647	0.122859428024	1.67257469745	16330.1786576	326.230067504	True	
0.634212194161	1.25866660606	4.89551888618	5.39101974933	-2.04168649214	-0.808919727163	0.181218164608	2.30936336918	17790.509752	322.967766829	True	
0.65510065951	1.20420952007	5.33641987088	5.23849604706	-2.1591244628	-0.850428179205	0.0424668024491	2.46379405942	17655.85542	319.73808916	True	
0.588876036073	1.23580532731	5.37230950829	5.35248981749	-2.13862788909	-0.819396002699	0.131378078978	2.23604993507	16715.5550813	316.540708269	True	
0.427671904569	1.20189040577	5.10312759574	5.40770626456	-2.31072085544	-0.843839623669	0.149926334073	2.35220800845	17161.2971487	313.375301186	False	
0.601626420973	1.57299874041	4.95003744582	5.51099057451	-2.28950948995	-0.8116893571	0.109815869373	2.50535418218	16736.8208145	313.375301186	True	
0.637337962293	1.29443586597	5.53495191793	5.25796695336	-2.25276449568	-0.853809964068	0.0710289711905	2.17790674229	17156.6059378	310.241548174	True	
0.470012364721	1.20176818926	5.48897548198	5.44476137018	-2.24965338672	-0.750008244528	0.129317555465	2.39048121064	17120.190766	307.139132693	True	
0.662852921957	1.47960269854	5.83931941473	5.34218192074	-2.35990874135	-0.820109691541	0.0518334887144	2.85669813072	17085.0430076	304.067741366	True	
0.405498800378	1.15905835023	5.14068284264	5.57404449443	-2.17751872395	-0.808658284559	0.321395541554	3.58767854773	17577.5866248	301.027063952	True	
0.497041041206	1.17746712755	4.8422298597	5.48612684709	-2.21750292534	-0.711889401277	0.208665954507	3.31916021116	18150.8224435	298.016793312	True	
0.599718374428	1.24954410249	5.65970092854	5.5670100615	-2.32630136777	-0.802229122215	0.257937953583	3.43967612741	16788.1999455	295.036625379	True	
0.474201579261	1.5842656504	6.17638637017	5.57228739546	-2.40788762626	-0.732746677366	0.110718781074	3.48497476352	19328.1473365	292.086259126	True	
0.529029446634	1.22043698337	5.03317524514	5.41964997934	-2.26890083545	-0.795866136119	0.155757935643	3.90822081884	16442.8795941	289.165396534	True	
0.655978954117	1.32621225868	5.63731569756	5.4522519903	-2.11345126324	-0.813217308616	0.168142443864	3.73420353925	17331.1719816	286.273742569	True	
0.561761153576	1.19551915097	5.86078701954	5.36150925365	-2.3169594837	-0.771152562203	0.244454406019	3.76945966792	17627.3047175	283.411005143	True	
0.51640484114	1.26726236801	5.5091463675	5.61708475491	-2.33181893352	-0.753408274057	0.275356207662	3.53715571777	16921.5529131	280.576895092	True	
0.626995359492	1.49736274939	5.28312804265	5.54194820665	-2.2979113031	-0.780335953011	0.20394263162	3.37490766478	16289.4578747	277.771126141	True	
0.538447152634	1.21088267195	5.22369366228	5.31855908362	-2.26485199182	-0.856770921658	0.119366562573	3.5994412639	16829.0994309	274.993414879	True	
0.635172668852	1.42096770534	5.34648769804	5.39055884592	-2.26957943295	-0.822416168988	0.144430646819	3.97084093601	16357.500919	272.243480731	True	
0.578439150398	1.26345644233	5.09695401084	5.43779966704	-2.21617021273	-0.780918071331	0.206522389857	3.60102263429	16318.1720086	269.521045923	True	
0.761289710754	1.40294586861	5.45658235972	5.26818833385	-2.19519983726	-0.838408413353	0.0260464104413	3.57877281589	17577.3194196	266.825835464	True	
0.627385229514	1.43668478475	5.27486771272	5.42570766596	-2.25655611304	-0.792563829252	0.176880583666	3.40361944671	16327.3455755	264.157577109	True	
0.513256162305	1.33205462791	5.13330736305	5.64079055223	-2.35889406435	-0.786448879049	0.275725145482	3.41662790161	17422.1121838	261.516001338	True	
0.59226944986	1.21617901976	5.68940659106	5.45026068712	-2.28267150823	-0.87946851987	0.20181724353	3.22754425278	17753.0528889	258.900841325	True	
0.508852436447	1.09694379873	5.97775843869	5.35564018569	-2.29833531707	-0.799267121025	0.164899822241	3.57418855722	17023.330536	256.311832912	True	
0.635153729001	1.34027310221	5.07924818375	5.32279094393	-2.17938306931	-0.825520389895	0.0758812717072	3.88357210681	16576.8014551	253.748714583	True	
0.728664680677	1.58943281573	5.26488003517	5.50449773528	-2.30872329072	-0.810878206169	0.102556709505	3.17029969546	16810.8831947	251.211227437	True	
0.738673107453	1.40796745305	5.98263576596	5.46158177465	-2.23465869672	-0.812912970317	0.150545920486	2.89858392034	17341.6611282	248.699115162	True	
0.698865956449	1.43616734644	5.42351630035	5.40864635943	-2.26393845278	-0.812645338595	0.0990318142718	2.84315937249	16360.8249549	246.212124011	False	
0.499950931397	1.33011508693	4.94942189064	5.44229544132	-2.18184661788	-0.757269593636	0.19975386833	2.84689780527	17009.9089004	246.212124011	True	
0.561690921022	1.22851980119	5.19750659709	5.26758471101	-2.27209142806	-0.759848368382	0.144300995326	3.54800986529	17193.5274742	243.750002771	True	
0.61217223824	1.33890635326	5.19813292753	5.43770516012	-2.26367982045	-0.74470611148	0.194189530329	3.83803973107	16612.1047829	241.312502743	True	
0.468791270489	1.13314622639	5.09765374654	5.32051352233	-2.15416995971	-0.800955801061	0.15352574071	3.69403049195	16849.352308	238.899377716	True	
0.471731398896	1.26092221025	5.22714039285	5.47176656681	-2.32444702317	-0.792388909101	0.190892304755	3.92269407732	16402.346945	236.510383938	True	
0.705412306859	1.4681869116	5.51819634446	5.40882806286	-2.29484961736	-0.812415270549	0.106109303089	3.80647392163	16461.3402296	234.145280099	True	
0.581387249085	1.28084168957	5.52891822855	5.45188800898	-2.30572340297	-0.784831655353	0.23308708664	3.05392285875	16310.7014806	231.803827298	True	
0.630793419098	1.26263287477	5.53166442503	5.48917827944	-2.23969749626	-0.806914623066	0.249948560896	2.94303150299	16379.8595594	229.485789025	True	
0.590790406956	1.28198806405	5.04455487659	5.38939492533	-2.16711640269	-0.813902558714	0.209548939547	2.40870014209	16664.6956976	227.190931135	True	
0.67484050068	1.50194381078	5.60149840511	5.51515548665	-2.38149432958	-0.793661730497	0.190154833533	2.74894765547	16830.3558185	224.919021823	True	
0.489355988757	1.28770845362	4.93471369005	5.39285076202	-2.21360581141	-0.822805804498	0.185298780789	2.27597393636	16602.3078396	222.669831605	True	
0.615030720363	1.32422449095	5.30903416979	5.4377264968	-2.19519683625	-0.820379760844	0.123825100652	2.72190747037	16477.7724897	220.443133289	True	
0.529284660032	1.24350739782	5.61846574854	5.52172214795	-2.29714312098	-0.729168290623	0.259715150477	3.05101076491	17011.5001042	218.238701956	True	
0.602024316672	1.42803153325	4.9607966754	5.30812547396	-2.20711104856	-0.808410191553	0.089682405642	3.29826573155	16663.9257943	216.056314937	True	
0.536748183773	1.33338976962	5.21323360223	5.55251360111	-2.22883377829	-0.766333542161	0.217468119631	3.63774453192	16434.8835901	213.895751787	True	
0.510122423769	1.26520812487	5.26471074635	5.46643595174	-2.28221508009	-0.809883447396	0.18260144225	3.33809881283	16241.9609636	211.756794269	True	
0.6810726469	1.6162173999	5.27826431811	5.32392525662	-2.36157086476	-0.793633659675	0.0244016279534	3.34679655543	17069.2284756	209.639226327	True	
0.576352316279	1.44502179109	4.97528629843	5.49642311547	-2.31130530825	-0.756206254396	0.134867737106	3.36100031229	16480.5926582	207.542834064	True	
0.502946425741	1.28132159054	5.00525780369	5.28753796084	-2.26915030069	-0.749492482273	0.050569777528	3.05425105204	16849.931945	205.467405723	True	
0.725228569741	1.53740979083	5.63598024488	5.49420866855	-2.29008689067	-0.808716207285	0.0752822455323	2.77347762934	17031.246119	203.412731666	True	
0.685204370103	1.55642366011	5.11640957726	5.44496036768	-2.27891560196	-0.756614143765	0.10357613102	2.90712192894	16468.1881658	201.378604349	True	
0.644900270905	1.35831358844	5.16554384565	5.48582442628	-2.22724857892	-0.798451266569	0.166261609001	2.76347021124	16313.0952569	199.364818306	False	
0.434677896973	1.32345952876	5.04497063748	5.43206413792	-2.34513795319	-0.808290140258	0.175207616257	2.10283956254	16693.9148974	199.364818306	True	
0.654512607976	1.44927318711	5.27889831246	5.42422931416	-2.30759438769	-0.796963084399	0.0626184614456	2.20416709925	16378.6566749	197.371170122	True	
0.626532638816	1.33203994729	5.85629787767	5.46680116081	-2.37312875389	-0.792185582297	0.137087601692	1.96205793162	16783.0446017	195.397458421	True	
0.632527825878	1.29130097648	5.45164776335	5.38862917344	-2.19817304571	-0.77136439231	0.215100806312	1.53120658744	16836.8282706	193.443483837	True	
0.550313508256	1.37955351459	5.33572900033	5.45333394417	-2.25074379414	-0.784058221543	0.108185656072	1.84887801535	16374.4820813	191.509048999	True	
0.738024209079	1.48187383612	5.46390809274	5.43626220214	-2.24501626356	-0.788242165839	0.0788505162861	1.37707733719	16647.8505655	189.593958509	True	
0.512637306255	1.28321944278	5.55367668356	5.53312778541	-2.33427968662	-0.769665709111	0.221042408064	1.40473566907	16452.7315905	187.698018924	True	
0.618947326694	1.34105818591	5.71207155709	5.54936962956	-2.31042894653	-0.775054648852	0.279406010248	1.46649932695	16485.3360525	185.821038734	True	
0.648501389673	1.38437709169	5.50704007572	5.41677055375	-2.25288219478	-0.797638830457	0.16704979564	1.73818904866	16228.035671	183.962828347	True	
0.571103149397	1.31537171285	5.36981146373	5.42683668891	-2.28639368122	-0.822922136355	0.171196063692	1.84743835894	16133.0221332	182.123200064	True	
0.587109073734	1.25134210778	5.40677207102	5.45074201346	-2.2291055604	-0.776825910471	0.252356216418	1.40250262539	16374.4789175	180.301968063	True	
0.637676488716	1.35034203256	5.48430456585	5.37494445257	-2.26781833984	-0.832535187917	0.107729801148	1.73383542475	16429.4161391	178.498948382	True	
0.628611091062	1.39932423401	5.12014730676	5.45544561368	-2.30541397507	-0.826301364413	0.18494519086	1.78603837284	16519.0727692	176.713958898	True	
0.449503138439	1.23017674148	4.88684544681	5.48430032251	-2.27764160998	-0.774934787686	0.241856256851	1.86777717152	16722.036547	174.946819309	True	
0.507727827144	1.26585095338	5.78252504852	5.64972734295	-2.31367893854	-0.802614819774	0.367554722043	1.30361884261	17221.1702222	173.197351116	False	
0.563840518991	1.38544132649	5.23949465099	5.47722249485	-2.22871221455	-0.792340239253	0.174275135466	1.72638045011	16168.2818182	173.197351116	True	
0.638571489401	1.40971760052	5.38547118484	5.37377089261	-2.24768285848	-0.804244634314	0.0803135632005	1.37240021812	16340.3896943	171.465377605	True	
0.614172361681	1.28666892265	5.14360462976	5.34163924583	-2.20878914063	-0.784238510148	0.083635665955	1.50870412447	16371.2930679	169.750723829	True	
0.597722268642	1.19542334514	5.23928130669	5.39820647639	-2.24278112459	-0.772543318716	0.188234757345	1.21418558946	16640.6176863	168.053216591	True	
0.541223565111	1.21746150342	5.44379911756	5.32009366118	-2.24287939242	-0.791837064337	0.118520872555	1.33398320581	16409.869525	166.372684425	True	
0.735612441322	1.45118135517	5.23210539609	5.36227092123	-2.21000391597	-0.787748769439	0.134546571531	1.60816723174	16862.1926489	164.708957581	True	
0.516891443358	1.21925732729	5.76102697891	5.47625304317	-2.24796399633	-0.802166882602	0.247779537814	1.41775441382	16734.6618594	163.061868005	True	
0.6024627262	1.28433269631	5.76887932165	5.43864919054	-2.31669874939	-0.794440385428	0.147720730866	1.3018020217	16412.0232663	161.431249325	True	
0.587057851815	1.28904514161	5.29994920244	5.44493532085	-2.24975552694	-0.768556612349	0.192358198745	1.81159480617	16052.0041113	159.816936832	True	
0.606766631456	1.41178474511	5.33519833624	5.45354969864	-2.30441644957	-0.789427888653	0.186703566542	1.57071132508	16114.3372474	158.218767463	True	
0.628887816229	1.420936612	5.52842080082	5.46831341908	-2.34879523976	-0.814383545169	0.173689697032	1.55415123617	16428.6244523	156.636579789	True	
0.510790000058	1.26703532542	5.2027306683	5.48157900397	-2.31260820561	-0.783184463917	0.243788493309	1.31064249763	16418.0382151	155.070213991	True	
0.633970531486	1.37758359848	5.69734758825	5.4010518675	-2.27171128564	-0.825363655514	0.145157684472	1.47728165408	16645.9129862	153.519511851	True	
0.617742442	1.34002519369	5.71166903505	5.45834536669	-2.36884016942	-0.769644584678	0.260040034685	1.23619932187	17221.4769571	151.984316732	True	
0.590930246	1.42983357791	4.87706409996	5.39390892676	-2.29754035213	-0.757832394985	0.0785341202865	1.94908204556	16437.012488	150.464473565	True	
0.576685013254	1.45012144711	5.28396127815	5.48787555062	-2.28058739174	-0.781883739873	0.17418489155	1.57361403047	16188.0325828	148.959828829	True	
0.578818548521	1.34408601996	4.86656002769	5.33331344938	-2.20713083906	-0.774665114762	0.115155635586	1.86376672302	16499.509492	147.470230541	True	
0.567380681607	1.35923749988	5.15955074739	5.47583466843	-2.24045818455	-0.778634974431	0.181982260192	2.08472235214	16026.7724927	145.995528236	True	
0.568082879482	1.31316164456	5.16919632617	5.4059635187	-2.20449311616	-0.793247299919	0.151630744493	2.05823121381	16085.4899556	144.535572953	True	
0.607730836379	1.32473662286	5.23053432211	5.35372247815	-2.2758555423	-0.821482033403	0.0980298530806	1.93514228374	16217.7926433	143.090217224	True	
0.556582076496	1.34958773939	5.17579028717	5.37451848276	-2.33248824061	-0.769110013736	0.112557445222	1.77500452977	16250.9072039	141.659315052	True	
0.52735064684	1.27088861652	5.5561021189	5.60737485831	-2.30718771849	-0.757441139663	0.303969477515	1.37534660337	16640.4497424	140.242721901	True	
0.520664949394	1.30330818776	5.39604695258	5.37276758896	-2.29654154619	-0.793224038874	0.134773264639	1.64825933363	16208.5744523	138.840294682	True	
0.576068204466	1.26925141632	5.67921076546	5.43215755714	-2.28636479195	-0.777020785666	0.139559290132	1.66215561062	16277.2999144	137.451891735	False	
0.757602098358	1.55536312621	5.31953819802	5.54127289822	-2.23489911804	-0.766005632929	0.122395039106	1.92489966212	16797.3963933	137.451891735	True	
0.684014810272	1.32011978244	5.23384984761	5.42808142497	-2.18305128453	-0.782367391918	0.171381543073	2.12352626633	16526.4125387	136.077372818	True	
0.627738788079	1.38559577979	5.24679782977	5.4337039442	-2.30474854988	-0.784102090929	0.15000866033	2.4382907826	16080.854406	134.71659909	True	
0.54897787737	1.2214520324	5.23471714746	5.44192097658	-2.26803270789	-0.800288861995	0.150347115025	2.35566713236	16377.669045	133.369433099	True	
0.519281357003	1.38734724988	5.17289979605	5.3825905923	-2.32043606867	-0.790206082753	0.119682086501	2.18942117823	16245.9887967	132.035738768	True	
0.538693260821	1.34613205807	5.13586051905	5.45606579285	-2.27561722285	-0.787149386333	0.143085810317	1.81253570994	16079.7834242	130.71538138	True	
0.601863444788	1.23856331613	5.62338414772	5.41315792165	-2.24926988612	-0.78481870403	0.205415629887	1.76429358155	16286.4664857	129.408227566	True	
0.604149814373	1.37074987037	5.27713021117	5.55614520544	-2.26775943626	-0.789614286567	0.218796243235	2.15587253469	16175.9775115	128.114145291	True	
0.650475431132	1.51713309594	4.92201747936	5.47238262158	-2.27205226469	-0.81330170402	0.161467209199	2.24637252178	16533.6563631	126.833003838	True	
0.596274906752	1.28822004041	5.78904870561	5.4336545755	-2.2748851031	-0.788068088069	0.22319147776	2.44282871725	16653.895622	125.564673799	True	
0.656725848696	1.49645911271	5.29609294003	5.57227527376	-2.27404805526	-0.749708542876	0.187073274267	2.26050354287	16426.325598	124.309027061	True	
0.643508468738	1.49246845479	5.37464905342	5.40105746796	-2.32972150037	-0.795991457841	0.0941157138932	2.02317002439	16248.6607324	123.065936791	True	
0.614804635049	1.45239046692	5.38286044414	5.57334725332	-2.32237451297	-0.81480799534	0.224603865698	2.24843431863	16517.38537	121.835277423	True	
0.670069148498	1.41754487243	5.40659964523	5.43155801474	-2.26093696888	-0.770925618312	0.142361720905	1.95536435496	16143.87748	120.616924649	True	
0.646072699654	1.36153996396	5.25763757558	5.3443501536	-2.22792182731	-0.80912562451	0.0945874360168	2.086171237	16199.1474729	119.410755402	True	
0.57332988042	1.38412508733	4.96417520077	5.44658903443	-2.29467498196	-0.785698312899	0.181733122559	1.90818868356	16230.4704401	118.216647848	True	
0.552394025035	1.09722804	5.71620197207	5.38178494605	-2.28890294483	-0.807173827498	0.191205745163	2.18259605414	16608.6126016	117.03448137	True	
0.710265364558	1.42799547335	5.21655279711	5.42613824185	-2.23300524902	-0.796292771303	0.152623890363	1.69282839218	16398.2378692	115.864136556	False	
0.577789394254	1.15917839368	5.46491614881	5.44871596825	-2.28132222504	-0.781772948736	0.249866585122	1.81955345929	16473.1509689	115.864136556	True	
0.575922671	1.23372151039	5.56551604937	5.4162239385	-2.32180136969	-0.767025177573	0.1986547028	1.95535117315	16392.1183008	114.70549519	True	
0.529050612605	1.17938082492	5.56564078714	5.36973831784	-2.29284583219	-0.822636256374	0.158496141752	2.39286474712	16404.1785795	113.558440238	True	
0.531155437939	1.35671080632	5.07407083268	5.46600423452	-2.26133738361	-0.77654781514	0.143544485154	2.44708467052	16179.8900817	112.422855836	True	
0.592661538323	1.5096997703	4.9988589384	5.49404868699	-2.31286189619	-0.789192448704	0.121869316821	2.6413630651	16332.4284885	111.298627278	True	
0.624778921311	1.31008776061	5.40437519942	5.49028542946	-2.321498576	-0.816551275284	0.217474802378	2.8160566963	16560.3176242	110.185641005	True	
0.550833166851	1.16617497647	5.13297406582	5.30751242966	-2.22103627766	-0.820987055505	0.150445017494	2.71976826253	16526.0350139	109.083784595	True	
0.60540695591	1.32081453693	5.26458150689	5.380086218	-2.14599403947	-0.800230766766	0.0683923344866	2.6304141213	16794.3082953	107.992946749	True	
0.509370591172	1.28487331222	5.15255577052	5.41203486243	-2.24156130586	-0.802605459161	0.156141464529	2.31374322129	16146.4266549	106.913017281	True	
0.594513781202	1.32101422417	5.09390433912	5.39521611749	-2.2043443948	-0.808313709646	0.124253648217	2.55460305192	16187.0357938	105.843887109	True	
0.557365307569	1.24098454234	5.20584989324	5.45798056685	-2.25098736149	-0.779380832437	0.193586018516	2.42193393881	16144.3104808	104.785448238	True	
0.642607357401	1.28615636818	5.44773763411	5.39260607312	-2.2973398957	-0.798570010379	0.106933198178	2.25316271423	16427.8363206	103.737593755	True	
0.526865282103	1.33766489106	5.1319187655	5.46088750388	-2.27939475883	-0.792455426664	0.179076781022	2.29733065915	16053.7152629	102.700217818	True	
0.567177293045	1.34495520227	5.31924159911	5.37136656448	-2.32010005724	-0.77243515748	0.0817333793373	2.69440114205	16235.0938917	101.673215639	False	
0.590034724418	1.34928450776	5.23795630193	5.38014379487	-2.26162041379	-0.824402664898	0.129856967931	2.86418984206	16164.198976	101.673215639	True	
0.552749436833	1.42030207072	5.14273596854	5.47226887831	-2.29654026663	-0.789700837227	0.170800698999	3.07882668356	16131.145119	100.656483483	True	
0.643831939569	1.47374682054	5.37943202853	5.49737714457	-2.32908725685	-0.778539137809	0.152059552135	3.04510047501	16216.9574585	99.6499186482	True	
0.693109690665	1.37262022642	5.64575407445	5.42880391201	-2.33727257609	-0.799662342884	0.118816391222	3.17553951618	16674.8207599	98.6534194617	True	
0.572692450106	1.26641735237	5.29442817618	5.43544696972	-2.19214897785	-0.798645722944	0.152101878212	2.80179140688	16243.8897151	97.6668852671	True	
0.536741323854	1.26931121496	5.34314410945	5.49450993559	-2.23197655562	-0.798890150593	0.221547239627	2.84204129151	16170.497883	96.6902164145	True	
0.688529957362	1.37498103912	5.33814864727	5.39122660784	-2.21985972716	-0.784778869124	0.104553887651	2.88033425332	16298.1978477	95.7233142503	True	
0.617342181561	1.3651034912	5.13210426582	5.35765989196	-2.26097758618	-0.781401014739	0.0932034176115	2.60127302529	16101.3562858	94.7660811078	True	
0.588840096825	1.40519164268	5.30624620968	5.53955535314	-2.27083819857	-0.790788371221	0.219153628877	2.9144800301	16150.0737152	93.8184202967	True	
0.614002964635	1.28423372979	5.57695461312	5.48457403099	-2.25526838471	-0.798242714754	0.191482991999	2.87435281726	16189.325165	92.8802360938	True	
0.490228435526	1.27580164018	5.28999066214	5.36064661302	-2.26291151814	-0.784663477959	0.12998285836	3.06865020505	16409.3918822	91.9514337328	True	
0.573084980885	1.28754458275	5.25153881342	5.36021595546	-2.22982379769	-0.787002533625	0.109691689735	3.06826944557	16118.1640627	91.0319193955	True	
0.500853059095	1.21514355207	5.30145957446	5.43171424522	-2.27474938768	-0.80117302475	0.197827456913	3.27809143648	16161.2283256	90.1216002015	True	
0.656280439291	1.46205764747	5.26047820276	5.47675576765	-2.2653278694	-0.801202943361	0.137425889913	3.0718828766	16150.7125426	89.2203841995	True	
0.618654689485	1.36125968009	5.27355806906	5.34431609774	-2.31695175925	-0.830801714063	0.0561330444231	3.33893963633	16638.1836421	88.3281803575	True	
0.638788921227	1.40758188408	5.28225125683	5.36135399296	-2.28432108896	-0.778811855174	0.0685559542832	3.51321122395	16171.1840323	87.444898554	True	
0.605016340237	1.33855388443	5.1926273379	5.348640575	-2.25150828996	-0.800313461129	0.0546503622109	3.75404882779	16274.8707084	86.5704495684	True	
0.613878282668	1.3965352515	4.98846463604	5.45064551365	-2.27004105538	-0.811891798687	0.178283918251	3.58131388364	16356.2804184	85.7047450727	True	
0.637097813667	1.44869931413	5.20706611025	5.47643006729	-2.30949167711	-0.788349212905	0.152699927031	3.95387668962	16156.1440516	84.847697622	True	
0.595980482185	1.34771225663	5.12486706131	5.39185771606	-2.23098285752	-0.766269749421	0.113379544796	3.7393993295	16182.849233	83.9992206458	True	
0.579272766049	1.25849559806	5.3156915906	5.42946177802	-2.21693062944	-0.812421214825	0.148509570408	3.72987576064	16263.363412	83.1592284393	True	
0.645367618656	1.34115943369	5.56157759757	5.38351804479	-2.26975316494	-0.792580738968	0.122332098369	3.33388298958	16209.8014025	82.3276361549	True	
0.637071690773	1.33072143221	5.48728949191	5.4824309987	-2.29405831171	-0.778080579641	0.224160463792	3.23818370751	16293.0972178	81.5043597934	True	
0.53800593679	1.26377157952	5.54994993172	5.46952743791	-2.27051022469	-0.768060364822	0.213392187649	3.5432730405	16310.4616257	80.6893161954	True	
0.605402054518	1.3346449245	5.44272518073	5.44752441712	-2.30758692809	-0.785733531693	0.153364794177	3.435111559	16079.2050354	79.8824230335	True	
0.580008102296	1.33908447498	5.29692920227	5.46517006952	-2.26535054024	-0.773865479086	0.199148592382	3.34276717819	16082.7908604	79.0835988032	True	
0.523274902313	1.31841355197	5.29177264426	5.50064137462	-2.27622323483	-0.7701702569	0.168083593669	3.42528913291	16286.5458715	78.2927628151	True	
0.558500446402	1.20229932355	5.31742042858	5.4071233673	-2.2648511166	-0.801105648815	0.209997134902	3.62394312197	16224.0980144	77.509835187	True	
0.53441590238	1.34931579425	5.28532328139	5.4655678858	-2.30283218734	-0.784907496404	0.189912561436	3.84646073945	16120.0938023	76.7347368351	True	
0.601041892279	1.30346380187	5.43589780313	5.4084455942	-2.25864980977	-0.76808020205	0.0934237880431	3.90184216402	16330.1410812	75.9673894668	True	
0.561882872133	1.3618352528	5.37632665137	5.43807358464	-2.30963911601	-0.774480269446	0.144484055187	3.44827214674	16100.0093451	75.2077155721	False	
0.592666817896	1.31771562942	5.44966848421	5.46608006141	-2.25948860507	-0.783952604507	0.164048877566	3.57019862588	16056.8049779	75.2077155721	True	
0.551076000487	1.32183134175	5.32543323394	5.48608973605	-2.27782839415	-0.771992064373	0.210429378605	3.69382460633	16123.8963837	74.4556384164	True	
0.57717268449	1.3444431075	5.15452862412	5.40336259579	-2.20558269464	-0.793795246982	0.134728881492	3.82182697623	16153.2350678	73.7110820322	True	
0.617589272092	1.42064187148	5.31249639629	5.38703742127	-2.30569981623	-0.794825816932	0.119995144745	3.82325580119	16130.767987	72.9739712119	True	
0.681380201588	1.39158053576	5.4418501785	5.38154124037	-2.27165600716	-0.775501451666	0.0863818560321	3.77260236279	16297.3770329	72.2442314998	True	
0.607422088081	1.32682905513	5.42828986324	5.47139022404	-2.23233915118	-0.806198814998	0.210331616253	3.86444194971	16167.249877	71.5217891848	True	
0.592101039913	1.28995801905	5.45058232283	5.42425785116	-2.26643513412	-0.786414317949	0.120443980835	3.44932283593	16174.3621867	70.8065712929	True	
0.616040877557	1.39047721042	5.14063503698	5.3407720218	-2.28648486908	-0.786452965249	0.0515858635958	3.40447762627	16211.9675334	70.09850558	True	
0.593877017212	1.46514213194	5.0529658838	5.48065100184	-2.28206896424	-0.806408630906	0.140539030204	3.4795143026	16241.9287701	69.3975205242	True	
0.619803190825	1.32642205727	5.34902232346	5.36119305747	-2.26255431082	-0.775928051565	0.130301745431	3.58063287476	16201.3268873	68.7035453189	True	
0.610432866754	1.30457906839	5.46734702465	5.40501679503	-2.29955071366	-0.761559509938	0.137007230712	3.55087653507	16268.9100769	68.0165098658	True	
0.586149763131	1.3390917024	5.4637351424	5.42813322475	-2.26883024393	-0.772270151328	0.127713635976	3.853221155	16146.7006915	67.3363447671	True	
0.599305113238	1.3207606983	5.40118028924	5.45794065071	-2.23965029694	-0.764848583722	0.149052558077	3.95981246302	16180.7250363	66.6629813194	True	
0.587214603873	1.32395112956	5.20137611134	5.44745221876	-2.21312165866	-0.7900375021	0.147371098327	3.89616077916	16123.5362307	65.9963515062	False	
0.639467276298	1.42218898194	5.29944268294	5.43615344967	-2.22989396456	-0.771633754191	0.121323527494	3.74355605122	16177.6241455	65.9963515062	True	
0.624184423094	1.44495037043	5.06467691898	5.36807795186	-2.27019795625	-0.788754210112	0.074486107338	3.87448438012	16149.4288391	65.3363879912	True	
0.507926720429	1.2210279992	5.14708617135	5.44347290604	-2.24823106614	-0.805240942326	0.178747355952	3.81818796194	16281.8045328	64.6830241113	True	
0.610160911178	1.3681647654	5.29860646459	5.43805857454	-2.26509814931	-0.809930833844	0.166942745308	3.96460755319	16055.3430943	64.0361938701	True	
0.578572768302	1.24541799489	5.52374800574	5.38750566174	-2.26575797958	-0.797241304485	0.169469300732	3.80235462885	16159.5756368	63.3958319314	True	
0.551653496088	1.41156745798	4.9316277058	5.35706635016	-2.30016280798	-0.786973449525	0.0862552680556	3.82167109697	16275.4226614	62.7618736121	True	
0.575678521158	1.37946412181	5.2468984507	5.38770098556	-2.32106679901	-0.792439975905	0.101383328055	3.99367667965	16117.1814566	62.134254876	True	
0.626866635228	1.4206461676	5.26486348652	5.49039483323	-2.25714482769	-0.777865631414	0.222989756579	3.8502781556	16334.3470974	61.5129123272	True	
0.578782889224	1.27961413958	5.42280268123	5.41057826398	-2.31907595649	-0.772751714336	0.139398078131	3.90606700585	16240.4753076	60.897783204	True	
0.654920864853	1.37558088667	5.33555022271	5.3362969067	-2.27715039435	-0.777852384937	0.0796900101871	3.79416829039	16282.7745685	60.2888053719	True	
0.558806559265	1.32139142628	5.17436416823	5.45637918621	-2.28100691043	-0.805678287809	0.167733115499	3.7375707007	16103.1670201	59.6859173182	True	
0.570323298819	1.35517483129	5.23981245528	5.44482833605	-2.28889667757	-0.779337244097	0.147046925588	3.48983297663	16013.1181334	59.089058145	True	
0.608641470206	1.32429656576	5.23999128925	5.37294129825	-2.29319252919	-0.807209542044	0.130839304585	3.39221147188	16148.200861	58.4981675636	True	
0.583806704677	1.32936131705	5.44427506845	5.40260433215	-2.29790645162	-0.779596882776	0.133451285411	3.57034758913	16080.7977938	57.9131858879	True	
0.638477060358	1.40121418972	5.34163373766	5.43029681111	-2.26153528539	-0.798490620808	0.133594819089	3.34745316842	16039.3936061	57.3340540291	True	
0.55722980903	1.32825970527	5.28540627674	5.44606787064	-2.27653626121	-0.776735403204	0.168991916644	3.38507440185	16027.3418791	56.7607134888	True	
0.544212144427	1.34715586933	5.07916418284	5.45918582799	-2.24431607327	-0.784719032627	0.173248192161	3.35828116465	16118.7386846	56.1931063539	True	
0.618641507997	1.33548487669	5.21015106507	5.41438275184	-2.24182797179	-0.826541147239	0.137776995852	3.31074579378	16274.7537181	55.6311752904	True	
0.651981201571	1.41885495137	5.25201703536	5.43179129022	-2.22970757959	-0.802542553884	0.162213616236	3.70570579154	16197.1192959	55.0748635374	True	
0.568393873771	1.32304486411	5.29876820384	5.50185623148	-2.27959915163	-0.797080147458	0.247630518791	3.55800770618	16196.2604866	54.5241149021	True	
0.611685973066	1.33940890253	5.15583320028	5.35770836679	-2.23474277262	-0.811019522224	0.120359300391	3.49755533171	16145.4308591	53.9788737531	True	
0.596066289531	1.32834325276	5.39617246964	5.44651424769	-2.25192331064	-0.793922305667	0.162536273991	3.4029709745	16009.5863058	53.4390850155	True	
0.585568798128	1.31899906132	5.28475945887	5.43737536932	-2.27691666371	-0.80408735714	0.140427072912	3.34866143451	16082.2759419	52.9046941654	True	
0.615608226504	1.33671371323	5.28973445191	5.49336551963	-2.238945637	-0.796676870417	0.209756354602	3.39874670171	16110.1437727	52.3756472237	True	
0.545157026801	1.3385721551	5.3930953063	5.46416221894	-2.2834613383	-0.79480231397	0.176267867129	3.45329633202	16094.1100685	51.8518907515	False	
0.611637473343	1.36407774894	5.14576132395	5.38991160569	-2.27950230548	-0.775888411828	0.12829895196	3.52357614169	16123.0507498	51.8518907515	True	
0.608720903589	1.38913634753	5.00053931866	5.46163128476	-2.20917401577	-0.811946575081	0.176762390244	3.65762862883	16354.8340946	51.333371844	True	
0.57322098091	1.31434838847	5.32420661411	5.44813468654	-2.26530064101	-0.773778134413	0.179327250224	3.89572328455	16043.71365	50.8200381255	True	
0.628748282124	1.39646190398	5.30401298225	5.40402179558	-2.2439990778	-0.799665021275	0.118535521382	3.55893583794	16075.8576106	50.3118377443	True	
0.519399857958	1.27712433374	5.14813656279	5.40182682965	-2.27914416108	-0.793549718459	0.124931354028	3.32925425818	16162.6749712	49.8087193668	True	
0.615206538681	1.3269460118	5.3664267293	5.48307765961	-2.26055164931	-0.801854511207	0.205652105595	3.50900687803	16092.1846967	49.3106321732	True	
0.571052412291	1.38461923045	5.08714367051	5.40499789489	-2.2630679281	-0.794829613624	0.106291897013	3.17238249033	16069.0904635	48.8175258514	True	
0.571982760364	1.3842078753	5.41932026298	5.44587376588	-2.32053963269	-0.783413607652	0.168843031019	2.84846542893	16134.309098	48.3293505929	True	
0.622618890635	1.4526674075	5.08732067624	5.41194105642	-2.25187511475	-0.808543938797	0.113499835445	2.74931751247	16151.0651484	47.846057087	True	
0.583968765308	1.34829891897	5.29242266469	5.48039084422	-2.26080920793	-0.773133715991	0.176973768951	2.7190588708	16019.4747274	47.3675965161	True	
0.592683622772	1.4095895325	5.20941865245	5.41909852926	-2.22544395874	-0.767733974179	0.112165432715	2.88800848696	16262.0041268	46.893920551	True	
0.561518803446	1.31218845946	5.30960164425	5.38713180408	-2.28945677793	-0.788843131161	0.135508391101	2.74047536484	16017.0092391	46.4249813454	True	
0.592642987626	1.41030584246	5.13094442558	5.42088354027	-2.26051155668	-0.790827983626	0.147441784985	2.53185320631	16039.2786858	45.960731532	True	
0.555669777666	1.27818480521	5.2051047409	5.42248504618	-2.25000268985	-0.774221683075	0.152643901094	2.78116883772	16073.7698773	45.5011242167	True	
0.581283071291	1.26784577952	5.38737906139	5.32320994354	-2.26262458858	-0.782546101205	0.0605976906123	2.77740165781	16355.6728768	45.0461129745	True	
0.586085705513	1.31550936614	5.16652626924	5.43829241575	-2.23309869407	-0.805179171463	0.12680633852	2.79575088594	16229.8970461	44.5956518448	True	
0.565813670995	1.42107512191	4.91300399072	5.33360041402	-2.26681927145	-0.793053289506	0.0982080430952	2.74208074572	16384.0546993	44.1496953263	True	
0.593302416882	1.38307268777	5.36425270482	5.44322884978	-2.25337988828	-0.781412481538	0.147357482311	2.7512145229	16066.2109234	43.708198373	True	
0.568397771176	1.36803269224	5.2513929238	5.38729606535	-2.28013019468	-0.777785972937	0.147909994059	2.64854360049	16179.6828392	43.2711163893	True	
0.574643460517	1.33837869872	5.18495303654	5.46221888274	-2.26872009959	-0.775176426704	0.196323143216	2.39838903392	16049.2006218	42.8384052254	True	
0.571918200528	1.35207965302	5.31421901885	5.42686247561	-2.29508529264	-0.788428987802	0.159452970985	2.31013202427	15972.0174646	42.4100211732	True	
0.614058606866	1.34919885428	5.67348059607	5.51527428586	-2.26809115879	-0.793346197563	0.214992708115	2.18404294311	16248.6398869	41.9859209614	True	
0.634621951122	1.37418034986	5.28766779191	5.4894304193	-2.23772539018	-0.776394411553	0.159187692652	2.15022488681	16081.0749497	41.5660617518	False	
0.614404506013	1.28845176576	5.49226800484	5.38393007649	-2.2526825914	-0.796292184919	0.138180561599	2.36411486216	16104.4825925	41.5660617518	True	
0.598202418494	1.42530749554	5.12765772892	5.42877825632	-2.29552084893	-0.776447413663	0.128863541871	2.45422135526	16041.6601284	41.1504011343	True	
0.559671884024	1.2841461899	5.36657260422	5.39330129356	-2.26338482164	-0.802696079206	0.133741578438	2.11990666126	16029.7537139	40.738897123	True	
0.622942755385	1.36179398213	5.34105974016	5.43738542789	-2.2764542621	-0.790746674772	0.155431426287	2.05845583211	15948.6204815	40.3315081517	True	
0.577918849517	1.31294963971	5.37221092017	5.49079027154	-2.2634937228	-0.773177094952	0.184994759566	2.06128196243	16015.0336935	39.9281930702	True	
0.574329415563	1.32828840413	5.23578424973	5.44452540066	-2.24205107716	-0.786381325448	0.156772031159	2.15278103814	15960.8932972	39.5289111395	True	
0.617779654873	1.33577928196	5.44854840317	5.37641475569	-2.28200331129	-0.7775656264	0.0984753911706	1.94728271675	16105.3861009	39.1336220281	True	
0.586051663039	1.33740826483	5.23291702204	5.43922950949	-2.24111524692	-0.792124913542	0.165207156864	2.25000043043	15952.0632954	38.7422858078	True	
0.576465162291	1.28843413945	5.40831884459	5.46074761346	-2.26866348277	-0.781177457332	0.151409480947	2.27414836255	16088.9462106	38.3548629498	True	
0.581806625428	1.37237869995	5.21028242931	5.43114344895	-2.24191221324	-0.80232831426	0.141978602161	2.23750434797	16019.2602942	37.9713143203	True	
0.595853640736	1.31521842995	5.37137638538	5.36505599346	-2.27182059109	-0.800138614686	0.102767643874	2.07955787413	16053.0802585	37.5916011771	True	
0.56437042701	1.4028258674	5.12264258677	5.40360599093	-2.24535621218	-0.781346092455	0.095047048907	2.19819272034	16164.2704773	37.2156851653	True	
0.582159453367	1.39053769185	5.40961180583	5.42387637561	-2.32124792783	-0.783059723706	0.125324426961	2.17375177323	16067.8508277	36.8435283136	True	
0.589024415495	1.35912903868	5.26016645539	5.46933670396	-2.23234785694	-0.785583806763	0.183882009625	2.17671392207	16004.8168531	36.4750930305	True	
0.605793284258	1.35242112113	5.16268052699	5.39629055127	-2.21691622148	-0.776503686541	0.0880303158911	2.01720497194	16180.4187777	36.1103421002	True	
0.634929983939	1.36056056706	5.2868538847	5.40092712732	-2.23626307655	-0.779786594658	0.138083325515	1.99953884635	16042.6397505	35.7492386792	True	
0.580638059686	1.34317927302	5.41048829685	5.46314878442	-2.25744257642	-0.799031577835	0.187998845555	2.0085395557	16016.2554309	35.3917462924	True	
0.575354847121	1.30802340762	5.29051952484	5.43417183152	-2.26337375961	-0.793029576815	0.13419066638	1.90698273697	16019.9354027	35.0378288295	True	
0.554952390032	1.34478806447	5.05370622819	5.4247857208	-2.2750013039	-0.789911473392	0.152067302845	1.74166245326	16034.4486845	34.6874505412	False	
0.554184523568	1.41530644483	5.13377684703	5.42197680802	-2.27829180116	-0.799474836132	0.155059294701	1.76768279549	16158.7433718	34.6874505412	True	
0.594960112503	1.30096548187	5.35430641038	5.38524554809	-2.27226260072	-0.784995985879	0.133701076583	1.84382429452	15985.2847732	34.3405760358	True	
0.613544288216	1.33794147717	5.33446083918	5.42360569917	-2.26231688366	-0.78582813377	0.135158101085	1.82935556446	15957.2771767	33.9971702754	True	
0.571548816836	1.36438843432	5.2431232536	5.40835231592	-2.26171587876	-0.795575306518	0.143673466445	1.86730730787	15986.1359918	33.6571985727	True	
0.598561775645	1.37763960646	5.18656199637	5.43684337964	-2.26386594329	-0.801174241834	0.139450704922	1.80233183851	15983.4329142	33.3206265869	True	
0.599288691939	1.32962254617	5.22323702216	5.41736423553	-2.25971469597	-0.789533086126	0.132896017892	1.84767672561	15968.0022693	32.9874203211	True	
0.582715326005	1.38022849627	5.30828229041	5.50622173356	-2.29240613257	-0.778654544075	0.222608916856	1.93153812586	16070.9524732	32.6575461178	True	
0.566977718458	1.29377362275	5.48977522686	5.43234883275	-2.29988373586	-0.802062796286	0.175062377553	1.96842008978	16036.0649687	32.3309706567	True	
0.585104960292	1.27194355811	5.53225249094	5.43105960613	-2.30241482634	-0.783145474748	0.168339462614	2.01329995348	16074.5557419	32.0076609501	True	
0.566371030025	1.35854622635	5.33374679117	5.47291455137	-2.25294471955	-0.77807382111	0.165417386806	1.92398194516	16034.5630245	31.6875843406	True	
0.576591971242	1.28159663628	5.35214115087	5.41586078629	-2.28085783077	-0.801138851811	0.1726816597	1.84364413715	15980.1361041	31.3707084972	True	
0.622603477196	1.42672849513	5.3424183719	5.4702992383	-2.25655767899	-0.795015784275	0.157877872554	1.78791441271	16036.2138902	31.0570014122	True	
0.586245862362	1.31125782077	5.40575055512	5.46850622829	-2.28555182061	-0.780708850398	0.187894493922	1.74751040005	15966.0274976	30.7464313981	True	
0.539254059189	1.27372772688	5.35578345042	5.43209698876	-2.25778347432	-0.782959349605	0.176506939999	1.84403547609	16006.3876288	30.4389670841	True	
0.629735153601	1.38205911135	5.15174984109	5.38831427541	-2.26108781268	-0.798722734281	0.122111697015	1.91416427608	16031.787506	30.1345774133	True	
0.586446868224	1.36973389488	5.43835138744	5.48452880616	-2.30336617446	-0.782418182872	0.184893151098	2.03638798943	16001.4773109	29.8332316391	False	
0.625653563458	1.36880921817	5.35149599069	5.52168479158	-2.23545617402	-0.795356804771	0.208869239713	2.16106016118	16100.6212211	29.8332316391	True	
0.602744243702	1.35600367223	5.13162055962	5.36007055974	-2.25347575192	-0.788829136642	0.10371215181	2.18708872663	16032.243327	29.5348993228	True	
0.587720442357	1.30230415386	5.39458891342	5.40153730828	-2.28004202718	-0.79755683648	0.142769335241	2.35083978488	15989.2501702	29.2395503295	True	
0.587375934485	1.41241197601	5.11301095894	5.433471773	-2.28590710102	-0.746466532361	0.101910336667	2.28285936294	16309.8858998	28.9471548262	True	
0.601212044783	1.26320133852	5.36912324308	5.42990168791	-2.25553491957	-0.799318484527	0.178909441952	2.30359701276	16052.9953072	28.657683278	True	
0.578513720838	1.33431263845	5.15735665395	5.44578569636	-2.24744221758	-0.791243032115	0.177697086793	2.33072609776	15980.8611591	28.3711064452	True	
0.586624147673	1.31051496228	5.39221729511	5.42744519273	-2.26036824243	-0.781688381693	0.146191143621	2.31640570368	15985.5933201	28.0873953807	True	
0.608905323056	1.3197951577	5.36692853912	5.45146780473	-2.24538348219	-0.793113527747	0.186634289238	2.43357911527	15995.1328124	27.8065214269	True	
0.611066152913	1.39059442227	5.25311977585	5.47261276255	-2.28217175032	-0.803557805001	0.16134402135	2.44547030536	16037.2394951	27.5284562127	True	
0.584043119468	1.32415756971	5.28509472667	5.41926377452	-2.25013861073	-0.804198851949	0.159011074751	2.3381286326	15975.8180177	27.2531716505	True	
0.561447420203	1.26999270703	5.35977410569	5.42922697542	-2.27431216823	-0.797099172962	0.166081179752	2.39032216894	15993.9678939	26.980639934	True	
0.533995871514	1.21650790785	5.35387790915	5.46190588308	-2.27427916687	-0.790539353112	0.210879555673	2.16273019433	16082.854721	26.7108335347	True	
0.601672090576	1.34065428753	5.31690994453	5.39550580114	-2.25134235554	-0.786833729479	0.117027238685	2.13634397132	15984.801867	26.4437251993	True	
0.619866747447	1.4059618614	5.21925091049	5.44656418214	-2.25565226332	-0.794190087899	0.130016301468	2.18051414812	15988.6843902	26.1792879473	True	
0.577674076251	1.33393784519	5.24469333368	5.3828469502	-2.28559881235	-0.789012864532	0.132862821501	2.0696687961	15973.8073293	25.9174950679	False	
0.596940906803	1.4419760608	5.17279398634	5.43294988749	-2.29553963377	-0.790152440608	0.131537222439	2.09760142361	16006.187256	25.9174950679	True	
0.57144100022	1.33191434824	5.38605099667	5.44641191545	-2.28229186288	-0.812487580952	0.172638177898	2.34128795349	16055.9602377	25.6583201172	True	
0.642910396191	1.45665676588	5.23045740453	5.42040632587	-2.27793132986	-0.7953802634	0.121096621047	2.37318661079	16051.1421377	25.401736916	True	
0.589689717282	1.35250838206	5.21793418966	5.44054109872	-2.2948479334	-0.790072180426	0.158842459122	2.33027839322	15983.2027363	25.1477195469	True	
