Parameter 1	Parameter 2	Parameter 3	Parameter 4	Parameter 5	Parameter 6	Parameter 7	Parameter 8	Potential	Temperature	Equilibruim
0.569318843887	1.811340144	4.26403520764	3.99194158849	-1.94027544916	-0.945796157784	-0.37388461872	2.25233582547	90362.2289752	35431.22	False	
0.409180446219	3.62904110919	10.5348617369	6.18646930091	-2.33999883072	-0.988597954647	0.828451246793	2.05713528986	110296.867053	35431.22	False	
1.08277579276	-4.87474648331	14.9760750281	3.77927153021	-2.19507026537	1.72738336517	1.41616390722	2.84459530204	119495.944469	35431.22	True	
0.665971501762	2.91202182761	8.97298001604	5.37720973681	-1.91381344796	-0.672317270133	-0.793566518844	0.254370764817	110794.696938	33659.659	True	
0.43875209941	2.9404879852	5.87102226207	5.15155831858	-2.60934083528	1.24745278511	-1.39612496092	3.40002542576	181553.295687	31976.67605	True	
2.44925614878	7.86164859738	-1.03934162479	5.31471364724	-2.51444100699	-1.0974339519	-0.49584361081	3.91551914838	123377.938146	30377.8422475	False	
0.325164659368	-4.85260963958	11.7713444265	5.26453680405	-1.16255056721	-0.280972005517	2.42078562236	3.99812052471	130685.936687	30377.8422475	True	
0.528973209607	1.93797418437	-1.01901476999	4.76305982962	-2.47681403382	0.0693214204688	-0.811893550064	1.83118863741	84373.327824	28858.9501351	True	
1.39780334765	1.35797482814	8.07147287113	5.25319314416	-1.63436844596	-0.638652160063	-0.0737936551295	1.96917584822	52379.4362581	27416.0026284	True	
1.13698827182	1.24667135302	2.66733517366	5.7837873491	-2.87939421577	-0.698799863941	0.00474493653345	2.71641667622	145560.392322	26045.202497	True	
0.0869088488824	-2.05431662382	10.152553263	5.81932750419	-1.85783261729	-0.681512704813	1.79409081077	2.77676485031	74544.1509985	24742.9423721	True	
0.525488217406	2.54304039897	2.65147231461	5.71582055416	-2.36268706592	-0.492156271138	0.115538817421	1.69917887597	46029.0134442	23505.7952535	True	
1.25511998666	3.21380381147	6.92241944138	5.23600537455	-2.73631787415	-0.75907000617	-0.62945174013	0.0914417650061	53465.7090431	22330.5054908	False	
0.716596530625	1.36416973776	1.82465130423	5.97643797714	-1.37738945887	-0.247940995485	0.859240688129	1.27366078196	98181.5317441	22330.5054908	True	
0.457954418987	1.25513967604	3.95536319948	5.32753860107	-1.60224799613	-0.466280794365	0.294600514685	0.586311996588	45295.6595309	21213.9802163	False	
0.30130247059	7.15086328936	9.11633216768	6.52989629501	-2.49168266029	-0.471491768587	-0.438244028844	1.92854539824	126330.991174	21213.9802163	True	
0.30690511183	3.21829731724	14.6736970207	6.02229252701	-2.5773617463	-0.677905365761	0.405798541301	3.63272534999	62879.4039807	20153.2812055	True	
1.84807858519	3.13176041129	13.4972159633	4.96447047266	-2.46055186239	-0.236763015092	-1.08006522552	3.61160385825	88873.9746595	19145.6171452	True	
0.798141653323	1.73945572533	-6.1961675563	5.60943356208	-1.80692986579	-0.307051199652	-0.248302320498	3.70312129226	99425.6201326	18188.3362879	True	
0.275395228693	1.4100505297	4.11313170431	5.02158407419	-2.44716380979	0.317599629318	-0.421214567151	2.72511990958	83027.7599915	17278.9194735	False	
1.28900521772	0.721802153023	11.0771030784	4.43693469585	-2.50095066988	-1.43881633889	-0.291452623607	1.88625918234	111219.709672	17278.9194735	True	
0.115225185881	2.92038683701	10.9977957227	6.05068083053	-2.46784544302	-0.363011785822	-0.0950325909484	-0.386953118912	57416.3270301	16414.9734999	True	
0.617322557878	0.0460629728865	13.3951131609	4.38987692319	-1.66106788493	0.903912314846	-0.555616777269	3.08648200748	96510.4340146	15594.2248249	True	
0.188919935442	1.49619706356	-0.848875215473	4.59942704459	-1.46522971709	-0.659124067751	-0.735015986502	2.94802934652	55129.4114236	14814.5135836	False	
0.410672782239	1.02772181701	5.27278081484	5.94429975835	-2.08124640737	-0.788316508889	0.568553540298	3.09216223895	22893.4413766	14814.5135836	False	
0.491201550877	0.867465396981	-1.25042227117	4.13112882059	-2.44586514666	-0.586228786765	-0.277138962093	2.06974310544	80652.8748421	14814.5135836	True	
0.722922409456	0.794799602019	12.6409326502	5.2249262907	-2.43034750323	-0.42739335112	-0.34862488557	2.12482100007	52074.3519061	14073.7879044	True	
0.843074490491	2.08819893128	12.3083984184	5.38328612255	-2.43744280904	-0.537152213628	-0.480055232126	-0.353623377333	43114.4448094	13370.0985092	True	
0.0783806032463	1.25357184808	9.67570653588	5.84960751315	-2.10600137057	-1.23311291839	0.39217745819	1.63073328601	99977.1042095	12701.5935838	True	
1.11199067818	1.37853403884	10.2179394057	6.52849615503	-2.54052371931	-0.775212424195	1.14926729949	0.631477765143	49839.8030636	12066.5139046	True	
1.19443135628	1.06998215942	9.94131774207	5.40351328696	-2.80162487875	-0.0408779311675	0.39929609185	-0.683828764434	86084.9501406	11463.1882093	True	
1.81065697977	2.23459892919	13.8479426669	5.80457801619	-2.0571499144	-0.648829238853	-0.0676742588776	2.6831715052	48645.2761739	10890.0287989	True	
1.06917717863	2.26145266953	13.2043329605	5.79764575278	-2.69117855685	-0.528130351503	0.179171824637	2.46702848266	41165.8666415	10345.5273589	True	
1.43336978471	1.24836215245	9.36651770325	5.57185849812	-2.4193232544	-0.748899774171	0.41948767878	1.4282483101	43481.4680402	9828.25099099	False	
0.180226363643	-0.656348115225	8.28777675366	5.66793453002	-2.39317631248	-0.729681578845	0.501986833605	2.39933968355	60980.6877693	9828.25099099	True	
0.354761662792	-0.134419379732	11.3304500036	4.68698052916	-2.23718574548	-0.910310346642	-0.266555591182	0.856208696903	54201.4949328	9336.83844144	True	
0.0691353107307	0.551500747728	9.27248701006	5.3105973156	-2.13437810758	-0.963909854102	0.501258415596	0.486167893335	51816.352594	8869.99651936	False	
0.224990872458	-0.78781312685	14.0095404465	5.49983199189	-2.59613269674	-0.82391372588	0.707171061435	2.39074922726	40477.4437517	8869.99651936	True	
0.742944799118	1.83491147053	13.2277385677	5.77609523705	-2.38504240046	-0.611693467972	0.198753413041	0.555326449051	39435.0653366	8426.4966934	True	
0.544200181071	1.04326125498	5.9202788229	5.49833449234	-1.73727291769	-0.537824314538	0.464437232997	0.0133615238032	32892.3732654	8005.17185873	True	
0.952561162601	2.61385553027	4.46145479869	6.05660649966	-1.98188116253	-0.668575143053	0.211009535095	2.88512164227	41955.2441596	7604.91326579	True	
0.269076114053	0.0310186714542	8.44709222739	6.15521727878	-2.17227573557	-0.41908156871	0.381927601281	-0.258671449958	80798.0103714	7224.6676025	False	
1.19753890727	2.044916728	5.78848546867	6.04892819132	-1.32228288364	-0.638106966553	0.0203183518723	0.840031025874	44464.3409595	7224.6676025	True	
0.28424869401	0.972855831807	1.82265216995	5.97297032191	-1.91664497061	-0.79538888371	0.889726546938	1.68385608836	35974.6540205	6863.43422238	False	
0.671436134062	0.798910310711	7.8628328514	6.16514975392	-2.36619757125	-0.612611147052	0.964598484275	-0.247850880869	28142.3720542	6863.43422238	True	
0.714174165806	1.52662571056	4.48802650282	5.03059755741	-1.25744735225	-0.645210018148	-0.369220706705	1.7965842483	32420.3423661	6520.26251126	True	
0.0730613341388	1.19191909417	-0.233927665254	5.84654146802	-1.51671362318	-0.838178628741	0.592068499056	3.74014024027	32575.0501679	6194.24938569	True	
0.339336533679	0.717115907648	6.25418273335	5.40179674002	-2.0525803016	-0.839071125638	0.406003465644	2.63733567499	22927.6180993	5884.53691641	True	
0.54023334485	1.20231329018	9.36380479733	5.62343142043	-2.28816534038	-0.70319196315	-0.128996699572	3.28175507143	35319.4698463	5590.31007059	False	
1.57254640102	1.90366095816	11.1378025236	4.64626079099	-2.21877293579	-0.773478252882	-0.232606460879	3.31383904416	53888.8901865	5590.31007059	True	
1.30178784632	0.789895056694	14.2403685558	5.12640553705	-2.48880772805	-0.834315097433	0.245220539441	1.82655421443	34464.1359012	5310.79456706	True	
0.619447237636	2.30976876888	4.7682900858	5.78626677378	-2.35803192348	-0.914596762026	0.211850883048	0.436913567454	32187.3446603	5045.25483871	True	
0.509037151884	1.16829887572	7.49412114225	6.72007066322	-2.55664967881	-0.782366664721	0.96052081532	3.56869955097	47945.4282899	4792.99209677	True	
0.18706624481	0.911430736199	-0.736936645524	4.91047264042	-1.67698020662	-0.752190382578	-0.10494378674	3.8813167339	27478.6088833	4553.34249193	True	
0.748697295474	1.33820816594	4.82674241526	5.44995353789	-1.95529344524	-0.776367037264	0.480379666687	2.25606203261	27374.2753585	4325.67536734	True	
1.16434261646	2.34661470291	4.93457666527	5.13429292124	-2.38894389886	-0.850382239552	-0.338531785383	1.900452046	29453.6800857	4109.39159897	False	
1.16104276817	2.55450545978	4.7726796227	5.99664915615	-1.31247818573	-0.338580193025	-0.107977493073	2.07618395972	64005.0293801	4109.39159897	False	
0.435203902403	0.879481435762	5.39349438864	4.94249119079	-1.1587139109	-0.838805137485	-0.140480849756	0.939751907871	31304.0123988	4109.39159897	True	
0.81506421777	1.8117510098	2.72027365679	5.12924858912	-1.84990415907	-0.904244867911	-0.107139053066	0.760618566846	38906.9862518	3903.92201902	False	
0.291633264055	0.399464716767	9.55172956648	5.06830435998	-2.32574375179	-0.947001859177	0.146524546332	1.19575687659	29618.187249	3903.92201902	True	
0.905036457896	2.01672064744	11.3408471083	6.95895670392	-2.53367529857	-0.285521339301	0.986225805095	-0.714114079284	26980.5038366	3708.72591807	True	
1.57275638014	2.08163822697	12.9616112715	6.2303232084	-2.55772727206	-0.813189784683	0.824120253078	0.437881932379	44849.1466715	3523.28962217	True	
0.975706272684	1.85586421119	8.83848398758	5.69755896827	-2.30892944418	-0.821688226881	0.126593016383	0.92340002127	22999.3716347	3347.12514106	True	
0.712080944941	0.530648176968	12.1807229298	5.05154126844	-2.55852676693	-0.753301403325	-0.0638680731673	1.2182029547	30876.0959492	3179.76888401	True	
0.421042463853	1.33394440647	4.53532875567	5.4857831706	-2.22032865707	-0.722732768055	0.209238171893	0.447263858095	20177.0210783	3020.7804398	True	
0.566111880125	1.51116409703	4.73105378763	5.42023461697	-2.36385922434	-0.728371594731	0.326047277211	0.828408605561	21857.7921777	2869.74141781	True	
0.50704976471	1.04702299352	4.39901159596	5.14679204111	-2.07489458339	-0.780044498445	0.0451254175924	1.98493667446	19901.9938879	2726.25434692	True	
0.855453056154	1.57197162216	6.05794976813	5.18436740751	-1.9876440982	-0.651377377001	-0.2648242347	1.40101454107	28212.8019214	2589.94162958	False	
0.9925331449	1.75780470619	6.71707127721	5.45257505871	-2.3581100269	-0.826525939889	0.0387223810475	2.0625772332	20763.3134726	2589.94162958	False	
0.309433515792	0.782120822034	10.6101820755	5.21826896867	-2.49087269451	-0.789618191438	0.249679768166	2.42237624511	25301.9218688	2589.94162958	True	
0.368206350317	1.57214102337	6.44749884555	5.3208808232	-2.61195984496	-0.862338906663	0.077368683395	3.0887013859	24218.5987948	2460.4445481	True	
1.43454822047	2.01359209941	10.9422119905	5.61721933547	-2.35811416898	-0.726915837195	0.199180634703	2.46681685526	25556.9713946	2337.42232069	True	
1.07991348689	1.87031494065	9.22563563134	5.06001151929	-2.26909833445	-0.734574880377	-0.287812077109	1.07853075526	24992.4099391	2220.55120466	True	
0.890779644677	1.35476970649	11.2372380943	5.72469347185	-2.32580030196	-0.665717513148	0.18923153092	-0.143776448011	22319.4062093	2109.52364443	False	
0.793116286992	1.18346659529	10.622226504	5.66232722566	-2.39531298359	-0.81236772476	0.193442755208	0.618413492776	21044.5726976	2109.52364443	True	
0.620567489874	1.32328064319	11.5935441194	6.00806105223	-2.59176909669	-0.781590877612	0.540829373405	1.02082018196	25592.2024137	2004.0474622	True	
0.664086857273	1.40919258052	10.7734621233	5.42434751932	-2.56434992337	-0.787956471951	-0.000986361050451	1.87150126136	21947.0662886	1903.84508909	True	
0.501857872141	0.982765762539	5.50569791888	5.60308481558	-1.78016135139	-0.936948865588	0.524863547016	1.11007583822	26287.7695366	1808.65283464	True	
0.628490480372	1.10696642075	6.04432861593	5.22161187843	-2.24822029874	-0.733529394527	-0.048220964929	1.68940761591	19662.7893434	1718.22019291	False	
0.579146795531	1.73725682206	8.71038485101	5.70590947526	-2.50498618888	-0.868541625737	0.158881844254	0.143727877807	23608.4905779	1718.22019291	False	
0.740857845214	1.59599174589	5.71508494454	5.66675497001	-2.41438263528	-0.564447681422	0.269580026612	-0.113135417773	22898.5684223	1718.22019291	True	
0.497168494355	1.10704725843	4.91229037551	5.65985101121	-2.4225287532	-0.754143496897	0.382544427728	0.796411914952	22601.2942324	1632.30918326	True	
0.653639149709	1.42163153961	5.39670398279	5.55510323268	-2.44072496052	-0.845062808377	0.290356683385	0.879243227694	19914.266757	1550.6937241	True	
0.326604524859	1.35314306225	8.83208847952	5.92159324188	-2.54876478754	-0.630197545165	0.370357076179	-0.330122722058	23941.1834153	1473.15903789	True	
0.347220839054	0.959959353511	7.76234123136	5.58181950266	-2.46388836902	-0.73319648543	0.29427398069	0.70175727264	21049.7513793	1399.501086	True	
1.06080010446	1.84143623839	11.3149821456	5.80071091093	-2.51928394873	-0.625857670241	0.379093155769	-0.383048383973	21860.9907296	1329.5260317	True	
0.912844211182	1.46923270245	12.2412378778	5.78954534211	-2.4399209259	-0.626483116744	0.502469071259	-0.0385108214817	27350.783756	1263.04973011	True	
0.649371003604	1.47460597151	11.2627789869	6.20929910502	-2.48860533843	-0.490111220856	0.575529014041	-0.341926181952	23137.8292293	1199.89724361	True	
0.940596708498	1.18185644733	10.6454364805	5.78814258537	-2.52017256056	-0.649968237739	0.392485182846	-0.146406072367	21761.6099413	1139.90238143	True	
0.568831077247	1.39280442623	8.9102379057	5.89656933676	-2.42750110788	-0.636772478883	0.474084236614	0.108429436295	22422.7172	1082.90726236	True	
0.879753107088	1.45097199657	9.40494440356	5.50464070356	-2.36433810828	-0.783589072112	0.206244433247	0.77521005181	18720.4411022	1028.76189924	True	
0.613192981123	1.22183989716	9.51046355578	5.43418618051	-2.49842059165	-0.833415047634	0.17484666056	2.02725844172	18472.4245638	977.323804277	True	
0.555390133995	1.49285837286	4.73790037316	5.21251902408	-2.24618686231	-0.811221532633	-0.0665668644275	1.3798203627	17837.641569	967.550566234	False	
0.657909752845	1.67051558926	5.22734977644	5.30430120433	-2.2408668427	-0.754126743934	-0.0595996440923	2.82605460616	18472.934316	967.550566234	True	
0.710344217023	2.032337183	4.68657031816	5.26740031295	-2.30973095604	-0.704115417361	-0.127215482045	2.23248593773	22290.7386536	957.875060572	False	
0.649370598711	1.85296777297	5.16013804003	5.66197513075	-2.34512608391	-0.757770429365	0.0669218670937	1.58177031771	18858.5146404	957.875060572	False	
0.504327148081	1.8484792977	4.20450455523	5.44992991055	-2.39674038013	-0.796921249554	0.0412673317049	3.99711249429	19115.6589314	957.875060572	True	
0.524967679946	1.97057448177	4.04884781038	5.44103673821	-2.45103174484	-0.76431503297	0.0272914660423	3.68580268343	20407.9611775	948.296309966	True	
0.183744531216	0.818899560006	5.570726373	5.44077833251	-2.22846357299	-0.806510421384	0.33900790852	3.49685442953	20209.6694063	938.813346867	True	
0.647651463484	1.60209572024	5.52234638359	5.37532354936	-2.40417274198	-0.757523257747	0.013586525178	3.85162177382	17281.2242849	929.425213398	True	
0.318472996229	1.24783930037	6.3692443302	5.50190340083	-2.44175685498	-0.871710145423	0.359897950491	3.39861669739	21662.8529511	920.130961264	True	
0.719770467697	1.48451156155	5.82254957428	5.49326836637	-2.38880402111	-0.852290588234	0.0835640428404	3.23266384833	18586.5589758	910.929651651	True	
0.506048866007	0.720204116396	5.44565201364	5.13050720982	-2.16602007013	-0.84108252293	0.126001908485	3.35112877849	20538.6312063	901.820355135	True	
0.301058985083	0.994786602526	5.25759478458	5.5471601297	-2.35199309736	-0.774536934071	0.272720673461	2.91736494426	18778.6299778	892.802151584	True	
0.620493987027	1.10765107892	9.96053457035	5.51418548306	-2.43228124597	-0.801745587654	0.193424575358	3.06388862467	18889.4765511	883.874130068	True	
0.677529615473	0.981077908308	10.4518422971	5.38763840148	-2.39087474627	-0.78336937053	0.166167658178	2.75819469563	19397.0590927	875.035388767	True	
1.03596059588	1.89278255251	9.61594110846	5.51139339824	-2.45003142433	-0.789998927542	0.0272324738722	2.57813958012	17992.2591279	866.285034879	True	
0.892598700986	1.80158462823	9.20990970268	5.60872114274	-2.51255451459	-0.711132825502	0.000894079461636	2.58729856243	19554.3438732	857.622184531	True	
0.899646856709	1.06646632546	10.8142049066	5.28255794194	-2.45726886105	-0.82245950817	0.0122697763411	2.53216410965	20617.7729942	849.045962685	True	
0.928866135585	1.706633621	10.0366688506	5.58643017776	-2.48002039004	-0.789629115878	0.128735245682	3.9050281234	17714.8740825	840.555503058	True	
0.63312450332	1.01547513461	10.2350074591	5.69900081568	-2.48593176838	-0.84702021797	0.311548870508	2.42860042733	22370.6210193	832.149948028	True	
0.638297790213	1.21811045433	5.76329460086	5.46059175039	-2.24498502293	-0.814056994601	0.32928788829	2.45665338647	17599.2426104	823.828448548	True	
0.618883601303	1.13679053362	5.51051702301	5.39363122298	-2.28204338969	-0.806483981111	0.226117978559	1.93486550699	16894.1081232	815.590164062	True	
0.729411868417	1.67143706002	4.68273091227	5.35635142166	-2.21070440589	-0.737451019822	0.0876493807231	1.34975403402	18828.3247571	807.434262422	True	
0.508486036795	1.04100596537	5.77158351988	5.36043672103	-2.22664126756	-0.781908382677	0.183913114903	1.46595673169	16973.0817567	799.359919797	True	
0.652873474788	1.25916048806	5.23070573532	5.33616225655	-2.20714767587	-0.871402345423	0.21119930421	2.22726003888	17840.7113181	791.366320599	True	
0.443078970388	1.00304511331	5.01188139522	5.7140464249	-2.24925116176	-0.745299609247	0.56494897109	1.55902704136	20867.5699445	783.452657393	False	
0.779279599402	1.51242658772	5.87449533912	5.36474613477	-2.24870643688	-0.764512894837	-0.0132490462095	1.77661760265	17827.4636038	783.452657393	True	
0.420344543716	1.28749543636	4.6060463409	5.48201112815	-2.32814498677	-0.77756436042	0.162588382588	2.177709687	17512.0949963	775.618130819	True	
0.514408481024	1.37069336196	4.9546046782	5.58701294015	-2.23103561857	-0.794045604543	0.165459481034	2.54708172151	17416.2008621	767.861949511	True	
0.437336625935	1.2983366399	5.11386256198	5.41265554456	-2.17483182689	-0.881488522404	0.0923042697879	2.92011209096	19383.5537317	760.183330016	True	
0.527075437705	1.36959620926	5.02356622445	5.31217000832	-2.21762890275	-0.676560608439	0.203531532599	2.34736388329	21680.9607327	752.581496716	True	
0.619603704024	1.4910630739	5.28715478478	5.57927561727	-2.38597810702	-0.669864720382	0.265885563799	1.7939581406	19458.599188	745.055681749	True	
0.565565548937	1.30869770484	7.43912907325	5.19940888922	-2.39518679189	-0.799923550235	-0.0386224243808	1.59617843117	19320.5894429	737.605124931	True	
0.824709112847	1.44670254352	9.79630338183	5.40002144175	-2.40176604626	-0.821462080553	0.0747736453725	1.28510804647	17768.22997	730.229073682	True	
1.04221059147	1.81211455015	10.491247739	5.67333353438	-2.386687942	-0.847219146966	0.0780307446136	1.90869296111	21143.3459262	722.926782945	True	
0.872551834846	1.44458248961	9.90128556954	5.42068536943	-2.49575959169	-0.787924444769	0.191742628807	1.22805410681	18156.1265982	715.697515116	True	
0.902426617777	1.59063220819	8.65601474809	5.49903499603	-2.36534724835	-0.801208179459	0.0145140638869	1.14371156457	19339.3798768	708.540539965	True	
0.638569208862	1.15229549237	8.50683373013	5.58482085789	-2.5260622818	-0.808604585261	0.288520710596	2.12451786498	20572.1640192	701.455134565	True	
0.778734961464	1.85898245518	8.90881273274	5.4114962262	-2.43794734058	-0.833956998852	-0.109771038864	2.06040649161	20080.1755498	694.440583219	True	
0.847409696597	1.3977472547	9.41073410838	5.42554772853	-2.36650337428	-0.853566851991	0.169191919821	2.31312940301	18988.016674	687.496177387	True	
1.03854623773	1.23685965817	10.3633070576	5.24523923532	-2.44368247847	-0.821896544745	0.0769047242301	2.68527073518	19269.5929874	680.621215613	True	
0.651660321714	1.24347399963	8.12194139755	5.78376590457	-2.43814278944	-0.892716802268	0.349016034629	2.52950958697	24378.8002726	673.815003457	True	
0.992950380319	1.39068540046	9.43797268484	5.42141006347	-2.31876035499	-0.879601584684	0.226481873006	3.25995453436	21961.8852293	667.076853422	True	
0.862241619814	1.44501626597	10.819125706	5.53835739698	-2.56566565913	-0.794620772067	0.194922530655	2.74382252293	19950.7458065	660.406084888	True	
0.465433310196	1.07408285135	4.82346800147	5.40596339376	-2.17060600982	-0.80949551287	0.181207636542	3.01183572483	17610.3019154	653.802024039	True	
0.827841838297	1.69460492914	5.1852738529	5.4333332738	-2.21499355316	-0.77414107022	0.0837585847654	3.77094290321	17656.5005374	647.264003799	True	
0.448491400686	0.753976117212	6.46579336993	5.43250294214	-2.29680252528	-0.852461447721	0.411277309708	2.81276411539	20024.401837	640.791363761	True	
0.463477521008	1.12173105939	4.85979858109	5.56590982135	-2.1801225167	-0.823802772174	0.323013196994	3.86466232567	18109.0448184	634.383450123	False	
0.773719460271	1.6281233169	5.46217474827	5.27103611857	-2.36684524694	-0.761006123235	0.0037779579189	3.7017138087	18182.1673759	634.383450123	True	
0.587382752059	1.55468996757	5.30765913006	5.47918410101	-2.48409093908	-0.763558731353	0.211522651878	3.84173992073	19206.4084658	628.039615622	True	
0.602119245813	1.66679513462	4.5055842663	5.32507345415	-2.25008237544	-0.762377739734	-0.118706259089	3.05313219289	18651.7650942	621.759219466	True	
0.482316280234	1.1352677971	5.35173657752	5.19659000883	-2.16780362322	-0.830717697092	0.0494900610231	3.2300287067	17764.6298975	615.541627271	True	
0.260919536761	1.25755612785	4.61395607894	5.57222271352	-2.2894307039	-0.812486679663	0.323538376283	3.09542483669	19452.2899527	609.386210999	True	
0.363347524049	1.70366729792	4.11400426664	5.43412721758	-2.38624972939	-0.716314205148	-0.0167599312349	3.79104937386	20377.5022663	603.292348889	True	
0.631947314617	1.39264298189	5.03192346585	5.35116786533	-2.24485987666	-0.831020534719	0.0852258619396	3.69559303243	16442.7304411	597.2594254	True	
0.626868480907	1.25150725782	6.51571632176	5.40108143019	-2.32191777598	-0.814698944423	0.222681831082	3.15686935354	18159.9811682	591.286831146	True	
0.536242069273	1.40163305547	5.10308440344	5.46809504803	-2.17803327189	-0.7717109848	0.240546837632	3.36210503913	17419.6790503	585.373962834	True	
0.728300706288	1.90168421359	4.67575710535	5.51744495565	-2.36596131544	-0.733383947608	-0.0465721621978	3.23529492902	18912.7408091	579.520223206	True	
0.338916383187	0.90687235657	5.4993517896	5.34591889317	-2.28887231619	-0.777011422783	0.243458201428	3.31664372429	17807.4789333	573.725020974	True	
0.528011367062	1.0972392735	5.05413754185	5.4831136544	-2.13525543516	-0.797074106746	0.280674993449	2.40387420464	17363.9758148	567.987770764	True	
0.261734110337	1.25762727925	5.03802011846	5.59558710973	-2.4578815777	-0.814226582848	0.410303139389	3.12072332391	20920.6549671	562.307893056	True	
0.536572053957	1.58930949161	5.23861180388	5.82804224679	-2.29712608019	-0.80318215136	0.216987189997	3.64537764609	20457.9880096	556.684814126	True	
0.55707790068	1.1740976072	5.61056443624	5.40641290949	-2.20877666484	-0.824180451115	0.19099899097	2.89373221826	16582.620044	551.117965985	True	
0.795871176136	1.46894665382	5.94191132285	5.68881447602	-2.25318018675	-0.797250189359	0.217688096025	2.92808959312	18503.6780546	545.606786325	True	
0.480126073981	1.32031997625	4.79768394106	5.46907707628	-2.26635656948	-0.814428565875	0.164952651473	2.8162677341	16764.5890194	540.150718462	True	
0.631085009571	1.52216191658	5.39113903123	5.46562931603	-2.25522476119	-0.712608657138	0.140652737303	3.27934154809	17633.9467622	534.749211277	True	
0.595209665273	1.60902494954	9.70994608549	5.43015137773	-2.57577559165	-0.724315677473	0.0417984915279	3.92329055376	20955.7708348	529.401719164	True	
1.02797471027	1.44892433227	9.90437706456	5.41058301282	-2.45792341893	-0.806381708542	0.0923868892978	3.68627861206	17994.3211899	524.107701973	True	
0.998427213999	1.56507719844	8.54034586889	5.19940366845	-2.48078840782	-0.867526059576	-0.0417521214188	3.74782363285	20588.9488678	518.866624953	True	
1.00097063805	1.51351930097	9.67798852696	5.37302123755	-2.38289600544	-0.67574995251	-0.0619078707767	3.20014760809	19522.2834884	513.677958703	True	
0.932180451816	1.34378357101	9.10789237334	5.25998736667	-2.40010245136	-0.770304057826	0.097951844265	3.00970175614	19141.8550832	508.541179116	True	
0.76132208384	0.880260206167	10.2814885304	5.39948884672	-2.41955077003	-0.793271014632	0.308071106513	2.89216820628	19602.5901234	503.455767325	True	
0.986392182654	1.91418826406	9.38875520263	5.46482695755	-2.51585711881	-0.810249343223	0.0890590431348	3.37361910716	19211.1529443	498.421209652	True	
0.926843173845	1.30632124032	9.07575654172	5.31698651659	-2.3889754838	-0.776654708448	0.0704026233253	3.18785874617	18638.1222085	493.436997555	True	
0.913963171952	1.87625123174	9.00031630082	5.56854440799	-2.48108074197	-0.829214805208	0.131648114554	2.35365933437	19114.3815542	488.50262758	True	
0.691174505384	1.48612702859	8.7840101583	5.34724192821	-2.54118794914	-0.802453224986	0.00661352626015	1.50199159711	18793.133471	483.617601304	True	
0.599092026743	1.3368585264	5.30551130043	5.48769641406	-2.17825683052	-0.793946943474	0.203773528852	2.15448599692	16256.8083402	478.781425291	True	
0.557757545279	1.42447597539	4.75459820022	5.18983614634	-2.2569439624	-0.779048929885	-0.0322633892774	2.56982866332	17261.0970928	473.993611038	True	
0.580265825165	1.37739862909	5.09227438073	5.25534033038	-2.29254051309	-0.861476246238	0.142300271406	3.63213546373	17850.4764079	469.253674928	False	
0.540735956634	1.11795170317	6.38196667246	5.5507012656	-2.33700698292	-0.692732921995	0.27498313803	3.86902092424	19184.8149853	469.253674928	True	
0.595559353606	1.18004313136	6.42346778581	5.19946931555	-2.38048581114	-0.910667566053	0.0567092822112	3.78407272342	20136.7233939	464.561138178	True	
0.658970527009	1.46203205734	7.19166996081	5.539126691	-2.46625020787	-0.772125676673	0.194745867449	3.79024614298	18399.3477535	459.915526797	True	
1.03193236078	1.86477314676	9.86992502723	5.57527588734	-2.42802111978	-0.709487759862	0.12312692655	3.79669912613	19261.1762516	455.316371529	True	
0.802290796068	1.68964001567	9.52594674995	5.6158641224	-2.46936114983	-0.791141524286	0.188054596838	3.92325936268	18058.8731124	450.763207813	True	
1.02058457759	1.82593368553	10.0755338987	5.59229135998	-2.37770212943	-0.79126797314	0.0107466406823	3.94020042565	19291.260335	446.255575735	True	
0.882553909728	1.79061587688	8.87590119696	5.31406834423	-2.47764964383	-0.798387729443	-0.119580434399	3.10438973562	18311.573558	441.793019978	True	
0.587089577844	1.36734484784	8.5278025672	5.32922033116	-2.45396078315	-0.820405653685	0.0894598774502	3.34680581516	18500.2110285	437.375089778	True	
1.00538499287	1.8045048848	9.45980579395	5.55043602812	-2.34903440588	-0.733603450428	0.0312626817876	3.43324272051	19258.2519553	433.00133888	True	
0.898616991636	1.36000764206	9.00519644742	5.34146636566	-2.46318092965	-0.821106327204	-0.00163242386588	3.48090178795	19076.5511239	428.671325491	True	
0.974492343965	1.46033608363	10.1004812468	5.31684995503	-2.47542020498	-0.796797755037	0.00724852150557	3.00590992612	17934.5842818	424.384612237	True	
0.619861849395	1.13584111248	10.4459511155	5.44720586973	-2.4474752801	-0.740867539542	0.122395071557	3.48960651799	19816.1001522	420.140766114	True	
0.758730762747	1.21409741741	9.25932901584	5.32320912065	-2.4782484747	-0.813732912566	0.129838610703	3.27126271644	18047.7059099	415.939358453	True	
0.93997928175	1.35284390044	9.23578779692	5.43875969479	-2.33488096008	-0.752489192156	0.08480921935	3.0211080344	19331.0892265	411.779964869	True	
0.748890795046	1.02642298523	9.55656497367	5.33156854763	-2.35824331797	-0.799944550875	0.0972262935957	2.96028818582	19186.8015603	407.66216522	True	
0.931730378844	1.05866472086	11.0751033551	5.4733236513	-2.35061467594	-0.776150769716	0.195098336982	3.38563131277	20186.7820895	403.585543568	True	
0.756507643694	1.72010297706	9.21683321038	5.59682561646	-2.45775476067	-0.752078652704	0.0532497395895	3.40618241203	18521.5645179	399.549688132	True	
0.517912972223	1.22644049655	6.05866478608	5.37724860619	-2.29410345114	-0.804327917772	0.0734874904308	2.21127681309	17724.3734622	395.554191251	True	
0.550860493484	1.26355768419	5.70222904233	5.39194252949	-2.30787448522	-0.802837882291	0.102893002421	2.75787235404	16540.8088913	391.598649338	True	
0.501660857369	1.10934874175	5.30179670273	5.16522361569	-2.27866324959	-0.80701599966	0.0566499090409	2.49286232524	17195.8131512	387.682662845	True	
0.603317898247	1.16555196866	4.87658132288	5.19745437937	-2.25889157999	-0.820475157107	0.192525068832	2.86079474655	19176.2935551	383.805836216	True	
0.645644038454	1.2739008696	5.31835207139	5.30709902114	-2.25841007675	-0.788734326892	0.0818368228379	2.99344354317	16451.3489927	379.967777854	False	
0.564640601782	1.2465578423	5.87426182744	5.2488068864	-2.40055574355	-0.73543779076	0.047323214415	3.39722372383	18167.7363525	379.967777854	True	
0.408434431625	1.25120372174	5.43567094989	5.40666855286	-2.40458054161	-0.785564089726	0.147220533056	3.09448362918	17283.5212024	376.168100076	True	
0.592034838585	1.26349878382	5.47032222354	5.51509967086	-2.2220063163	-0.820381298674	0.150624418438	3.1461447793	17109.3194232	372.406419075	True	
0.550238367486	1.32386402706	4.84528532795	5.22165694646	-2.23629277988	-0.797876355937	0.0944458646791	3.39626221207	17186.6594403	368.682354884	True	
0.689132575799	1.24833868463	5.22825704508	5.19610319403	-2.24318461668	-0.771353890264	0.013501599235	3.86300504719	17635.4471192	364.995531335	True	
0.675536146519	1.45361055296	5.3413524293	5.40308986406	-2.17019623433	-0.810160151921	0.0600633250416	3.39258164783	16872.6759732	361.345576022	True	
0.557802520051	1.10120002047	5.45791528326	5.41130138351	-2.13483706207	-0.757657445058	0.221857834937	3.6899891585	17168.3644271	357.732120262	False	
0.574942822993	1.20284944072	5.1070635394	5.33795067364	-2.12966963594	-0.798875945984	0.119427432461	3.75045500798	16719.7432225	357.732120262	True	
0.666717639683	1.4236511638	4.92415148265	5.44109100078	-2.04963135934	-0.811652496654	0.0988924223244	3.65124648348	17727.1512977	354.154799059	True	
0.531112931282	1.13548112913	5.37633113741	5.5556648842	-2.24424644746	-0.799230660744	0.358293653286	3.49055308019	16996.1175365	350.613251068	True	
0.528096777213	1.16222114103	5.55685321469	5.57971102952	-2.36083525727	-0.748771228368	0.326365831648	3.43667363034	17593.2992896	347.107118558	True	
0.651183846351	1.40597058351	4.3915695126	5.26393062469	-2.16096722357	-0.709788994611	-0.0269129049003	3.49214422712	19402.9361216	343.636047372	True	
0.672415971051	1.33245899635	5.49052329969	5.36205833814	-2.14971761931	-0.770349955142	0.0836382309922	3.33857628609	16937.2989657	340.199686898	True	
0.508218281277	1.18009383798	5.12881893377	5.29781294686	-2.18124869154	-0.769692598152	0.0969913590859	3.27119703436	16770.7653055	336.797690029	True	
0.437473446001	1.12688349682	5.14623030745	5.34747454986	-2.2297541583	-0.817846804648	0.167113610318	3.13703064592	16647.3357444	333.429713129	True	
0.531705359901	1.17336884422	5.64279277029	5.21769614513	-2.26231620597	-0.796724585871	0.0879968640826	3.18080999265	17276.5200081	330.095415998	True	
0.591862242989	1.28034104104	5.66785817125	5.40796443082	-2.320983053	-0.72727774941	0.227052660994	3.74932243433	17733.2662035	326.794461838	True	
0.67787009181	1.46750733916	5.62372163695	5.4552427177	-2.29269354437	-0.761981800678	0.242071058309	3.97621579693	17689.2660911	323.52651722	True	
0.662773525449	1.49864554934	5.19432707821	5.54180755294	-2.34949950092	-0.789998205378	0.136664078937	3.98753015861	16875.8982112	320.291252047	True	
0.63510185666	1.45290105276	5.35783075953	5.43493905809	-2.22876403577	-0.764837982937	0.144042273043	3.98246568008	16494.8518501	317.088339527	True	
0.609974320517	1.43150547902	5.45900706624	5.43101067866	-2.21859835358	-0.783897355846	0.12157477965	3.63849423743	16587.1436509	313.917456132	True	
0.566926796013	1.55140801809	4.73514311776	5.26905865036	-2.27281075209	-0.792098511946	-0.0308069154773	3.36754900223	17223.937191	310.77828157	True	
0.526877909081	1.52383576745	5.30184246678	5.46329555365	-2.42461012616	-0.790639659696	0.129368310821	3.36139530192	17129.9946716	307.670498755	True	
0.456173217145	1.04841853853	5.63454298606	5.31563279607	-2.18963621849	-0.796569009106	0.226159452413	3.75101133642	17715.9001603	304.593793767	True	
0.640986970621	1.45193960835	5.91044955419	5.57047704154	-2.35481533834	-0.76046379131	0.209600272315	3.91643736413	16851.9824206	301.547855829	True	
0.435513152577	1.3852157855	5.24790414793	5.58259912616	-2.37043881639	-0.766656487028	0.275255790286	3.71852726962	17308.2905493	298.532377271	True	
0.541092182112	1.23491136713	5.05072404337	5.55981372997	-2.2154631116	-0.777027746051	0.266614353534	2.73570736546	16797.4289931	295.547053498	False	
0.605289487871	1.46273435367	5.19796501538	5.45027910065	-2.19229866159	-0.791107573328	0.10282045759	2.59886981357	16576.7083486	295.547053498	True	
0.620796590484	1.32347084079	5.77544149692	5.49109648306	-2.32765279675	-0.790785227805	0.211431033938	2.5701872269	16369.3563681	292.591582963	True	
0.709505988755	1.53920298165	5.22781764916	5.36638707834	-2.24671878078	-0.816117516366	0.116296196535	2.80687596113	16893.4055838	289.665667134	True	
0.673807575926	1.5258873346	5.31640577769	5.40168938288	-2.26813042529	-0.76832471748	0.112566064251	2.86063281321	16579.0125489	286.769010462	True	
0.582142755369	1.34894344129	5.46324833801	5.45154181417	-2.25793295662	-0.811068672751	0.152484606163	3.18223033943	16199.3839606	283.901320358	True	
0.607842075386	1.44054870866	4.85794711169	5.49054221202	-2.29822983028	-0.794432698712	0.152033775315	3.65819878213	16602.544964	281.062307154	True	
0.432400217789	1.02848075326	5.31425542988	5.30206879217	-2.31090996904	-0.776064403521	0.158598639528	3.78537075958	17125.4709514	278.251684083	True	
0.57583082824	1.2479161012	5.2541800171	5.40884574585	-2.27253323835	-0.817803893985	0.175719763471	3.57927670253	16226.2458927	275.469167242	True	
0.561023766047	1.39772973392	5.20017882522	5.32171896548	-2.33834133612	-0.808169250513	0.214992425436	3.85485574137	18127.0873837	272.714475569	True	
0.627660122406	1.45475589728	5.04911690735	5.43479339191	-2.32713291828	-0.816692449818	0.0672912748896	3.15596417327	16813.4209269	269.987330814	True	
0.565161739824	1.2378478033	5.21212981903	5.37630227914	-2.20749785218	-0.746254652886	0.123226838205	3.65525826295	16611.3855711	267.287457506	True	
0.661569804203	1.36256899085	5.21804332561	5.38145795277	-2.30936594775	-0.821150044924	0.103081311456	3.98288183683	16627.9653441	264.614582931	True	
0.579686241594	1.42892274557	4.89664130411	5.46119469981	-2.42303240297	-0.816640263396	0.210725930136	3.03584950369	18298.6616859	261.968437101	True	
0.578948944736	1.24476081319	5.36795918748	5.47868579195	-2.20450760141	-0.789241505111	0.236419470663	3.06217151851	16230.3715893	259.34875273	True	
0.707465872283	1.22536157187	6.27391275466	5.3356811463	-2.38738965586	-0.813996496606	0.136355559542	3.24871279359	18167.5354688	256.755265203	False	
0.710348100355	1.48685342489	5.29074899349	5.48548474533	-2.1214149255	-0.766574488876	0.137887062958	3.64420992351	17084.2843992	256.755265203	True	
0.543195535073	1.10600876093	5.56185699965	5.42085064618	-2.34602780046	-0.80313383555	0.192341119033	3.95906504103	17096.0191306	254.187712551	True	
0.580331711933	1.3511058281	5.49101793612	5.50516903445	-2.24502601191	-0.738216780536	0.140021120026	3.4734421962	16760.9705262	251.645835425	True	
0.572979690037	1.46647656583	5.71383867528	5.60930880106	-2.31343823375	-0.801376832194	0.152497055752	3.06339564208	17536.6353074	249.129377071	True	
0.606196969286	1.32422672785	5.45017124189	5.47931081701	-2.25172754627	-0.791737369158	0.189381436206	3.16510280614	16046.8741734	246.6380833	True	
0.598007725829	1.44266661125	5.12595894147	5.54652231502	-2.34300981154	-0.835466232806	0.223540917545	3.07544221441	17072.7350856	244.171702467	True	
0.551799911648	1.27853839967	5.28114388106	5.36062419366	-2.25692892184	-0.823030222178	0.181538644505	3.43875103285	16376.0612538	241.729985443	True	
0.635781547068	1.49879298142	5.35631238157	5.46583300195	-2.19407602476	-0.750371461062	0.109029649849	2.67939440885	17003.9660053	239.312685588	True	
0.562172624672	1.24221916311	5.39796017988	5.45404193929	-2.2013465534	-0.776927621926	0.169394545581	2.77659273751	16286.3295962	236.919558732	True	
0.519794595186	1.22421045968	5.03347159961	5.5381729356	-2.16766359545	-0.766995580924	0.290151084004	2.06979210884	16900.1805422	234.550363145	True	
0.55141217423	1.21107123527	5.57505065648	5.31927943881	-2.31897740368	-0.806019967126	0.0730079267026	2.43723803287	16628.8846253	232.204859514	True	
0.507277604862	1.31722191974	4.87060834465	5.32152406145	-2.29126121355	-0.769464961365	0.102205664748	2.45566998523	16543.0789742	229.882810919	True	
0.53745446737	1.18333263282	5.44895913303	5.29605831283	-2.25719288872	-0.764641803824	0.108432231361	2.6337605533	16650.173602	227.583982809	True	
0.551570114125	1.28693993175	5.05847127649	5.46070600075	-2.29741918948	-0.787936831592	0.175135071376	2.83348320484	16338.0482509	225.308142981	True	
0.613009708019	1.41357682456	5.27272036644	5.36803205712	-2.15471759832	-0.761497892038	0.0782722586234	2.82661881443	17056.6606905	223.055061551	True	
0.569533558024	1.45712527809	4.99708367271	5.34982697612	-2.31479344989	-0.782102178405	0.042716346099	2.44784972433	16340.8209023	220.824510936	False	
0.649371088254	1.29534763256	5.26905923696	5.23285663717	-2.13446032532	-0.785556799041	0.0587645804786	2.48800899953	17294.0407388	220.824510936	True	
0.684725707605	1.29808734236	5.43857631858	5.26974997079	-2.30666580208	-0.806611734396	0.0597846975473	2.68487794228	16942.8671855	218.616265827	True	
0.440694908783	1.16403199558	5.0777885699	5.4308950004	-2.22664790834	-0.746615710585	0.198840290515	3.07187931425	16958.5541188	216.430103168	True	
0.607336458441	1.25884898055	5.51883946996	5.40077801756	-2.22730999112	-0.775708168252	0.190983286544	2.76067102634	16374.1513507	214.265802137	True	
0.518193238255	1.35121209115	4.73603487155	5.41523027066	-2.23462101097	-0.822751623507	0.180918884416	2.78035563564	16748.7008902	212.123144115	True	
0.592858237085	1.29152278435	5.42256201263	5.51149979734	-2.23863204725	-0.763614561806	0.135879923841	2.63695963888	16715.6010486	210.001912674	True	
0.567221217233	1.40631733062	5.29945339348	5.51053355327	-2.32591305394	-0.760185178138	0.165506707753	2.70165012588	16259.9680227	207.901893547	True	
0.619931584516	1.40101720532	5.56874868559	5.50946028837	-2.37479874015	-0.790469516652	0.235156679311	2.94938853171	16741.3087247	205.822874612	True	
0.602857718389	1.39386686268	4.98036328684	5.31363548303	-2.26087060601	-0.833407416912	0.0368478924092	3.40510432771	16612.8010132	203.764645866	True	
0.585185076222	1.2720125104	5.35687663565	5.40714440531	-2.2667289317	-0.811970235345	0.209223653701	3.44801692162	16241.4256245	201.726999407	True	
0.467961759246	1.27224803792	4.79951937052	5.24794008473	-2.31996099089	-0.786206467312	0.0380353783426	3.02948884336	16992.7604315	199.709729413	True	
0.582293569425	1.44123187705	5.06331341889	5.57128135793	-2.23771113578	-0.76821749633	0.256039575405	2.31345284708	16569.7032694	197.712632119	True	
0.659960845974	1.43014276215	5.17553217758	5.46485505321	-2.21821741544	-0.781838285537	0.161648371788	2.51460857364	16174.8600724	195.735505798	True	
0.618141744513	1.39269771752	5.4569822502	5.56939012664	-2.30015550169	-0.826590793657	0.27290685487	2.50520930583	16693.0765961	193.77815074	True	
0.493218932108	1.12210068954	5.54355701253	5.42485306486	-2.30536696925	-0.767213065454	0.214753841825	2.39910263403	16543.8280666	191.840369232	True	
0.694403665163	1.33127711344	5.34371486837	5.27576289278	-2.17685195345	-0.766987200531	0.0139188339196	2.76150616935	17114.3484571	189.92196554	True	
0.645422344702	1.42965106127	4.95790216782	5.25115030175	-2.1796068908	-0.789857110237	0.0293856828166	3.17040152293	16946.3033967	188.022745885	True	
0.412358427138	1.11826552543	5.37727804766	5.29184080719	-2.26195577741	-0.81796668254	0.153789978997	3.37161908523	17116.4691485	186.142518426	True	
0.703604024732	1.46906575337	5.14223103597	5.46663251262	-2.1771011098	-0.752798961829	0.136622617316	3.38448898072	16740.9240634	184.281093242	True	
0.454738208004	1.34717909127	5.23030335694	5.61439545538	-2.38246128891	-0.755499083777	0.261849771158	3.37940979434	17386.6194853	182.438282309	True	
0.568307006957	1.41945605663	5.06739858743	5.38813300081	-2.31171295961	-0.796375533621	0.0868381405118	3.86812484841	16176.3013405	180.613899486	True	
0.593073775394	1.32878315933	5.3657025566	5.44928028416	-2.34258445691	-0.74753857	0.165850777019	3.95803481805	16598.4895291	178.807760491	True	
0.588349205913	1.48232406777	5.38716344424	5.44683295565	-2.34088529604	-0.774066277552	0.100424787173	3.64783856004	16335.6742442	177.019682886	True	
0.640393827456	1.29148216168	5.79740194531	5.42621414019	-2.31776689674	-0.783731392316	0.158619040309	3.6454748828	16447.1969284	175.249486057	True	
0.516143354825	1.21567389026	5.69844899096	5.58030457648	-2.28434390095	-0.752378164079	0.278453457975	3.33438651917	16801.5438287	173.496991197	True	
0.679976344175	1.41460085702	5.84384305468	5.41863037824	-2.33104225154	-0.774992800042	0.0956706801684	3.11454727677	16631.7359411	171.762021285	False	
0.490390905377	1.19670881052	5.06537063849	5.41441293095	-2.25206854582	-0.807785502625	0.202206840289	3.33969086083	16340.9826792	171.762021285	True	
0.529722140705	1.35853278748	4.97885152647	5.31200632532	-2.31038740393	-0.860047241937	0.102494978004	3.53023025721	17065.9819625	170.044401072	True	
0.574240774621	1.34026701237	5.43184718115	5.42586613197	-2.30335872871	-0.79911911784	0.159307392612	3.15642433392	16054.9002069	168.343957061	True	
0.580263440473	1.33986773538	5.22422590448	5.55755421473	-2.33687549314	-0.791425155837	0.239689310073	3.378173169	16663.8212268	166.660517491	True	
0.586270441121	1.37228192777	5.44533857102	5.39362820393	-2.2738069633	-0.796471008583	0.131548434409	3.69319192106	16184.1958668	164.993912316	True	
0.638420807055	1.53106115545	5.14691558902	5.52563340137	-2.30731896495	-0.733135479928	0.104726480445	3.78546985269	16801.0641018	163.343973193	True	
0.608904328865	1.42006722477	4.85930427576	5.44705532905	-2.20607450475	-0.768831729499	0.134835406979	3.48387101943	16499.3753247	161.710533461	True	
0.572818698496	1.36013803135	5.31470040605	5.56321899536	-2.26795760122	-0.72444566329	0.221852739237	3.58276253011	16825.315753	160.093428126	True	
0.687734924797	1.53462174767	5.39136701982	5.49857224294	-2.28929469195	-0.776181101658	0.0774536990989	3.36012716672	16575.1449022	158.492493845	True	
0.573186576614	1.2308606891	5.30592223625	5.36527611888	-2.25815332025	-0.769476166718	0.127294842997	3.36782974869	16255.590826	156.907568906	True	
0.515960452349	1.30830291353	5.29809877966	5.40685280906	-2.2994946229	-0.803538818296	0.134146286824	3.20773885641	16169.2656227	155.338493217	True	
0.61086190704	1.32249629582	5.55408068353	5.4421044184	-2.25049448627	-0.802746927373	0.214052841131	3.26287471186	16327.9040347	153.785108285	True	
0.590381180405	1.31302777344	5.35895510216	5.43720478498	-2.29389140555	-0.823158233346	0.160773251267	3.32139729906	16228.6367181	152.247257202	True	
0.489348939544	1.24889474734	5.45710004129	5.46382429931	-2.34152172056	-0.813233160722	0.173040534966	2.79414072694	16584.281355	150.72478463	True	
0.539032423508	1.27205067495	5.54064243699	5.42899209166	-2.33176343327	-0.788162973787	0.177466777383	2.60371029878	16210.9793335	149.217536784	True	
0.575388931963	1.30720226579	5.36256645064	5.54860179547	-2.24743696614	-0.771806179222	0.225815701817	2.50436156314	16206.1787755	147.725361416	True	
0.596259696567	1.24775001964	5.76547664903	5.56626540166	-2.26854832367	-0.777307199021	0.295805749858	2.77968770084	16569.9315892	146.248107802	True	
0.601605841995	1.27436804917	5.37604671975	5.35574259302	-2.24409577239	-0.795939883872	0.111900889063	2.06464989975	16099.4219993	144.785626724	True	
0.705725940118	1.43505237065	5.13705609931	5.5275738424	-2.21659619023	-0.770980486723	0.12347244744	2.46548378104	16982.7145588	143.337770457	True	
0.514909492233	1.28902841647	5.38399604908	5.4075798872	-2.29862364064	-0.788422548734	0.104533546679	2.28917816456	16316.7489571	141.904392752	True	
0.617042236709	1.30992626113	5.21359078834	5.38097952624	-2.27525319304	-0.791326083594	0.125587462589	2.33424090553	16110.4258404	140.485348825	True	
0.535963083347	1.35574261743	5.00578375963	5.35579738138	-2.22383983875	-0.803627654844	0.0841868494672	2.09353771914	16329.3622195	139.080495336	True	
0.600364513475	1.2322100217	5.33330972866	5.40272777128	-2.25655756539	-0.768918543386	0.170295501841	1.88597539001	16232.3626667	137.689690383	True	
0.528512484147	1.41671190159	4.95795522815	5.52221392355	-2.28292163548	-0.787632748881	0.190814577573	2.07466811995	16337.565913	136.312793479	True	
0.658100647852	1.49996921514	5.27263921443	5.52983082473	-2.32185420262	-0.731905114615	0.165297754373	2.45207061815	16700.8778878	134.949665544	True	
0.640876970046	1.25147376047	5.36689186862	5.3772328439	-2.21804418131	-0.796915892978	0.0789064963085	2.1975818596	16685.5384831	133.600168889	False	
0.548248453386	1.26474218235	5.315015176	5.43909529111	-2.29476696942	-0.758044675889	0.179029596718	2.24059732562	16209.0356689	133.600168889	True	
0.562874251016	1.37465765019	5.28690862532	5.38214411713	-2.33401298417	-0.818225057858	0.122941113492	2.29546112383	16267.3024548	132.2641672	True	
0.553207824069	1.21800259736	5.41243042682	5.47270378437	-2.28053616018	-0.773210252438	0.238425161628	2.22833945079	16205.866405	130.941525528	True	
0.599747040746	1.3712071497	5.27067779909	5.34014075812	-2.20801475546	-0.767526196035	0.050581885567	1.87545486192	16526.986034	129.632110273	True	
0.552231694214	1.26108798508	5.22370374431	5.34382952816	-2.27909393071	-0.827727431022	0.156010453346	1.7479341914	16302.5009083	128.33578917	False	
0.557874916725	1.21863725947	5.12457533177	5.36963586718	-2.20618813879	-0.782082498353	0.143030336452	1.68937772031	16254.7645999	128.33578917	True	
0.648938901835	1.32859923072	5.4991419755	5.40123402209	-2.27936329092	-0.781935626626	0.135443518585	1.65117787322	16128.7551266	127.052431278	True	
0.465577765447	1.02214639649	5.61406038868	5.33248322202	-2.30312396823	-0.782019810588	0.149364613741	1.5258416623	17005.5044577	125.781906966	True	
0.62817865151	1.433022518	4.98591705373	5.44199015135	-2.24276501176	-0.776299491139	0.149585013621	1.89751482384	16188.9405809	124.524087896	True	
0.67719543465	1.49285841094	5.37155266475	5.5341486291	-2.21379142774	-0.763303632364	0.193234251168	1.65246200464	16509.4587914	123.278847017	True	
0.59255086493	1.30165058323	5.34473869362	5.49918634266	-2.23385909679	-0.819301643069	0.238137370736	1.77859300034	16249.8200713	122.046058547	True	
0.573866166117	1.29658246806	5.4043653507	5.4075080033	-2.32345060288	-0.804660059003	0.169777821626	2.08370545058	16137.3339489	120.825597961	True	
0.698574425834	1.57965899579	5.07695726569	5.53658153728	-2.28222517114	-0.763623678945	0.15736959549	2.2576259005	16558.7072216	119.617341982	True	
0.665710605054	1.47192414095	5.52072423437	5.45656206679	-2.29502266639	-0.774128525709	0.106407922146	2.19868390029	16238.5323492	118.421168562	True	
0.580284743349	1.31681314502	5.37100412215	5.45044244456	-2.30865787149	-0.789167028049	0.198567416624	1.96727004472	16039.953462	117.236956876	True	
0.558977831026	1.30026280985	5.29844648321	5.42289966658	-2.23425228989	-0.764776332976	0.125066390167	2.17330771413	16195.8853586	116.064587307	True	
0.569741762746	1.3233526209	5.15900235723	5.40720848403	-2.23420074402	-0.768340155309	0.14905089917	2.0013833775	16083.0690385	114.903941434	True	
0.501484457598	1.18592867712	5.25893859696	5.42757507132	-2.20027451538	-0.779993678071	0.189666586624	2.3382985911	16329.0878691	113.75490202	True	
0.629070689889	1.29014712061	5.47526734667	5.46463392668	-2.20973640147	-0.779363531304	0.18926573942	2.47282328896	16201.1737129	112.617353	True	
0.54734283244	1.31360548578	5.10990907271	5.33643430709	-2.27521495863	-0.799516002205	0.160933628382	2.49847363386	16394.2347323	111.49117947	True	
0.655795351252	1.35102982691	5.43070193326	5.40905651626	-2.22119153877	-0.83164145521	0.12268228521	2.55421014911	16492.3086152	110.376267675	True	
0.605173135317	1.31689457511	5.31069860551	5.47358187205	-2.29284813354	-0.767310949334	0.224651653362	2.56517432543	16306.3067218	109.272504998	True	
0.536817251909	1.31400443391	5.22321194755	5.42415123194	-2.23703139304	-0.799745717397	0.167316860374	2.59643398504	16102.5086796	108.179779948	True	
0.604040552525	1.40382258331	5.19468233875	5.49714578073	-2.28489706121	-0.804961089775	0.182756700588	2.48698999707	16109.5715421	107.097982149	True	
0.539986309156	1.26986800241	5.236689489	5.45378004108	-2.32915263046	-0.804817605733	0.204317858256	2.3985779366	16320.7094835	106.027002327	True	
0.587997770813	1.16759670016	5.76941723473	5.37761260678	-2.24188182796	-0.786856252073	0.173629243673	2.55610654199	16595.3158983	104.966732304	True	
0.613783913807	1.35132328974	5.22602303403	5.38779201426	-2.17478044632	-0.802678820562	0.150427439129	2.90477582684	16367.4099141	103.917064981	True	
0.553507342513	1.23614522679	5.76961530475	5.49988406836	-2.40214919186	-0.782044436986	0.259905766356	2.80973652386	17190.752478	102.877894331	True	
0.603933649475	1.5508839701	5.29993834738	5.47087876441	-2.34711134509	-0.781421801023	0.121143429412	2.71108947151	16406.4119844	101.849115388	True	
0.539767635936	1.18913920006	5.1089692982	5.32927029983	-2.17797515327	-0.787665586783	0.154935352145	2.65188363115	16500.0466229	100.830624234	True	
0.536043755588	1.18635544693	5.52345304516	5.49122956289	-2.23005593506	-0.788854877597	0.214940474222	2.70093917318	16341.64593	99.8223179918	True	
0.596673769736	1.37562483716	5.13193514509	5.34520638626	-2.29273575437	-0.776006743427	0.0622191389206	2.86444467228	16203.8282434	98.8240948119	True	
0.589286084404	1.39019681878	5.28234469846	5.48363520092	-2.26330970588	-0.770172167827	0.173819795563	2.6470221486	16053.0754884	97.8358538637	True	
0.700074142355	1.48962700987	5.57483666549	5.44016325196	-2.32604416854	-0.783436022739	0.090046551346	2.53231866292	16439.5043668	96.8574953251	True	
0.638854967403	1.41673109373	5.09967777815	5.41379819794	-2.22545332672	-0.822744190197	0.104802450734	2.29894744885	16334.7228947	95.8889203719	True	
0.625163272913	1.34120599944	5.40940018892	5.36007269607	-2.32470685231	-0.812108817831	0.126751391386	2.2864952616	16315.585139	94.9300311681	True	
0.547199823443	1.30021798544	5.31814934976	5.42159461047	-2.25898055303	-0.781191252406	0.150555259159	2.16732999616	16009.1803935	93.9807308565	False	
0.562445079507	1.22943453506	5.37931893571	5.34617596217	-2.23001421575	-0.804921741892	0.123624037063	2.16097313928	16188.5534359	93.9807308565	True	
0.657678101844	1.38844979923	5.5929317585	5.42325903775	-2.26654949334	-0.774482162307	0.130168734743	1.79597980477	16216.1322617	93.0409235479	True	
0.583640939664	1.43966801185	5.25398102551	5.44041887078	-2.29551202887	-0.770530686689	0.143253913268	1.6288966368	16127.5931796	92.1105143124	True	
0.5037971409	1.25965514573	5.35134335611	5.47965180629	-2.3012958474	-0.784787594391	0.216996805669	1.56893464166	16154.643313	91.1894091693	True	
0.623993873937	1.45723998878	4.98377468154	5.46824547922	-2.30205647908	-0.775931246157	0.150728034475	1.40784086353	16445.201219	90.2775150776	True	
0.540549205953	1.39887938928	5.41991398677	5.4949085026	-2.31322718196	-0.789453400633	0.182739085222	1.24350495948	16381.8525034	89.3747399268	True	
0.567193618053	1.31474651571	5.03039759092	5.45082129087	-2.23956372575	-0.761621602361	0.185344155904	1.35609252354	16408.9846816	88.4809925275	True	
0.56641372961	1.31740968951	5.29720358526	5.44851385648	-2.25405546844	-0.80189890182	0.164914692279	1.51591021857	16048.5455148	87.5961826023	True	
0.656202205451	1.4411381542	5.67406888197	5.4468385091	-2.26120180338	-0.796066097122	0.118764767695	1.5339106424	16506.8491593	86.7202207763	True	
0.562557783082	1.26896795264	5.21760789309	5.31336845821	-2.27784285129	-0.760775963096	0.106737628915	1.57574545657	16415.3539548	85.8530185685	True	
0.557289746742	1.21015948705	5.23043645212	5.4113094209	-2.14017756882	-0.809174070589	0.213470859459	1.60339513982	16565.5608261	84.9944883828	True	
0.617088028727	1.38609640195	5.54142906335	5.49513753334	-2.26109050669	-0.771220783971	0.139610609878	1.91571867833	16247.6629608	84.144543499	True	
0.597331508602	1.33087861462	5.22160343467	5.39290809008	-2.26509240886	-0.787725403247	0.164516283392	2.01081526344	16037.7968051	83.303098064	True	
0.560933738432	1.28975782977	5.29665897568	5.3538865657	-2.29421760034	-0.811192192178	0.12966311902	2.15850772084	16105.5092267	82.4700670833	True	
0.571758034712	1.34510012362	5.11762405396	5.47417821183	-2.22965645562	-0.785933000271	0.129324959929	2.05954734139	16278.6878341	81.6453664125	True	
0.492049620763	1.33007112186	5.01870832582	5.45435012402	-2.28969370033	-0.776624467856	0.119963760399	1.95117622761	16457.0290477	80.8289127484	True	
0.60499421934	1.3731638666	5.58976238892	5.52332011425	-2.2647640439	-0.786167125109	0.181287536645	2.02916845265	16223.0966761	80.0206236209	True	
0.61673023704	1.43132055801	5.26608054535	5.43671807589	-2.29820929795	-0.780052512509	0.0959689113698	1.96333149947	16070.9755026	79.2204173847	True	
0.559529679863	1.50662780582	5.14020702363	5.47668479943	-2.29126381259	-0.80532742973	0.146298684114	2.10502678992	16421.2730736	78.4282132108	True	
0.605649832987	1.36889092041	5.25092107026	5.46862318842	-2.27211100706	-0.796815228175	0.179768077702	1.911602163	15961.0643561	77.6439310787	True	
0.613329233683	1.34793619756	5.27264090114	5.3348172732	-2.32012183314	-0.781448527068	0.135967595399	1.82776970441	16460.7797365	76.867491768	True	
0.524048948914	1.2851263379	5.17455880211	5.41340147461	-2.29285784769	-0.798004262643	0.137686615831	2.13670257431	16098.1817388	76.0988168503	True	
0.580775920674	1.38927331373	5.16461228528	5.44332831585	-2.27428821938	-0.805401413544	0.143173883402	2.29439839904	16016.1022131	75.3378286818	True	
0.584194627588	1.38688022085	5.58441410914	5.5259000303	-2.28391615831	-0.804959496977	0.20746293434	2.44956315717	16327.6595683	74.584450395	True	
0.577619985551	1.20041599799	5.40036392362	5.42132957278	-2.31058302435	-0.817538985323	0.205588396461	2.56883298247	16516.3808074	73.838605891	True	
0.634395903727	1.28752841345	5.41272079429	5.38034519259	-2.26448802304	-0.787672487912	0.134726457429	2.72704427269	16163.6308722	73.1002198321	True	
0.4933333955	1.26565318264	5.05823031889	5.36916560392	-2.22055356686	-0.782825511942	0.156030472911	2.47015411942	16390.4768516	72.3692176338	True	
0.619783274135	1.47899384897	4.94421065461	5.36236931539	-2.27809856613	-0.779464066451	0.0538365746468	2.48486490301	16274.2502973	71.6455254574	False	
0.586436143617	1.26619423709	5.3363994411	5.37425888338	-2.21643779854	-0.805498875264	0.133868065541	2.48986531314	16134.0605434	71.6455254574	True	
0.640050247801	1.35474777625	5.29037458871	5.42783663387	-2.2330241151	-0.778199839069	0.137699673756	1.95923083361	16036.1388307	70.9290702029	True	
0.597503557494	1.27417302625	5.48593920281	5.45849785837	-2.2316236717	-0.77196430954	0.15272411243	1.73068803817	16208.6489223	70.2197795008	True	
0.538417510759	1.25434298391	5.3497940063	5.49097641276	-2.21029077231	-0.810902192538	0.19479252538	1.66460296595	16390.8345199	69.5175817058	True	
0.630655679383	1.34312438305	5.46136548019	5.50199077897	-2.20838843445	-0.785719021679	0.187657948092	2.11028631123	16187.4668539	68.8224058888	True	
0.633546962132	1.27896763102	5.50698358623	5.41420386193	-2.24730451816	-0.793179360835	0.153938057885	2.17980058829	16132.4956307	68.1341818299	True	
0.558478043892	1.20828813557	5.17471808893	5.35589624361	-2.27192198553	-0.792138213942	0.164299509078	2.39458242547	16280.5251255	67.4528400116	True	
0.553647682284	1.35495674214	5.12259174957	5.45592515498	-2.27711038524	-0.792455712395	0.132961709251	2.13535270051	16099.2248979	66.7783116115	True	
0.582270681467	1.27924451991	5.29734248023	5.40446369103	-2.21783217017	-0.822608268466	0.134518842617	2.32715094934	16264.4468615	66.1105284953	True	
0.544768482037	1.1314234196	5.42766842445	5.36415811099	-2.2071894909	-0.792818572004	0.182330887919	2.41358520438	16391.3944415	65.4494232104	False	
0.550361614876	1.2656247921	5.36666862238	5.44841792662	-2.30325432758	-0.777936789872	0.220084907681	2.40254775847	16180.5229174	65.4494232104	True	
0.628703734679	1.38868132146	5.19760067761	5.37136465797	-2.26371968762	-0.79055139965	0.132624447484	2.28644798624	16118.6307047	64.7949289783	True	
0.603013798551	1.31271493393	5.20880327567	5.38241770848	-2.21902629582	-0.774065481197	0.129288953235	2.18813977616	16108.2130101	64.1469796885	True	
0.570211349212	1.31437107615	5.45280317829	5.37701306145	-2.30659969961	-0.783084343926	0.146154327734	2.32228633296	16159.8723382	63.5055098916	True	
0.563479616418	1.31890992106	4.9730264532	5.41623594155	-2.26110415931	-0.800964952605	0.150159815367	2.19943615467	16159.5940292	62.8704547927	True	
0.624425846397	1.45387764384	5.23342484549	5.46998270192	-2.24972881297	-0.769756544991	0.129940822309	2.48299699577	16124.437336	62.2417502448	True	
0.622446172563	1.33944412523	5.34920284535	5.34761985793	-2.29372370734	-0.79978696696	0.0623161744955	2.35618072677	16258.742434	61.6193327423	True	
0.59344395841	1.38515478542	5.27827604247	5.45974190815	-2.27325241202	-0.784710436562	0.17832962826	2.23095696939	15970.6907042	61.0031394149	True	
0.584990246315	1.29030475065	5.32297040745	5.45482534046	-2.27082289324	-0.797608500361	0.196545215095	2.32456481221	16001.065391	60.3931080208	True	
0.567572660455	1.3544163953	5.42219540782	5.48920250786	-2.31656239252	-0.774450985034	0.189199719358	2.00055708854	16057.5040388	59.7891769406	True	
0.63491635252	1.40383821478	5.53351814577	5.47484704528	-2.25760993705	-0.778427415898	0.174335057329	1.97882869784	16152.8871301	59.1912851711	True	
0.591116280571	1.29360462641	5.63094625521	5.4455008155	-2.32552527592	-0.796560151893	0.151257157748	1.88640793041	16240.201671	58.5993723194	True	
0.613297606961	1.29171685129	5.43962579435	5.44186472235	-2.25661689819	-0.807745947822	0.161189884151	2.15097187382	16099.657465	58.0133785962	True	
0.617162553017	1.40945228461	5.33249865474	5.51380470187	-2.26700556598	-0.788961451796	0.177321602084	1.92514241095	16026.7716422	57.4332448103	True	
0.561095361121	1.34800854778	5.23932219974	5.40066483553	-2.28220094503	-0.79078904836	0.107690614506	1.78459552398	16023.0349001	56.8589123622	True	
0.483678635298	1.29345512629	5.26422017134	5.36822548931	-2.33059325444	-0.777134009215	0.121763319635	1.83414415593	16369.835242	56.2903232386	True	
0.594795741833	1.31372456643	5.30752803994	5.36308284488	-2.26604476194	-0.765963664506	0.105378573056	1.92515836241	16130.9737464	55.7274200062	True	
0.527065049321	1.2859658352	5.4972701014	5.51752193687	-2.28138979667	-0.798180815649	0.236398555277	1.63538537316	16204.6711162	55.1701458061	True	
0.600281927713	1.34499742044	5.47165465691	5.4334078965	-2.28164926263	-0.808383166943	0.155209623377	1.95949233275	16043.5498166	54.618444348	True	
0.492446875601	1.23836467962	5.29614826907	5.47172409348	-2.27296564343	-0.790700655222	0.21969372931	2.1661647347	16147.893956	54.0722599046	True	
0.595785653855	1.39182690539	5.151123539	5.42797428911	-2.2819906654	-0.788774519825	0.137543001435	2.0940475729	15953.5036635	53.5315373055	True	
0.581777416343	1.3721714488	5.10999993839	5.45045709799	-2.23360260567	-0.786604867957	0.1472578768	1.79947395231	16035.0622833	52.9962219325	True	
0.555937860875	1.26577864362	5.2991019753	5.45547675325	-2.19859756655	-0.785853637939	0.195602954391	1.89530277666	16127.9336302	52.4662597131	True	
0.558929696169	1.33967056645	5.21694127009	5.27322288437	-2.31624582541	-0.797743012504	0.0659274381056	1.7314313072	16441.1919137	51.941597116	True	
0.57097153131	1.28357041249	5.41352475555	5.48414512199	-2.2313590441	-0.77748660181	0.193468793978	1.75057556472	16071.2657588	51.4221811448	False	
0.590957893135	1.28090695855	5.54607347374	5.4167201112	-2.27345276482	-0.778137158742	0.133373364272	1.45817673125	16162.6539987	51.4221811448	True	
0.646368094024	1.43322935525	5.56904416323	5.48799603312	-2.32838871481	-0.787002662909	0.157814317293	1.56789059961	16212.2123317	50.9079593334	True	
0.58095286771	1.28846645136	5.61013474616	5.43499048294	-2.29770526139	-0.798770222823	0.182418185294	1.50105497175	16125.5767449	50.3988797401	True	
0.566823440812	1.24771360975	5.3601383605	5.40514881597	-2.24138939595	-0.781178960745	0.149509355381	1.65500419197	16053.8796389	49.8948909427	True	
0.526606172182	1.20815026758	5.33188988287	5.44362963267	-2.21229195341	-0.763489156496	0.215166859714	1.56801821864	16327.6041694	49.3959420332	True	
0.599254973018	1.32136895437	5.32590586465	5.38017138881	-2.27116759655	-0.765905089825	0.123123640326	1.3833736612	16168.3410574	48.9019826129	True	
0.621772586831	1.35581272186	5.49346976553	5.47383582275	-2.31827528916	-0.78614851467	0.162589758001	1.45938263497	16167.4435342	48.4129627868	True	
0.584162687118	1.35381303922	5.13302711577	5.41838562268	-2.25640887418	-0.769434836757	0.132963494632	1.62556371702	16056.5280087	47.9288331589	True	
0.606264661857	1.42865485091	5.10472905007	5.42435784224	-2.26609347592	-0.80554898463	0.138934585897	1.66779634887	16091.9087533	47.4495448273	True	
0.532543060991	1.27777273973	5.30151616984	5.42835680011	-2.25250143711	-0.788402453909	0.157908759917	1.67179733056	16044.6196367	46.975049379	True	
0.550627101176	1.30055508283	5.29503670417	5.45329055522	-2.29005763749	-0.796012962525	0.169665872378	1.79524088085	15998.9735434	46.5052988853	True	
0.603521086348	1.28969692695	5.44770094402	5.43095471607	-2.27193437726	-0.787229129255	0.153965100844	1.83082913081	16005.0819375	46.0402458964	True	
0.528128188109	1.38529390535	5.05812713874	5.47875408547	-2.25620120552	-0.779642773126	0.158070331264	1.66342206036	16248.0158901	45.5798434374	True	
0.581000006017	1.28788970154	5.26971486804	5.33078184	-2.2747537015	-0.778890125198	0.110134951268	1.70177508231	16148.2717152	45.1240450031	False	
0.588395145667	1.34801007189	5.32656589269	5.43434581689	-2.27822118147	-0.764143613934	0.149831711297	1.6988319511	16024.1558918	45.1240450031	True	
0.585276780655	1.36562755905	5.17687307635	5.40534864794	-2.25002381585	-0.798516742602	0.121112861819	1.76911196897	15996.3156048	44.672804553	True	
0.573705015275	1.1778692727	5.42571979608	5.38363534945	-2.24818277853	-0.803336712315	0.159838184643	1.66584996411	16237.7665722	44.2260765075	True	
0.619776671546	1.39718052422	5.27892644067	5.49268924264	-2.27131217295	-0.78213870718	0.174729247746	2.02128727332	15974.9848146	43.7838157424	True	
0.575375625893	1.30299256263	5.27735613772	5.38335986522	-2.24994429629	-0.800019213925	0.139103838146	1.982041792	15978.3239873	43.345977585	True	
0.574485041968	1.29976650504	5.31955985474	5.4143872638	-2.28624168856	-0.805321446518	0.157487516677	1.89512610856	15986.7549958	42.9125178092	True	
0.605059593851	1.37591706149	5.24982543645	5.45608544003	-2.26332744173	-0.774107707776	0.139745653428	2.07310149415	15978.3502148	42.4833926311	True	
0.620496289654	1.3747897608	5.33243223297	5.4553839948	-2.27099876091	-0.818140921967	0.180633034922	2.06107113366	16114.477681	42.0585587048	True	
0.664629213061	1.47312536834	5.27116601952	5.4781017521	-2.24518440527	-0.790850486439	0.157297526065	2.0456605945	16123.7274369	41.6379731177	True	
0.620197167128	1.3187294075	5.37881562029	5.39694343685	-2.24651848017	-0.785518524822	0.138985958669	2.07402119188	16012.8163502	41.2215933865	True	
0.579730634161	1.30589444448	5.30083651303	5.4217367733	-2.26567446364	-0.780946194294	0.155360470902	1.93290405103	15937.0148202	40.8093774527	True	
0.557582651608	1.43249488624	5.21419279787	5.48197722842	-2.2860448041	-0.802249400906	0.17754601288	1.98915804317	16165.3692252	40.4012836781	True	
0.616450801706	1.33754759221	5.29149569435	5.44120755461	-2.25575275595	-0.780154495945	0.149184293799	2.15321096173	15977.7874796	39.9972708414	True	
0.587402553556	1.36343971238	5.12070947773	5.41522176024	-2.28282918733	-0.784208645216	0.164943755323	2.27429673861	16058.8228057	39.5972981329	True	
0.5927414101	1.27957933932	5.11814990642	5.34962446462	-2.22273600224	-0.802714697724	0.0967390291596	2.20326568579	16210.3750564	39.2013251516	True	
0.550591498853	1.3488671143	5.1625244215	5.43961846751	-2.2517107804	-0.804671324119	0.14585753006	2.11155003016	16061.631554	38.8093119001	False	
0.618668699213	1.38331135926	5.35232098513	5.39411117052	-2.32025948575	-0.789793509159	0.137158908193	2.08519598625	16116.457522	38.8093119001	True	
0.541545805344	1.30384866189	5.24902570362	5.35593129183	-2.29237129922	-0.8108999419	0.145032710063	2.10113030283	16154.4877439	38.4212187811	True	
0.624383318026	1.34049682781	5.34700561245	5.44793624045	-2.26560326236	-0.784205544374	0.168141514636	2.08261085699	15969.7088707	38.0370065933	True	
0.591420966559	1.3688568093	5.37869000828	5.45201575342	-2.28035516282	-0.791805632467	0.145981443039	2.15952728998	15967.176923	37.6566365273	True	
0.567529199828	1.33943874268	5.14135148597	5.42409818898	-2.26869373958	-0.783907607357	0.133268568299	2.19929693302	15981.2365003	37.2800701621	True	
0.559211952941	1.34986410792	5.17430851343	5.46468362733	-2.26659604735	-0.811607865743	0.199068419748	2.18320872858	16093.029122	36.9072694605	True	
0.580319912718	1.34553453906	5.35110198456	5.41541554045	-2.31299492911	-0.778205705298	0.116856176185	2.23978817446	16066.8586102	36.5381967659	True	
0.568758632535	1.28620147889	5.4899610599	5.45902968532	-2.27043691163	-0.775007605434	0.190168797051	2.42589123579	16068.2155482	36.1728147982	True	
0.596087157437	1.26932405253	5.3022500225	5.40297155768	-2.23547709628	-0.793285005415	0.14726272802	2.4544504299	16045.7102245	35.8110866502	True	
0.575968476685	1.39107021605	5.1157314991	5.46805801609	-2.2851165251	-0.770761300196	0.156746488622	2.3534570184	16054.5269755	35.4529757837	True	
0.616587773855	1.40396513574	5.11316961558	5.41227139359	-2.25486613364	-0.785973809695	0.131826619856	2.35410964515	16012.1453526	35.0984460259	True	
0.569592614075	1.32090969734	5.35247827913	5.43333152941	-2.24684072383	-0.791867359535	0.184203934314	2.42081048616	16046.8658445	34.7474615656	True	
0.617355839391	1.41401641729	5.03571587517	5.45204848904	-2.27439899158	-0.797411440871	0.144373123597	2.29498667905	16122.0211841	34.39998695	True	
0.645592680817	1.41248128339	5.41877118449	5.47980833207	-2.25896969253	-0.791700506017	0.160997140679	2.456801639	16059.3844169	34.0559870805	True	
0.609714305571	1.35938817814	5.38090588214	5.4613043566	-2.25902962544	-0.790270936652	0.168840684263	2.41919711427	15968.1994578	33.7154272097	True	
0.590235798688	1.32171112291	5.19432320308	5.38893395965	-2.26707668873	-0.791870494331	0.160551931053	2.43080028435	16046.8336345	33.3782729376	True	
0.583399801381	1.28868695671	5.20632607007	5.36770740208	-2.25524415127	-0.789464891054	0.107621511193	2.50228296856	16068.1470443	33.0444902082	True	
0.59138171301	1.39004239829	5.16462703359	5.40114908378	-2.27069435052	-0.807928018642	0.13483972408	2.38065540973	16031.6890713	32.7140453061	True	
0.591776101106	1.36999166751	5.35244780108	5.43984269309	-2.29941854752	-0.775662936006	0.140692103028	2.29073819224	15992.8940927	32.386904853	True	
0.587129197963	1.25606879446	5.36577988041	5.38781639212	-2.25448989194	-0.772948704917	0.141842160293	2.2393907478	16105.7137825	32.0630358045	True	
0.573271513479	1.32679017337	5.22434719343	5.42233679827	-2.2831049427	-0.793650752297	0.163120048568	2.1905569969	15950.677022	31.7424054465	True	
0.577426071389	1.32284455818	5.29059080987	5.42588554951	-2.26470790051	-0.788194379568	0.144705437335	2.14828721401	15933.2693733	31.424981392	True	
0.578427288397	1.28568890594	5.259571182	5.39114820646	-2.24007125499	-0.795495919244	0.152131622715	1.84569075298	15977.7613511	31.1107315781	False	
0.562287294375	1.23528480932	5.46437097585	5.40374560678	-2.27995495315	-0.796568491979	0.161392185265	1.71220202776	16052.508713	31.1107315781	True	
0.562508130051	1.33965257779	5.33740275556	5.49460107959	-2.278700437	-0.764518950709	0.187282098737	1.61723960806	16072.7296001	30.7996242623	True	
0.564889317964	1.25360208755	5.30476862263	5.39148776817	-2.23542455054	-0.799620674457	0.162049378179	1.65275392378	16032.0243236	30.4916280197	True	
0.609893349491	1.30190048541	5.40533107902	5.49159217719	-2.24506532411	-0.783577221973	0.186775125155	1.52862166485	16107.2708361	30.1867117395	True	
0.602706833547	1.38072474998	5.28487581492	5.47867488368	-2.25225913633	-0.770954175623	0.167847276759	1.65160810855	16013.0305048	29.8848446221	True	
0.606017005999	1.30332894151	5.50758445844	5.51939189819	-2.26302365339	-0.774728728925	0.259996138302	1.81014882793	16198.6884127	29.5859961759	True	
0.57395571175	1.30019573207	5.22630775238	5.44197225291	-2.25756582984	-0.798978978441	0.185967237059	1.82611792768	15969.1831412	29.2901362141	True	
0.644936095292	1.40017258762	5.38281933395	5.45627093469	-2.22211454255	-0.787588311211	0.134415981753	1.61893677381	16151.9889526	28.997234852	True	
0.596675847452	1.28696695335	5.4272539285	5.43054065596	-2.25985901024	-0.793501056986	0.181473036398	1.8426054646	15974.6357866	28.7072625034	True	
0.564717871379	1.29650254906	5.33916054232	5.47927151954	-2.28871581107	-0.767985694195	0.201058169051	1.79306295986	16048.4432346	28.4201898784	True	
0.60575236702	1.41573942314	5.3348744809	5.41914366013	-2.28109740497	-0.786265644896	0.131774422845	1.71521527635	16017.6953218	28.1359879796	True	
0.559986976223	1.3400498818	5.36070467335	5.40471370807	-2.31340914948	-0.79491586956	0.143474255954	1.50758511246	16072.8926333	27.8546280998	True	
0.583782698253	1.3468639762	5.452350165	5.45283934161	-2.27485227881	-0.786833907517	0.164069919243	1.57517456231	16005.5748993	27.5760818188	True	
0.571056306852	1.33003959989	5.36771178555	5.46575025461	-2.27739124551	-0.784590128332	0.180862321264	1.66628051222	15951.4158443	27.3003210006	True	
0.605651095056	1.38580969851	5.22574230779	5.44685884343	-2.2759485055	-0.786781556032	0.147570870439	1.52685562639	15996.9490941	27.0273177906	True	
0.603900937504	1.33730002624	5.31728110961	5.45935509096	-2.23912253796	-0.775942116694	0.163855786478	1.46542566635	16051.9222255	26.7570446127	True	
0.584833456954	1.33259009268	5.32347351237	5.42617014	-2.27143602071	-0.785000656241	0.143672218257	1.55388697188	15966.8235933	26.4894741666	False	
0.576263599828	1.30775420664	5.24619151911	5.43923833165	-2.2814918807	-0.768423241262	0.186526358578	1.68263293029	16070.6288385	26.4894741666	True	
0.594022858562	1.30676535677	5.35717673069	5.39993830131	-2.24459574334	-0.801159159226	0.149397602527	1.52235524795	16032.8139346	26.2245794249	True	
0.610951971725	1.40592726902	5.33754693873	5.38292939726	-2.25626014358	-0.793879743609	0.117726599977	1.64786573757	16143.2167319	25.9623336307	True	
0.600897857532	1.37583776178	5.2202096425	5.46700124565	-2.24236217319	-0.783736691506	0.166207369154	1.57557662092	16012.9265892	25.7027102944	True	
0.561570928693	1.31866221905	5.28174664143	5.44181974203	-2.26476843195	-0.786981933058	0.169194222619	1.77847463315	15932.9426478	25.4456831914	True	
0.622912762517	1.40527748439	5.25778396249	5.42106784506	-2.23654126537	-0.778652272489	0.125442313118	1.67794842479	16050.5436885	25.1912263595	True	
0.582908514425	1.32174744884	5.40311132768	5.46394196002	-2.27482306378	-0.773783548968	0.186044066509	1.74630732074	15973.8867152	24.9393140959	True	
0.612405820908	1.38513186025	5.30191890116	5.43578261513	-2.28777727813	-0.785178954833	0.151830110904	1.7211169974	15950.5147641	24.689920955	True	
0.610729255551	1.36197182319	5.34303489853	5.46486892756	-2.26915583455	-0.785377820395	0.176491041645	1.69864724503	15941.4652191	24.4430217454	True	
0.556773110613	1.26307834665	5.34259575323	5.41197230553	-2.25591846479	-0.782466775275	0.168169254127	1.73035961403	15987.5362872	24.198591528	True	
0.612374106223	1.36766060093	5.38163420846	5.43979612336	-2.29234815697	-0.786142632221	0.14631458569	1.81926305928	15951.9218907	23.9566056127	True	
0.595176109384	1.31202669136	5.39733675852	5.44739560709	-2.26640155015	-0.803614607384	0.178799380579	1.77309235429	15978.3476938	23.7170395566	True	
0.577740354683	1.36012479843	5.33670430295	5.45265296922	-2.29528263716	-0.790150490623	0.156459686979	1.6514446544	15967.1959874	23.479869161	True	
0.578335017063	1.30350254993	5.26775099829	5.42580589508	-2.27221595914	-0.789815669063	0.159381522541	1.78861386757	15939.6606171	23.2450704694	True	
0.574280227736	1.28865469891	5.34115372324	5.41668679667	-2.26625153456	-0.786016310844	0.163863546683	1.78565558567	15942.4707085	23.0126197647	True	
0.563821823866	1.38156750227	5.07177322111	5.43185198823	-2.26570247271	-0.772191794648	0.127434718503	1.82745373573	16061.9730928	22.782493567	True	
0.579915315512	1.27259508235	5.3869747731	5.48503960764	-2.26192916364	-0.797252610431	0.202449915048	1.81546811162	16042.5780553	22.5546686314	True	
0.590074637022	1.30385461852	5.41218444361	5.40194488882	-2.30441316656	-0.795826393172	0.143483533584	1.78398212153	16027.3784615	22.3291219451	True	
0.61696641193	1.36348476059	5.34498579095	5.44388804923	-2.26387123844	-0.794657235253	0.15989277168	1.84403147147	15938.4487093	22.1058307256	True	
0.57817435688	1.30223346347	5.29044948867	5.41157821769	-2.27750365386	-0.804530195553	0.165110485197	1.75864793687	15980.1926366	21.8847724183	True	
0.61648628117	1.35695446828	5.52882967404	5.46771687133	-2.29391013843	-0.794997709886	0.193717933576	1.69673050102	16055.6647813	21.6659246942	True	
0.613693708147	1.40072916093	5.38170120783	5.48968707115	-2.25892096819	-0.78939536606	0.192572752336	1.76785834031	16027.0517127	21.4492654472	True	
0.618456554937	1.40197107162	5.32344912349	5.47295582705	-2.2615565778	-0.786650129419	0.155210348982	1.84185887124	15964.9950373	21.2347727928	True	
0.572633609448	1.41379088588	5.16056666247	5.45105512728	-2.29023713554	-0.786495452126	0.134193840649	1.90004867193	16002.7912339	21.0224250648	False	
0.569195246395	1.2900967756	5.3516255463	5.43046811753	-2.27317845703	-0.804758906402	0.185102111079	1.79620505592	15981.3053697	21.0224250648	True	
0.609823837594	1.36558779485	5.2966155689	5.45402336843	-2.24665188513	-0.799831472607	0.176608500603	1.79950383819	15977.8782345	20.8122008142	True	
0.57598027526	1.27116786112	5.42473493429	5.47298794347	-2.24242535875	-0.794127129688	0.21030608641	1.70632681507	16017.4609397	20.604078806	True	
0.606851142703	1.39254325198	5.19671715512	5.42607240141	-2.26923291691	-0.787021788703	0.1384387071	1.7538450286	15947.0690492	20.398038018	True	
0.57093792824	1.3275748638	5.10740581287	5.40765568699	-2.25560964427	-0.792518380215	0.137939267612	1.9472443115	15978.32363	20.1940576378	True	
0.592253959441	1.33710493618	5.32501534643	5.44325179425	-2.26517738776	-0.808513874028	0.163221170142	1.90831431587	15986.6590025	19.9921170614	True	
0.586463870086	1.32639233531	5.34986313891	5.43101397008	-2.24466979147	-0.789775821109	0.162171461821	2.14158516231	15964.5609027	19.7921958908	True	
0.582292262667	1.35470134953	5.25947651584	5.50650744212	-2.27818906611	-0.777904505808	0.200536934231	2.23797997461	16014.8785059	19.5942739319	True	
0.579362254992	1.30088024266	5.38715542159	5.39717872787	-2.27435026286	-0.799822160505	0.150121823048	2.25772349662	15987.9580935	19.3983311926	True	
0.629817538542	1.39692595748	5.27179821179	5.44154350236	-2.29057139762	-0.79280716292	0.135809541701	2.31320308254	16006.1059596	19.2043478806	True	
0.580019234677	1.33603941894	5.23191185425	5.43955415194	-2.25102607063	-0.785584815347	0.156271454982	2.4575900104	15954.5054568	19.0123044018	True	
0.56307689211	1.3439302429	5.25757258091	5.47689862276	-2.2544807731	-0.787768822161	0.175615363618	2.41224911898	15999.046171	18.8221813578	True	
0.566080791093	1.32905994059	5.23788612049	5.42781402111	-2.29799324403	-0.790593734719	0.154362072887	2.47298577404	15986.3031056	18.6339595442	True	
0.611538046542	1.38458788237	5.18485142459	5.40128200932	-2.26838342132	-0.781260928522	0.125581941205	2.42666456432	15994.2259466	18.4476199488	True	
0.570310591478	1.32124586813	5.34167310129	5.48035561445	-2.26420695893	-0.792281939806	0.198521475155	2.29592718822	15972.8955018	18.2631437493	True	
0.605588216936	1.37686864865	5.33769467262	5.46332701961	-2.27849225121	-0.791983711817	0.171207768903	2.12821709592	15939.933908	18.0805123118	True	
0.594725761447	1.35802428636	5.39199421764	5.4680390101	-2.26673952484	-0.797911199979	0.179816576401	2.43113895198	15992.0543951	17.8997071887	True	
0.596278341435	1.34866522079	5.23430210515	5.45865580862	-2.26330478317	-0.786570326867	0.15292167504	2.5323103723	15985.2300014	17.7207101168	False	
0.600582303933	1.36804001	5.26407352559	5.47403591923	-2.24982847778	-0.792086139821	0.171880297421	2.44797991469	15976.7333991	17.7207101168	True	
0.587182219844	1.33127774469	5.35152122169	5.4446097851	-2.25487387702	-0.794013153397	0.177201679479	2.52879670236	15974.2009631	17.5435030156	True	
0.570682822432	1.3075689865	5.35351368016	5.408966835	-2.24879281841	-0.778306217496	0.130814999495	2.52376814441	16060.2808526	17.3680679855	True	
0.629445463709	1.40041917023	5.34590744987	5.45802704515	-2.26860712678	-0.79249602743	0.167106776827	2.52325470714	16000.8697102	17.1943873056	True	
0.561630337782	1.34216409619	5.24568261749	5.40668704509	-2.28733004204	-0.778803325254	0.135157839227	2.31550026829	15992.9562359	17.0224434326	True	
0.59027884654	1.37315028832	5.20548851609	5.43380332469	-2.24443640731	-0.808389044233	0.147809630153	2.34214169134	16032.1751668	16.8522189983	True	
0.622727504874	1.39822820311	5.2927231248	5.41281635766	-2.27873349105	-0.799294393193	0.126215067887	2.30902044096	15986.0669846	16.6836968083	True	
0.588455840625	1.32022491319	5.33215659939	5.43535260487	-2.2656485837	-0.789032134572	0.156929746563	2.31265831241	15937.2593286	16.5168598402	True	
0.615962830463	1.40369175624	5.26869749396	5.44039039863	-2.28585665433	-0.790815664131	0.133745537585	2.25839031415	15960.073962	16.3516912418	True	
0.584772635404	1.29976030748	5.28540592114	5.45349499983	-2.23050837234	-0.787612097132	0.183602965119	2.46764384267	16002.3442708	16.1881743294	True	
0.587049611729	1.32647772639	5.33819633742	5.44935289266	-2.26441405551	-0.786846419116	0.162038618455	2.36133378868	15944.1281222	16.0262925861	True	
0.608649916398	1.39959664448	5.26385008356	5.45464223014	-2.27906090162	-0.787494514455	0.150257533121	2.31567315835	15946.798187	15.8660296602	True	
0.578973667857	1.33130985108	5.25545972646	5.43927769717	-2.27279131354	-0.782560246873	0.160962899542	2.24426424871	15935.2458967	15.7073693636	True	
0.584868409295	1.31390351255	5.39268007508	5.43760945743	-2.29483904379	-0.777333904767	0.166876647988	2.16028597078	15992.8689655	15.55029567	True	
0.566859706766	1.34429206633	5.26996601945	5.43665929877	-2.28433699291	-0.792379861091	0.171666050547	1.9065314081	15940.6815605	15.3947927133	True	
0.591056044417	1.33442522737	5.40051405257	5.47145584457	-2.291544477	-0.785204942897	0.18191496849	1.95180964657	15954.5277045	15.2408447861	True	
0.618873966383	1.39133262056	5.26681069362	5.42080197707	-2.28297299013	-0.777475726362	0.140967628518	1.75131445967	15982.3295348	15.0884363383	True	
0.601926058903	1.37240412143	5.28937377275	5.44494895354	-2.27534683924	-0.791545932456	0.160310711292	1.68820110911	15934.9623586	14.9375519749	True	
0.592168343183	1.35447969281	5.24469406802	5.41767561934	-2.28149972135	-0.791972167139	0.141695608481	1.60341922142	15962.2606524	14.7881764552	True	
0.605062728446	1.35674647542	5.24434008782	5.45567474394	-2.25767363546	-0.790648605562	0.178888397695	1.7555651141	15949.4868288	14.6402946906	True	
0.606273094331	1.38706516202	5.24164945049	5.42953312574	-2.28339466196	-0.78754940924	0.150310303112	1.82281736325	15942.505344	14.4938917437	True	
0.603707534636	1.36768628306	5.31535280758	5.43272659903	-2.27268493112	-0.79142207669	0.143213735777	1.75779785516	15929.3600272	14.3489528263	True	
0.598526365229	1.34763733154	5.23585401109	5.43047625752	-2.27186866406	-0.784301227844	0.143108147564	1.86792670969	15935.7890347	14.205463298	True	
0.587204739606	1.30599843026	5.45244601344	5.44528725528	-2.28248869634	-0.789016734613	0.174364874822	2.03323702825	15961.3731006	14.063408665	True	
0.584063394698	1.31398034376	5.300123855	5.42316686768	-2.27230607925	-0.78611405696	0.164554445061	1.98829507747	15928.8808278	13.9227745784	True	
0.648935923716	1.39699228338	5.25140011115	5.42866628268	-2.26386430409	-0.78112432673	0.1174802094	1.99827245667	16033.5873352	13.7835468326	True	
0.57491306487	1.28754900814	5.39491256401	5.48506636408	-2.26497926604	-0.791787824313	0.199682427985	1.96166125925	15989.8002753	13.6457113643	True	
0.604186811391	1.36786326152	5.29656054232	5.43286196121	-2.26267550602	-0.792097066831	0.126074608809	1.998794771	15963.8340909	13.5092542506	True	
0.593878648601	1.34029119488	5.21682205937	5.41117452315	-2.26866379639	-0.794977312692	0.14879959912	2.0191355609	15936.1328003	13.3741617081	False	
0.574609507371	1.31089924102	5.35640116749	5.43957640036	-2.26854583916	-0.788501202876	0.158219960897	2.10571899776	15939.8472116	13.3741617081	True	
0.599160271113	1.34406777338	5.33047149509	5.4089017731	-2.26574775444	-0.799884249465	0.136240100447	2.03297154922	15951.8300965	13.240420091	True	
0.575025639854	1.32114437845	5.28807349965	5.42837516066	-2.27340770993	-0.780049171791	0.155287332755	2.07403583342	15935.6062953	13.1080158901	True	
0.579636210642	1.34037636758	5.29715569096	5.42777791752	-2.27096056264	-0.782223346817	0.153609634488	1.96602594752	15924.8585404	12.9769357312	True	
0.610052050202	1.33063118075	5.41395550015	5.46452424549	-2.25821519217	-0.773724656887	0.175815776	1.86861075765	15984.385264	12.8471663739	True	
0.585855937404	1.34267383032	5.22978351275	5.42815305178	-2.27188146205	-0.797758513928	0.161409059999	1.88584966348	15932.0221847	12.7186947102	True	
0.569272260024	1.32713711451	5.28512961781	5.45034274417	-2.28212609096	-0.786104998269	0.170048833603	1.86659630931	15926.0099977	12.5915077631	True	
0.607360581075	1.36423584983	5.42476580671	5.48322409206	-2.26858307536	-0.790884345326	0.197033799122	1.75123103196	15985.8374025	12.4655926854	True	
0.59884516374	1.36003866779	5.33815267573	5.46472896799	-2.27679197498	-0.793523641111	0.16085503294	1.69017438429	15961.2896683	12.3409367586	True	
0.56086472446	1.30704527131	5.27596010258	5.45228892979	-2.25382634634	-0.778963684145	0.195511345669	1.61193469749	16004.305907	12.217527391	True	
0.5751910359	1.33365241738	5.27031216519	5.43311135495	-2.27265695122	-0.790471949929	0.158965842026	1.81495148792	15915.7056618	12.0953521171	False	
0.600830026664	1.36386023843	5.31951045771	5.44355595452	-2.26430276394	-0.788840682355	0.153452296573	1.71565367472	15930.5273484	12.0953521171	True	
0.60363639571	1.35863809203	5.39757181416	5.42199029141	-2.26706454819	-0.788788100239	0.132862350213	1.8116598423	15968.125397	11.9743985959	True	
0.612719412269	1.36676586523	5.2482094637	5.47340938051	-2.25246100983	-0.775579323192	0.173116674614	1.78735429583	15979.7522798	11.85465461	True	
0.611920865977	1.33675992448	5.34943210158	5.46983812179	-2.24862625376	-0.791518189592	0.193246401923	1.74010704568	15970.8266699	11.7361080639	True	
0.575534642353	1.33425486816	5.22992841329	5.45447233103	-2.2692067392	-0.797871786507	0.160377778651	1.80058619804	15974.5084108	11.6187469832	True	
0.618768870784	1.34361195653	5.25616105736	5.42032758568	-2.25020786566	-0.793843080513	0.154424826832	1.81691833763	15962.3272432	11.5025595134	True	
0.593979255179	1.30908404576	5.21502246375	5.41762228198	-2.25029258712	-0.783669736195	0.150679105419	1.64339230275	15994.6814542	11.3875339182	True	
0.58254706284	1.3352706192	5.24879743499	5.4049808538	-2.28024010445	-0.792484867003	0.136786181856	1.81036893092	15937.0377655	11.2736585791	True	
0.587063772721	1.29719726891	5.39145987539	5.43869147879	-2.26996014398	-0.788589229596	0.184320523957	1.75756055392	15948.7995977	11.1609219933	True	
0.591130307273	1.36154322676	5.26968665624	5.42682779553	-2.26848465779	-0.797701714746	0.151915538117	1.77076328857	15936.1225605	11.0493127733	True	
0.597568274864	1.37044361521	5.37407056028	5.46540046837	-2.28301535538	-0.79055700011	0.174287205911	1.70431005781	15948.9317028	10.9388196456	True	
0.589858212432	1.39505226063	5.36146453018	5.44393408938	-2.29242937182	-0.786523093599	0.157811850139	1.70855530199	15989.7164718	10.8294314492	True	
0.608390292659	1.35114366389	5.29341882654	5.44861747567	-2.2642733675	-0.792071077679	0.165987722464	1.69482062401	15940.9543489	10.7211371347	True	
0.588257029142	1.31713102243	5.33206009675	5.44981145896	-2.2587748457	-0.788512545441	0.171822011687	1.75815632811	15927.9224285	10.6139257633	True	
0.561046376561	1.3335610357	5.34284446361	5.43702485971	-2.28875158704	-0.790640711486	0.157791221128	1.83185385401	15949.2377169	10.5077865057	True	
0.594219575741	1.35480530676	5.27989290676	5.43398036883	-2.2624521644	-0.792823325594	0.153180000545	1.86751840207	15916.2634638	10.4027086406	True	
0.562185716275	1.31893984232	5.35289689451	5.45577476041	-2.27989487536	-0.785572362486	0.179093557634	1.78739290512	15940.95745	10.2986815542	True	
0.598952491723	1.35894632111	5.35377471674	5.44044370855	-2.2686088275	-0.778871093609	0.161180967985	1.81959259423	15945.4033914	10.1956947387	True	
0.61420559581	1.36229775972	5.2940439002	5.43511688905	-2.26001449325	-0.777696644934	0.157077983128	1.89639702387	15950.9073286	10.0937377913	True	
0.579863798988	1.33873323837	5.35774393869	5.45184199927	-2.28993666558	-0.788322854159	0.165156734868	1.9246080572	15931.2700381	9.99280041338	True	
0.604249156016	1.35045625074	5.29289198191	5.42059793679	-2.26742505637	-0.792991733687	0.162952407215	1.88436567254	15942.5742236	9.89287240924	False	
0.604031908741	1.38936055615	5.22365790104	5.44675335223	-2.25808785995	-0.796820272312	0.150610904673	1.9219634902	15949.7035468	9.89287240924	True	
0.572530885908	1.31566592402	5.33119784366	5.44240670762	-2.2779014778	-0.788552721097	0.165335641762	1.90564336821	15922.5341139	9.79394368515	True	
0.580662542435	1.3621756431	5.22346570511	5.47978841681	-2.2487241733	-0.782168978975	0.185412628922	1.90141835015	15971.8918754	9.6960042483	True	
0.599855538961	1.29892611174	5.3289935574	5.44109272535	-2.25400666163	-0.794641826293	0.182886970156	1.83969726253	15961.4296437	9.59904420581	True	
0.567173899356	1.30043700183	5.26818433411	5.43271053568	-2.25811726126	-0.783171271684	0.176184786391	1.87770451378	15940.7663189	9.50305376376	True	
0.563284437939	1.3240050254	5.26677462052	5.43610549876	-2.2843407446	-0.789963051884	0.164039931791	1.89542152041	15929.0406239	9.40802322612	True	
0.571475728113	1.3565878465	5.25534599107	5.46342392756	-2.28229458249	-0.782238371185	0.176995028623	1.8914767821	15938.8563715	9.31394299386	True	
0.597407275191	1.34215970361	5.32341451544	5.48129228841	-2.2630061541	-0.78768422648	0.187247004532	1.8868100599	15940.9499625	9.22080356392	True	
0.606586591848	1.36853866798	5.29356735812	5.43604616537	-2.27924113249	-0.790623834149	0.167453478398	1.97980036098	15944.188006	9.12859552828	True	
0.58711874528	1.33642115325	5.31280317991	5.45404421987	-2.27155390911	-0.788702391527	0.168366175064	1.99306320708	15915.2380482	9.037309573	True	
0.601505876421	1.34840399497	5.28590683744	5.42807466512	-2.27085141058	-0.789544526312	0.158673569612	2.08977618418	15924.7298905	8.94693647727	True	
0.569529540914	1.35316334475	5.20296770385	5.41241688806	-2.2645401562	-0.789459617753	0.133024511525	2.11770547864	15948.1199843	8.85746711249	True	
0.572615406094	1.32885141695	5.20867106299	5.44829379327	-2.26617644488	-0.786363535442	0.164244879194	2.11283413388	15938.1034884	8.76889244137	True	
0.567919482576	1.28048143876	5.42886073101	5.4622034471	-2.2662030536	-0.793401649963	0.205001408909	2.06131588099	15984.5404827	8.68120351696	True	
0.569494107675	1.32572358521	5.28374496237	5.43513317907	-2.26387278987	-0.792710686135	0.156383076256	2.02819426123	15927.0450411	8.59439148179	True	
0.591910128003	1.3327287205	5.37715292664	5.43015133852	-2.26882274853	-0.796833613284	0.151205819542	1.91605127477	15941.1811098	8.50844756697	True	
0.5757914215	1.30596389826	5.26587696556	5.42931556336	-2.26773043643	-0.789882544765	0.164451057241	1.93590705003	15924.4508967	8.4233630913	True	
0.592941624867	1.3811385371	5.18229492785	5.46495630274	-2.26418778654	-0.782997326947	0.167538947232	1.88618636477	15948.826268	8.33912946039	True	
0.591763048615	1.32748057205	5.31587204255	5.42909489085	-2.27629570069	-0.785741807287	0.162278791628	1.82973550226	15923.4975632	8.25573816578	True	
0.588426564645	1.32738155749	5.38477992269	5.42709566554	-2.29104116867	-0.786814638027	0.144989954175	1.90189296748	15951.5537426	8.17318078412	True	
0.595995149856	1.32708140753	5.32496639917	5.4405776583	-2.26712795522	-0.793411334169	0.171708604759	1.91582811768	15922.1792611	8.09144897628	True	
0.599470195181	1.36705787287	5.2287158233	5.43838704607	-2.26055049763	-0.793106266273	0.154214277711	1.90051959708	15923.3553814	8.01053448652	True	
0.587019828498	1.32322877539	5.2678192744	5.39417021551	-2.26059906238	-0.787473715078	0.139933500417	1.85911035004	15943.378692	7.93042914165	True	
0.579955203087	1.37501038059	5.19389957051	5.41260872618	-2.27345737033	-0.792547283563	0.112206426269	1.89265038499	15982.1752422	7.85112485024	True	
