2.576792362680000004e+00
1.814274520729999951e+00
2.913697306059999992e+00
3.134904354150000128e+00
2.752787841199999974e+00
2.401609044719999808e+00
2.811550868489999910e+00
2.153333307450000067e+00
2.915555922429999836e+00
2.401514690610000002e+00
2.245693806429999828e+00
1.961183722799999973e+00
9.402908478729999908e-01
1.619877377879999913e-01
1.934099786170000002e+00
9.494011683769999765e-02
3.228519955530000096e-02
8.664533578989999651e-02
2.717919863010000103e+00
3.779336989629999977e+00
