-1.999585174819999978e+00
-2.315873125630000029e+00
1.301185520059999989e+00
-4.289830591900000378e+00
2.431163612360000004e-01
4.916994498480000253e+00
-3.945543406449999679e+00
1.416822812189999725e+00
-3.431749530269999626e-01
5.019842994330000252e+00
1.528989970830000100e+00
1.760320206850000124e-01
-3.937971455090000017e+00
1.185405590430000045e+00
-4.156386522640000414e-01
3.269440290950000438e+00
-7.309024204399999780e-01
3.584742555249999629e+00
1.434718561220000188e+00
2.629100859309999816e+00
6.452541304129999489e+00
4.103918568890000174e+00
6.706200515079999924e+00
7.658572769380000977e+00
5.034659833180000099e+00
3.939072598150000104e+00
6.767541460340000370e+00
5.275479821060000241e+00
6.792578952200000408e+00
6.054461313270000034e+00
5.946570217169999673e+00
4.969995756800000386e+00
5.321240137819999383e+00
5.752480189059999915e+00
5.159454445499999764e+00
4.688394002589999943e+00
3.720192014680000714e+00
2.851739674779999678e+00
4.250808979680000377e+00
6.539785221229999834e+00
2.198788001729999664e+00
2.372402494499999737e+00
0.0