Parameter 1	Parameter 2	Parameter 3	Parameter 4	Parameter 5	Parameter 6	Parameter 7	Potential	Temperature	Equilibruim
-0.461590079318	14.0752785287	3.64291025338	-2.48144996019	1.63840219843	-0.457601348197	0.986522255279	4675.49738146	16528.9256198	False	
4.72848854247	12.727116972	6.59920253626	-2.7724889774	0.0341984199217	-0.804810314233	0.528499529944	8497.14747567	16528.9256198	True	
1.36430322897	6.31988295372	4.0599516266	-1.1776185063	2.29549384142	-0.818275229762	1.33621279921	15448.5198887	15702.4793388	True	
1.89699507305	11.2354050574	5.79515983413	-2.04759879972	1.20762569218	-0.50563895504	3.84931125498	17476.5648984	14917.3553719	False	
-2.97447660545	6.23260858646	5.83929888099	-1.42387431968	-0.646480432673	0.814720905484	3.09451670067	15966.4370601	14917.3553719	True	
-1.47461820953	14.3760438608	4.41787762405	-1.85961993509	1.7669171589	-0.201824787865	1.87664618539	11170.57413	14171.4876033	True	
2.61561993119	1.34670886269	4.71273650428	-1.22768208457	2.7357231286	-0.982878480787	-0.443860193389	25067.6020429	13462.9132231	True	
0.347513579374	10.6033099025	4.87176197844	-1.00806043117	2.02023175815	-0.761538471125	3.95201857385	18611.7988407	12789.767562	True	
0.0258662309285	7.91313235123	4.24692863228	-1.89950331423	2.49842499978	-0.327911218545	0.0884727867962	11346.735815	12150.2791839	True	
-0.0146404020017	5.45823273931	6.8133972297	-2.12258962025	-0.952721996885	1.14662495712	3.68982535688	12706.5842122	11542.7652247	True	
0.517370883919	3.69648743611	3.39617444185	-1.69415293692	2.64234079084	0.0903583053353	-0.848160083719	14784.4291076	10965.6269635	True	
1.36071330701	11.406861614	4.46179688692	-2.3659942192	-0.64611444524	2.4314875453	2.06485882696	11850.60085	10417.3456153	True	
2.70319235328	5.39073682983	4.99285081457	-2.16593213935	0.365339933822	2.26572691231	-0.731935511367	10713.7259674	9896.47833452	True	
0.295071182807	1.71043891965	4.50569480881	-1.43358530649	0.236741954425	-0.708485873576	2.52353796147	15266.5616803	9401.65441779	True	
3.85804626131	3.27618751574	6.7341763024	-2.01422594745	0.337709803359	-0.534020387835	0.822733623245	15171.4224932	8931.5716969	True	
1.74197279833	9.74801278106	4.77492501402	-2.56326823449	0.263534797623	-0.675785521686	0.897481155886	4610.76067454	8484.99311206	True	
1.33727098128	11.1082862	5.78610568673	-1.99620989123	2.67549894576	-0.699817294116	-0.17554916812	8944.6349751	8060.74345646	True	
1.1908927678	14.6031879803	6.73655304204	-2.37420768483	1.97160288967	-0.403190414202	-0.503037608934	5532.35048419	7657.70628363	True	
1.05734725453	6.95817443513	6.75093897884	-2.67880261822	-0.314195183727	-0.432319995887	-0.172313530266	9214.2422294	7274.82096945	True	
3.21590186241	7.83589574247	6.25215160452	-2.01501815493	0.206585260527	-0.687097080932	2.38293281454	8486.99469198	6911.07992098	True	
3.1262436923	2.65478744629	6.25951866887	-2.38197826944	-0.913772877455	1.21128610182	3.80034009884	4600.63244307	6565.52592493	True	
1.81490807897	5.60461563085	4.59896785506	-2.27989098469	0.413741886926	-0.457667870593	0.169404505091	10639.9490166	6237.24962868	True	
1.27270704118	7.96517297025	5.89410489931	-2.79430839399	1.90716981729	-0.668949849924	2.25293895932	10646.3907592	5925.38714725	False	
2.07005398241	1.13561889274	6.5744474036	-1.94389615496	-0.889745949823	2.30065772651	2.93298002748	6410.20994359	5925.38714725	False	
2.6740622365	6.01471342513	4.79754917318	-2.13518387417	0.0344073541532	-0.668939859577	0.990269976202	6639.94568843	5925.38714725	True	
-0.571589454155	10.6714083565	3.03012517691	-2.53177305724	-0.72829670425	0.41611350907	1.86023814165	5662.51609178	5629.11778989	True	
0.763761178677	10.0615947063	4.43448597201	-2.07738202277	-0.318632448398	-0.327514704313	1.45674093838	7041.76295254	5347.66190039	True	
4.42312883024	2.5547452944	6.01654460925	-2.72328911172	-0.391290245919	-0.653375808815	2.99545430253	6104.29661277	5080.27880537	True	
2.16703703858	11.640111756	5.51508426673	-2.97310934623	-0.572624022986	-0.705231268645	0.733549489806	18026.6685384	4826.2648651	True	
2.20455428895	1.71965172433	4.09773792544	-2.55579232919	-0.954753067266	0.509007524032	0.223800836102	9897.17738102	4584.95162185	True	
1.2919955333	5.70986059086	3.29934112062	-2.50632913502	-0.46133592566	-0.738324563107	1.40858457823	8665.58561025	4355.70404076	True	
-3.82431158318	10.1665276325	4.02969468677	-2.2300983323	0.256469172314	0.783359296861	0.193238179578	8388.11548783	4137.91883872	False	
2.06015001052	13.56885656	6.44787807368	-2.61150930862	0.796894447545	-0.652423623205	2.93341085837	7671.7770521	4137.91883872	True	
-0.031915526084	14.8227686548	5.1351488017	-2.84502763378	2.57319045184	-0.46636155769	0.0151705357233	12217.9170646	3931.02289678	True	
2.59291876186	11.05158873	4.32190458846	-2.58866785096	0.66399684878	-0.702505611506	-0.399487445866	8212.53000823	3734.47175194	True	
-2.14406498631	9.52838871666	5.63352477608	-2.12173944902	0.396187425564	0.25229980177	2.8848027258	11920.0393564	3547.74816435	False	
0.587647219043	1.9636990405	6.28852990317	-1.2199623981	2.14601232661	-0.679459126971	1.57025943987	11274.148547	3547.74816435	True	
-0.0748412789268	14.2695674682	4.94059960909	-2.34260884389	2.80013451287	-0.588310683953	2.59772209359	6564.3929257	3370.36075613	True	
-0.749939302248	11.3051250082	6.76498719301	-2.06833579738	-0.79671932657	0.684040738382	3.55840714646	6975.24153846	3201.84271832	False	
0.173070435845	3.29868326288	6.1683956306	-2.38787405871	1.55197550037	-0.53226336668	2.1875567234	11814.4354397	3201.84271832	True	
2.97428559995	13.6659912456	5.85042833985	-2.66327117282	-0.186048562265	-0.825910718843	1.79589934101	6758.40157981	3041.75058241	False	
3.16463718596	6.76121540361	4.7690975771	-2.54253091635	-0.292472883415	-0.590022854433	3.42980815765	3982.76290419	3041.75058241	True	
1.79835315032	12.8426117779	3.7051491618	-2.15617358706	-0.220324763014	0.381150936882	-0.86108969359	13328.4011386	2889.66305329	True	
1.73259175452	8.1220410948	5.89999495614	-1.9286929853	-0.895282178588	2.74289559027	0.387751636549	8876.90216088	2745.17990062	True	
2.30489323053	13.8412546639	5.52555294596	-2.13629932223	-0.638453029092	-0.122957244548	2.28900867633	4340.73325087	2607.92090559	True	
0.511470479786	7.89966140073	6.2347283355	-2.82434746164	0.408979609191	2.04645484653	-0.697802998495	12061.2169578	2477.52486031	True	
1.64263063124	12.9488507748	5.01215610262	-2.31719219422	1.93372662312	-0.4139535014	-0.346042816012	7328.41859921	2353.6486173	True	
1.94320489329	5.38768227399	5.43724653943	-2.12652755663	-0.226929507557	-0.546662955168	3.30907423298	5180.31942857	2235.96618643	True	
2.11377490561	3.48229232002	5.24031050539	-1.92745496561	-1.07242168933	2.5545229691	3.50239111256	14609.0193429	2124.16787711	False	
3.55544327078	5.31333319146	4.98385672073	-2.54600363558	-0.553294635326	0.121847674919	2.56283539519	8710.38592556	2124.16787711	False	
-1.86057388187	14.8299735952	4.81466435938	-2.44709998171	-0.784794073354	2.7889129431	-0.23143126943	4598.32789623	2124.16787711	True	
2.53011703759	11.8868463711	5.24243458151	-1.93118032885	0.496390919905	-0.418540452011	-0.729107406329	12198.3947248	2017.95948325	True	
2.17714697346	2.08231413644	4.46614273744	-2.85971645199	-0.630373942467	2.68469365194	-0.329297881253	12767.2951418	1917.06150909	True	
-1.11912733343	11.677646289	6.12846091688	-2.59829080682	-0.688330842589	2.3808086213	0.0851745365544	5108.61298641	1821.20843364	True	
-0.453129060351	14.5669276442	3.78559126293	-2.56929830089	-0.617649301291	1.44818345731	-0.512316000554	6432.65832634	1730.14801195	True	
3.93693494117	10.0994621718	6.86433387717	-2.1801897633	-0.414157117983	0.466444922267	-0.580536447154	4565.13744651	1643.64061136	True	
3.33904855195	8.96136510448	6.48124531151	-2.48638034331	0.00283182827198	-0.697790853402	1.35224072757	3872.18453007	1561.45858079	True	
1.76267471558	2.28462050997	6.20156206579	-1.09323923646	-0.740422731614	2.75422467267	2.13769717769	10299.8185132	1483.38565175	True	
1.61277964995	3.07251406184	4.11815122985	-2.02260327921	2.60210218015	-0.747246977168	2.26692636151	7811.1485133	1409.21636916	False	
0.0812885364559	10.0996368249	6.77498616014	-2.33666842238	-0.812677655125	0.909012958963	0.535548239431	3007.93005209	1409.21636916	False	
1.93672435747	7.98639664455	6.00308074111	-2.19315330848	-0.770871271157	0.178156939258	-0.21475832402	3753.18537746	1409.21636916	True	
2.02879205572	6.03770152308	6.52141823322	-2.1980371972	-0.722096343153	1.09381974322	-0.210197713237	2885.16687127	1338.7555507	True	
2.05501420708	7.13260988702	5.67522095346	-2.5053246158	-0.782906692617	1.06383776898	0.907810573806	2690.08390099	1271.81777317	True	
-2.56993252927	12.6819771567	5.25140385832	-2.37031793303	-0.741088990715	1.62949315262	3.43622384792	2618.45060699	1208.22688451	True	
-4.1637414351	11.2006853231	3.94588734639	-2.47812501655	0.432354782597	1.38948024938	-0.258916573743	8088.93222078	1147.81554028	True	
-3.20512613616	12.6110569571	4.41440222087	-2.21638733804	-0.671394206031	2.18330263657	-0.0576378770009	4983.13497062	1090.42476327	False	
0.234508069227	12.0163753429	5.87663157895	-2.20636137333	-0.776400919728	0.633768924703	0.314714104099	2363.16391613	1090.42476327	True	
2.92172788606	10.0405151692	5.28812084194	-2.57229259379	-0.403822425777	-0.0169791586471	-0.31341966502	3737.02365794	1035.90352511	True	
3.54687687281	12.3124742699	6.35075443647	-2.46843392422	-0.844912059108	0.121077302541	2.85942814601	3143.79877191	984.108348852	True	
1.32270049863	6.58930003787	5.6578799069	-2.50437576328	-0.665529892003	0.669032047606	1.10425168379	4706.80552157	974.267265363	True	
1.64261497729	7.26644947484	4.7957035564	-2.2255773956	-0.632011926178	0.328011353122	-0.16028213329	3451.94716454	964.52459271	True	
-0.758329864153	8.41902288769	5.06063221131	-2.28353728367	-0.494336841152	0.55813868434	-0.309936829578	3338.24989655	954.879346782	True	
0.0561847423508	7.18509333876	4.49039783979	-2.41203585834	-0.467435012688	-0.336570373355	0.452511453587	3701.33278763	945.330553315	True	
1.37298133215	8.70110691404	4.33940201665	-2.39849064477	-0.430083319906	-0.464161355526	1.6259522181	2804.42683612	935.877247782	True	
2.39063387806	6.47312674786	4.778761114	-2.44050133111	-0.618450379739	0.782008870515	-0.366240041695	3273.37434487	926.518475304	True	
2.55038110671	6.59469680838	4.78539527014	-2.48106759718	-0.762347451328	-0.220385501561	0.202713637237	3098.35421318	917.253290551	True	
1.29027994326	7.1941194337	5.77946327299	-2.16692896614	-0.813008831034	1.14137541448	1.65575915574	3132.85934726	908.080757645	True	
4.64109410784	11.6368335505	6.20119417032	-2.55804151087	-0.76639499209	0.234507027344	-0.296169876079	4362.48717806	898.999950069	True	
0.597577996066	8.07265201404	6.37687807701	-2.38300110072	-0.816883688865	2.61485422218	0.64066128098	3988.2049111	890.009950568	True	
-1.37385745109	9.81458485004	5.43188404007	-2.33552402056	-0.808833330464	1.33611732242	0.905152882721	2257.60169396	881.109851062	False	
3.0272302561	13.9902819443	5.74117283142	-2.62297926235	-0.819763648118	0.788631724771	-0.351230501384	5804.37533424	881.109851062	False	
0.236448515097	11.9962654853	5.10927925776	-2.41084095633	-0.734767320515	0.422508673869	0.00450950715811	1526.47456173	881.109851062	True	
0.757835675831	11.1648191036	4.55039568513	-2.52516781999	-0.722884446261	0.0418551869629	3.43894197424	2210.18866214	872.298752552	True	
2.29703607723	5.49005613612	5.74195121617	-2.46155983979	-0.179823152982	0.132692495075	-0.671514342196	2183.75404761	863.575765026	True	
2.75389082128	0.75721759724	5.57145170278	-1.93980064709	-0.496290379173	-0.555756583565	1.63119227182	4714.08113776	854.940007376	True	
4.61341193171	0.379175540595	4.94687779662	-2.23628759866	-0.426342248065	-0.571641303138	3.12617961455	4262.14212981	846.390607302	True	
4.38914583462	2.83693072907	5.24168584636	-2.17170441529	-0.856131171587	2.86077871544	2.16293128428	5318.4449127	837.926701229	True	
2.71731709094	1.03112527579	5.48701501871	-2.21840622656	-0.825593227569	2.22042051909	1.24630529755	4649.59644351	829.547434217	True	
2.57190334094	1.27582231404	5.57250078848	-1.87317445209	-0.673834942111	-0.049541642068	0.537444162226	4990.29392362	821.251959875	False	
1.09413208922	10.5437094383	5.7593287415	-2.51088152933	-0.697798338778	0.232021496155	0.691996404451	2224.25235062	821.251959875	True	
2.94597710637	5.88959698218	5.70332694538	-2.5631532505	-0.82049456564	0.99310160153	3.90422177057	3070.68443874	813.039440276	True	
4.58125227433	2.30488064693	6.48170372923	-2.13954784125	-0.838344494362	1.39552260926	1.5856818759	4711.69727898	804.909045873	True	
3.00354369273	1.76672501795	4.46069006858	-2.22664458157	-0.730517191684	2.14653142234	-0.00687489525075	4348.75998665	796.859955414	True	
4.67085904851	7.43513473029	6.33719883389	-2.4918523592	0.150709541767	-0.799888694755	0.419195145844	4597.64256583	788.89135586	True	
2.17076631188	9.09318262093	5.19880919825	-2.53150220935	-0.83440807175	0.617516591442	0.509612693464	2698.90072677	781.002442302	True	
4.72775281927	4.85318660026	5.04970768613	-2.37291568591	-0.480083315034	-0.548684180957	2.26182686484	3483.59831747	773.192417879	True	
-0.571278454043	10.0193385971	5.28147632191	-2.34457975051	-0.826371095902	0.626085985555	2.79288675501	2114.55396964	765.4604937	True	
0.940505324908	11.2231343962	5.52620837152	-2.53528536856	-0.740995134588	0.682800905305	3.75366528682	2631.13908849	757.805888763	True	
1.25117615163	12.7646797914	4.17017561718	-2.50808691014	-0.234133912421	-0.558549847269	2.08010519503	3693.25552356	750.227829875	True	
-0.319877997278	14.0140823956	5.35822529476	-2.40004776261	-0.799381047758	0.558333854025	1.14640953986	1547.99571193	742.725551577	True	
-2.1269112991	12.1133377624	3.54622770343	-2.38993007384	-0.882079345431	1.38417464504	2.2269941713	4730.70682859	735.298296061	True	
-2.19518876553	12.8683193306	4.7150508233	-2.32351867203	-0.668820349482	0.65654618262	1.89212203295	3083.16990304	727.9453131	True	
0.863749528755	11.8504866759	5.55246696559	-2.34295798678	-0.673275404229	0.296361413233	-0.152111105883	1482.45110827	720.665859969	True	
1.81371963058	12.0209299415	5.03029318969	-2.29811719575	-0.647648938776	0.587717213477	-0.502424624509	3836.25061543	713.459201369	True	
1.06943716658	7.17849750439	6.5401695461	-2.28928058012	-0.117472148276	0.76412193739	-0.709812875011	2528.78033662	706.324609356	True	
2.43886897014	9.26631293201	6.23587712323	-2.24242490655	-0.620570084536	0.119345013318	-0.323637090083	2652.22206497	699.261363262	True	
4.1641911525	5.18859975765	5.19245358161	-2.52079481625	-0.205587845287	-0.746822223938	0.960615466605	3954.04001274	692.26874963	True	
-0.448713287962	12.2271943085	4.04017844721	-2.42326143771	-0.794660866582	0.185654479926	2.61286094488	2899.95827445	685.346062133	True	
-0.85427550199	12.2719011012	3.77847630133	-2.113074664	-0.714151983811	0.171011688769	3.98696183459	4471.51647367	678.492601512	True	
-3.81904849529	13.9998126829	4.25385613691	-2.41192806845	-0.789645455937	1.84525314032	1.2513470795	2270.68953282	671.707675497	True	
-3.16441024684	12.6560733126	4.14840016419	-2.23258015001	-0.851481995336	1.89480615716	0.587747057058	4034.5085329	664.990598742	True	
-3.91065667242	14.2364174538	3.38264206307	-2.32501278756	0.183362609544	1.06064417017	-0.077214184538	4487.12204238	658.340692754	True	
-1.91368618623	13.7261868278	4.70848368709	-2.32436374784	-0.747867391827	1.0486922749	0.24155431678	1941.62676537	651.757285827	True	
-1.38309731506	14.6418091412	5.5950623037	-2.52283560386	-0.841703724751	1.08658735896	2.11852038597	2455.81838702	645.239712969	True	
-3.93373272889	11.2404245044	3.8526328915	-2.44817384528	-0.621023901827	1.5553458819	3.25180269339	4408.82264345	638.787315839	False	
0.915244082748	8.10820205356	5.35130833552	-2.21621860697	-0.739829840542	1.53233176144	2.45166004511	5328.64442356	638.787315839	True	
0.997566010923	9.82263364929	6.05552657317	-2.50752438958	-0.774338400052	0.499351631335	3.82540786818	2024.74495291	632.399442681	True	
3.57159489059	13.1290164384	4.96522076941	-2.49604568812	-0.656217710383	-0.122359512178	3.59526982595	3269.06554165	626.075448254	True	
-0.332699922536	11.3681698078	4.8949123763	-2.24390973743	-0.816114652228	0.532548768243	3.72578528128	2201.69499504	619.814693771	True	
1.69408995131	13.453886156	5.04148612638	-2.36556311916	-0.59674494322	-0.477504929317	3.05296010855	2287.27803657	613.616546833	True	
1.28172899823	8.05208993697	4.22508621164	-2.40299731314	-0.649291139596	-0.391393159874	2.639897088	2680.26583286	607.480381365	True	
3.317511934	5.61993553706	5.02367208075	-2.51522102534	-0.546089053038	-0.66739796665	2.10818185026	3924.6143007	601.405577552	True	
4.17856957157	1.91613171085	5.20429390825	-2.54559243162	-0.758458126654	-0.0344343454996	0.545732182724	2988.27588024	595.391521776	True	
4.16032575591	4.93087931209	6.63882669147	-2.55533071595	-0.571321083752	-0.57061967699	0.694290935168	4470.4621334	589.437606558	True	
1.30825037512	6.64440891373	5.14273348275	-2.34260377647	-0.750821003473	0.207376605504	-0.253489636406	2671.61623017	583.543230493	True	
3.74685436353	8.24902873718	6.58225243475	-2.30763851248	-0.560307732779	1.03801142666	-0.636527539365	3937.76230038	577.707798188	True	
-0.968355262949	11.2217511239	6.11700012629	-2.42984943777	-0.446528576363	1.58340726297	-0.544496200586	2207.07419539	571.930720206	True	
3.40179290174	12.9469722846	6.7397807401	-2.42490182206	-0.381633566026	1.40662542582	-0.723493516822	3149.0372308	566.211413004	True	
1.0264283698	12.5178580944	6.61249298506	-2.5675345511	-0.200766700438	1.47932609588	-0.721320826886	2450.90110659	560.549298874	True	
-2.70017285434	14.1067905186	6.51463082377	-2.57157964219	-0.777141054228	2.88211875691	1.19703064346	4385.94287445	554.943805885	True	
-1.13861897193	12.5846137229	5.21090381287	-2.46229738382	-0.699719218798	1.74283990394	0.000593331891478	3041.60258948	549.394367826	True	
3.91658753022	14.0029086082	6.60523554796	-2.41429360676	-0.318931246431	0.540033191574	-0.735322843185	2973.24320594	543.900424148	True	
1.6661969608	8.07197996982	6.04758620358	-2.410805606	-0.363959057271	0.48109341139	-0.633905777718	1546.067944	538.461419906	True	
4.37690184033	3.79321920697	6.21540698757	-2.35659726733	-0.792210140723	0.242590650054	2.7287779408	2241.54373326	533.076805707	True	
3.27225177253	5.01197221642	6.55635348318	-2.39620874208	-0.844521406498	1.09379471678	0.100485128792	3050.31621446	527.74603765	True	
4.29278087488	4.24353196314	5.87519676787	-2.4726494664	-0.147593644204	-0.671297393356	0.471628343701	3258.96348393	522.468577274	False	
2.00296453499	8.00659602004	5.08250541349	-2.47581648511	0.0178008610622	-0.692527881947	1.87330005543	3352.5348879	522.468577274	True	
2.3336035135	6.27939723538	4.70800503083	-2.27909921149	-0.593854507164	-0.329380741931	0.551276587526	2732.17995051	517.243891501	True	
2.74070385802	2.61884505345	5.20787795508	-2.46187805486	-0.647949090333	-0.198156572666	1.47170563362	2782.43309225	512.071452586	True	
2.93880580628	2.90829128882	4.88813245725	-2.30745277525	-0.817075045394	0.050519760571	2.04004477558	2403.62837409	506.95073806	True	
1.05250651226	8.08497136187	4.54531427111	-2.42253571345	-0.735821510387	-0.0716815017996	1.8383082136	1880.78487655	501.88123068	True	
1.74393269571	7.2964893905	5.48903788429	-2.45534376555	-0.295728065505	-0.582179791501	1.76637667305	2850.79682199	496.862418373	True	
0.576509258743	8.15408651398	4.21239578559	-2.31854168844	-0.681648330719	-0.190232990714	3.92621251883	2505.51006803	491.893794189	True	
-0.101971902053	10.5012927224	5.3118788568	-2.40910654619	-0.782327228214	0.998213339754	3.88974981916	2069.71195161	486.974856247	True	
2.92049916881	11.8797274913	5.60711700377	-2.39977446252	-0.537799963421	-0.483496955349	3.54094530761	2191.24996413	482.105107685	True	
-0.327266209063	13.7754518161	4.38702067303	-2.54353041518	-0.794296212844	0.751573780293	2.23370629614	2883.65812913	477.284056608	True	
0.513883751528	12.1219019403	5.09379193308	-2.51042327704	-0.763986756204	0.208992389354	0.95401622277	1790.9085992	472.511216042	True	
-0.368065774284	12.8942447287	4.952655743	-2.43209094846	-0.814371045039	0.43320836005	1.844562587	1845.08905751	467.786103881	True	
1.13599847085	9.07897993584	6.71261926736	-2.22572619892	-0.813593421338	1.64571997034	3.22375443949	3621.98038178	463.108242843	True	
1.75221005619	5.36839063652	5.70119444858	-2.12655091851	-0.800951954461	0.581922711021	3.16302675848	2976.86038029	458.477160414	True	
0.517449164774	9.02614845147	5.62707512981	-2.30291301978	-0.844609378457	0.301645729676	3.60254167271	2441.90106607	453.89238881	True	
4.28950276985	9.96166017955	5.46230345721	-2.39578545231	-0.788129459109	1.1339636213	3.75673592168	3772.03549963	449.353464922	False	
1.88857034147	11.1626732756	5.49107703654	-2.5401997	-0.677539583263	-0.190311879412	3.67312581538	2110.97568054	449.353464922	True	
2.37363607294	7.31056304962	4.79660050828	-2.39676568909	-0.767298064157	0.0207859022287	3.96868058804	2067.73002413	444.859930273	True	
4.25141405253	13.0094194401	6.0891455301	-2.43200841495	-0.692266000549	-0.0950632973499	2.22217096186	2837.71900868	440.41133097	True	
1.18278134642	7.89351367898	5.95682515809	-2.45795914462	-0.823990072071	1.66105556516	2.91598373827	2947.92549945	436.00721766	True	
1.5445101152	12.5056671368	5.5413813329	-2.53345869972	-0.769973288823	0.263349085957	1.526450395	1863.44985108	431.647145484	True	
3.37372828029	14.4947934153	6.20247462894	-2.46532270253	-0.815762069688	0.277318846798	2.22064714607	2422.14570422	427.330674029	True	
0.947985846623	13.7905259275	6.07772468789	-2.39207805009	-0.187367969812	-0.256134413999	-0.346347918385	3642.49348007	423.057367288	True	
-0.358974456921	11.3920475028	4.90460322208	-2.50339407771	-0.623176896642	0.347424381158	-0.0942727647208	2193.4333701	418.826793616	True	
2.80548479329	6.3139351379	5.57682336471	-2.30754471184	-0.402045759888	-0.479110557679	0.130909896851	2602.53872727	414.638525679	True	
0.64557774746	8.9942559444	6.23047765247	-2.46396123184	-0.592050646815	1.3527792647	-0.254475158158	2793.48633406	410.492140423	True	
2.58741830352	6.5736273184	6.19109008726	-2.40905317374	-0.779679233027	0.394247162614	0.427313150709	1745.65456062	406.387219018	True	
1.1619532747	8.77505472409	6.07877639652	-2.38599014574	-0.708938619146	0.498410896457	0.284708920022	1881.84911625	402.323346828	True	
3.10126056714	8.97807783276	6.54825724694	-2.3399805228	-0.63606803222	1.20809818285	-0.466293103013	3017.80238419	398.30011336	True	
1.06163212316	10.8227335302	6.44844896953	-2.38453446759	-0.691710879847	0.885618669408	-0.291961480641	1821.10322616	394.317112226	True	
0.905023224426	10.9675100169	5.71389262524	-2.34644581361	-0.821252041602	0.868659950036	3.32911481462	1881.75394595	390.373941104	True	
3.06069183081	7.69327802653	5.69618651351	-2.5516436362	-0.752653868974	0.10125167472	3.7434913801	2376.69443108	386.470201693	True	
1.16965296204	7.37816175319	4.56018393964	-2.35607828562	-0.819622063877	0.0348294620618	1.77980951999	2426.38375608	382.605499676	True	
1.19732433451	7.80038972926	6.09079941986	-2.43026377401	-0.536784258357	0.0590667708208	-0.213688414383	2366.01073321	378.779444679	True	
2.61125309633	5.19820506132	6.85591563549	-2.27946460883	-0.855860290737	0.424328171895	0.378637939388	3865.75434148	374.991650233	True	
2.25423623688	8.4255272233	6.58877660621	-2.43188320286	0.248158835235	0.18113427995	-0.755162980196	2381.93466809	371.24173373	True	
-0.456763970358	8.94162850709	5.28694964074	-2.30615798683	-0.733691747233	0.354928688791	0.3154176827	2616.78123726	367.529316393	True	
2.85630637369	7.18807828628	6.54735037297	-2.40770914376	-0.351383013445	0.853293114549	-0.495003743796	3054.69833056	363.854023229	True	
3.06823646798	10.6088557329	6.20309335649	-2.42759267004	-0.522798696028	0.298331084198	-0.487235601848	1922.48587205	360.215482997	True	
0.67797605716	13.568311357	4.8757818018	-2.39758319062	-0.572148091409	0.346545166019	-0.477834437884	2246.11890331	356.613328167	True	
-1.14631951838	10.8956390939	4.88299370282	-2.46141284633	-0.659585485991	0.855008960466	-0.357463278692	2369.67280434	353.047194885	True	
0.803308665082	8.96880290611	6.0574828186	-2.47180010168	-0.739220466548	0.799947126122	-0.0751258525371	1770.26258068	349.516722936	True	
2.61079632364	14.0092824474	5.86592775104	-2.482908588	-0.193785813066	-0.385908405048	-0.421393424477	2447.7772538	346.021555707	True	
3.24898362396	14.4602053288	5.67223174513	-2.45632712708	-0.752993872736	0.798963549422	-0.0910048039091	2623.20435811	342.56134015	True	
0.654900279612	12.5161015836	5.76840831077	-2.40476304496	-0.809283785648	0.417296195156	2.34359586325	1502.21452891	339.135726748	True	
2.62869370436	14.3806152401	5.56119710054	-2.22734074954	-0.794302692097	0.110169451545	2.58906174845	2964.44732889	335.744369481	True	
2.24342851898	14.4742233667	5.35511936679	-2.42150816562	-0.767474432377	0.0240712777994	1.72585384019	1695.17051851	332.386925786	True	
0.451673767684	13.6259877344	5.58349711813	-2.39029954713	-0.796722761857	0.189069385352	3.04819553557	1885.08790627	329.063056528	True	
-0.260568287787	14.6016162089	5.04468482938	-2.45687116514	-0.779154042525	0.427910141521	2.98282638374	1642.71929463	325.772425963	True	
-4.78869727659	14.8350539963	4.85323874551	-2.4172988922	-0.843763232136	2.88741987793	3.63533829291	2554.81658686	322.514701703	False	
-4.57952404749	14.7509699076	4.81811934938	-2.46100706932	-0.796866977398	2.14865610227	2.50082515639	2167.33116477	322.514701703	True	
-3.649541157	14.2129130032	5.28200310575	-2.3298354219	-0.790784624525	2.27051815884	1.44232305911	2225.54526196	319.289554686	True	
-1.31434444384	10.7227131692	4.36844235091	-2.44474824227	-0.716194816486	0.67956542153	1.73540966423	2483.66636337	316.096659139	False	
-0.790025338039	10.1016539938	4.41817358943	-2.31366409778	-0.660813447648	0.369225533631	2.74084016987	2852.11200604	316.096659139	True	
1.56365393375	11.3316309983	4.89924560425	-2.48271313929	-0.803161778654	0.460097847115	1.66389010054	2179.86958832	312.935692548	True	
3.0101814352	4.53759253631	5.7999662524	-2.37319452448	-0.835072008191	0.680348821561	2.08869545014	1912.37368638	309.806335622	True	
1.3268606294	8.76675604522	5.92505343951	-2.45103630988	-0.432351294507	0.342327469279	-0.5659583844	1543.46426013	306.708272266	True	
4.19604826338	2.46464648416	5.20842511719	-2.3507120254	-0.724267788185	0.301404058628	0.233546652318	2463.09607484	303.641189544	True	
2.13936360582	5.79371355362	5.30503113859	-2.47359955278	-0.71415782512	-0.147208237965	0.487847735741	1757.78762765	300.604777648	True	
3.11457520894	4.21138733809	5.64822477687	-2.38388599896	-0.698412273355	0.0791446701139	-0.00037114988481	1683.63074326	297.598729872	True	
2.55499239903	8.30294299124	6.32732857983	-2.41925649853	-0.544535304307	-0.238473671048	0.0465330544414	2361.54926808	294.622742573	True	
3.68702644777	6.08898355539	6.2883474231	-2.41520727596	-0.694026659521	-0.025433549357	0.38976112652	2320.14370998	291.676515147	True	
1.32423436394	8.54118988499	5.44462669455	-2.36191683072	-0.633026076607	-0.0236471012019	-0.179488254519	1675.65974183	288.759749996	True	
1.20552689464	14.2938542814	5.39838197796	-2.17109747906	-0.725074285235	-0.175664571977	1.04706293701	2934.71503729	285.872152496	True	
1.56250235099	14.3678655945	5.32921919611	-2.344714987	-0.819959053872	0.431415087408	0.983841075922	1968.77467036	283.013430971	True	
1.07993270094	14.513964766	5.12736008193	-2.51005186918	-0.79160259306	0.165057840403	1.54698375693	1805.55538016	280.183296661	True	
-0.0694753731049	10.2236539232	5.29716664367	-2.52013727393	-0.813446111967	0.578302454237	3.25122892578	2124.58720832	277.381463695	True	
1.05037049198	10.6656443911	5.84572398206	-2.46343125414	-0.826274711323	0.74035658447	1.79791506731	1717.88070991	274.607649058	True	
2.1385856637	11.102933819	5.26792201845	-2.47688256454	-0.665552244132	-0.00337549577278	2.15023669344	2473.84817946	271.861572567	False	
1.3490985855	10.7396995861	5.82477387716	-2.45764633182	-0.787545810932	0.410077050444	1.54991253558	1511.55755799	271.861572567	True	
1.58202766889	11.4844004424	6.07213062843	-2.40844009854	-0.703481668332	0.491761943338	7.34263772324e-05	1559.17510088	269.142956841	True	
3.31537965093	9.99768925203	5.04486954425	-2.41464872106	-0.834846661022	0.498535814922	1.45641373622	2828.82931982	266.451527273	True	
0.66281207372	7.81449758057	5.35636861176	-2.38508134964	-0.718649522957	0.0341484914515	2.31396998152	1917.32567165	263.787012	True	
1.27310298846	12.1689711763	5.1864151923	-2.41057072384	-0.760703447937	0.374079471927	1.90979044121	1743.80583365	261.14914188	True	
0.954870719769	12.216196995	5.27988451679	-2.43094606047	-0.803085960629	-0.0371350850463	2.03893267238	2206.12289027	258.537650461	True	
1.12616256761	9.77421320718	4.4219281229	-2.23869570074	-0.770598191716	0.320969821363	2.14720349353	3384.10140269	255.952273957	True	
3.44212846326	4.03910006332	5.00080222614	-2.4145494909	-0.56241501817	-0.412677464153	3.57362088427	2378.04945686	253.392751217	True	
3.97477006321	3.04598742719	5.77338085216	-2.37872077733	-0.809989896566	0.473708879361	1.5474704196	2032.43355601	250.858823705	True	
1.12716494432	6.4998899082	5.18219018127	-2.34443001092	-0.786194736903	0.116171813185	0.988378701229	1747.08286655	248.350235468	True	
2.03309743096	11.5276354465	6.2696518783	-2.42654776908	-0.772954382133	0.576735820376	0.698023018151	1854.47301617	245.866733113	True	
1.29577362497	10.4865671428	5.59477203179	-2.45495589877	-0.770174530599	0.573052350544	0.522732024392	1602.5263656	243.408065782	True	
0.91091295322	9.68130140839	5.58402572128	-2.47758180782	-0.757742089784	0.403779607327	0.120875607827	1620.2291511	240.973985124	True	
1.52695300788	9.58243771516	5.0136247121	-2.32812867662	-0.723425935361	0.0162638786506	1.45008597723	1802.012659	238.564245273	True	
-0.918242001894	10.5380032773	6.11015722771	-2.22537216244	-0.839583803025	1.29271397618	2.92660533393	2858.79832908	236.17860282	True	
-0.38720911128	12.3101832895	5.00031271342	-2.33322203248	-0.78755328384	0.660400881445	3.77393616857	1660.0011995	233.816816792	True	
1.03225329098	13.3961118559	5.70312241232	-2.31554673662	-0.821781812387	0.651752704187	3.23114215393	1825.34978017	231.478648624	True	
-1.29398673729	14.0535363135	6.00846882656	-2.37500579706	-0.79288540885	1.75581361757	3.04497462165	2280.02803888	229.163862138	True	
-0.526813733952	12.9740100249	5.24824920579	-2.36401414341	-0.802598264711	0.71708874306	1.60683693732	1503.27683559	226.872223517	True	
0.951093565782	14.2635610695	5.24791653733	-2.38656172999	-0.770374150978	0.128949543876	0.482470246445	1541.97151369	224.603501281	True	
-2.35981312124	14.5888886858	5.31748851728	-2.33714790609	-0.804429030668	1.57337373796	1.95675015158	1721.77251723	222.357466269	True	
-1.92152522547	13.6452943554	4.72161506912	-2.34356739239	-0.763214635778	0.837382714543	3.74310608591	2002.63696312	220.133891606	True	
-3.0277337137	13.7504295767	4.90519712397	-2.30495768275	-0.893308032428	1.88751973287	3.93736858471	3027.51092982	217.93255269	True	
-4.20919021155	14.7357051725	4.41603953475	-2.45397309161	-0.845471007122	2.04411666118	3.44541434483	2508.04007169	215.753227163	True	
-1.52502983835	13.9450090799	5.01624554894	-2.46258949863	-0.782871794417	1.38133777713	3.66318185221	2117.35463682	213.595694891	True	
-0.751312934934	14.4278075392	5.69384056693	-2.37629120864	-0.808416082381	1.05747820614	2.1271556754	1548.41532855	211.459737942	True	
2.43357962487	7.57759956667	4.98905322839	-2.35695156902	-0.829432776194	0.22697626057	2.62379140844	2339.50034689	209.345140563	False	
0.824598449425	12.0888666633	5.03137904419	-2.51125172027	-0.688190056461	-0.0141270356049	2.16379423217	1985.72377072	209.345140563	True	
0.608485979518	14.4426806109	4.76236264295	-2.48209668131	-0.780166073832	0.124810383011	2.86736940435	1846.65245545	207.251689157	True	
0.00731128583554	12.5016039383	6.05093860486	-2.38521741076	-0.799738351465	0.591844131694	3.7240181275	2015.22329184	205.179172266	True	
1.51694775638	12.2217269055	5.4257256883	-2.39023046367	-0.797297743213	0.239493542883	3.10928512475	1487.58506756	203.127380543	True	
0.534557219109	9.3054152705	5.70223733732	-2.4395091793	-0.837261975226	0.728261687704	3.41845725591	1775.47771097	201.096106738	True	
1.11353785614	11.5168015546	6.14411584535	-2.31470106433	-0.819666832933	0.68972339299	3.88928768815	1876.72917358	199.08514567	True	
-1.62788323981	11.0928494978	5.60118846539	-2.4667256444	-0.827366933809	1.25026486853	3.1108303576	2429.14417094	197.094294214	True	
-0.926019705483	13.3103062921	5.1273160012	-2.35316575011	-0.783843137035	0.846410533188	3.49547906417	1602.79493804	195.123351272	True	
-2.01961298995	12.5862461031	4.92693901835	-2.37593696516	-0.827337208952	1.11414163853	2.48998399641	2023.4907251	193.172117759	True	
1.13789462332	10.4157928213	4.28595393792	-2.36445083976	-0.747741513867	-0.117611246711	1.08107251475	2443.68730485	191.240396581	True	
0.393591456065	10.2494043355	4.56329700815	-2.44510057877	-0.823024891317	0.425426417043	1.35560383307	2122.22796661	189.327992615	True	
0.167147683414	10.0015935584	4.95856202054	-2.46157419034	-0.835858368579	0.589224111188	2.57916656528	1956.80146073	187.434712689	True	
1.55160724357	12.1454907955	5.38459396395	-2.30873869349	-0.853378947764	0.38356904761	1.71956004488	2315.53423856	185.560365562	True	
-0.213382945323	14.9010871498	5.33908876746	-2.44607616815	-0.77299819843	0.521962459573	2.37889034444	1574.15365762	183.704761907	True	
0.871124244933	14.5052540191	5.95537154729	-2.45943672079	-0.853442334573	1.04187436886	3.74413354256	2109.90578241	181.867714288	True	
2.22420894088	14.3376859668	6.27649342358	-2.36871736819	-0.759544362218	0.169060580443	3.90820483308	1995.09016884	180.049037145	True	
1.23984810513	14.3289152892	5.35505353093	-2.48691228118	-0.781546991741	0.137388599355	3.56780759691	1601.45409651	178.248546773	False	
0.780154302197	11.8681941845	4.63076379004	-2.37826927426	-0.74144833502	0.116978395214	3.39310952421	1815.79705906	178.248546773	True	
0.693708120128	11.5593575809	5.53030720969	-2.32915467944	-0.776738567809	0.261249584862	3.42411281366	1523.47229934	176.466061306	True	
2.18688474797	8.34726714529	5.72698230829	-2.45173815564	-0.790442011735	0.381604834264	1.59437088047	1673.49185643	174.701400693	True	
1.32764529413	10.0263034395	6.04684758827	-2.33056066596	-0.827387040573	0.465956734386	1.79907156862	1822.37748299	172.954386686	True	
1.16292441563	11.5203916261	5.66789352447	-2.41778206127	-0.82363355923	0.562350907376	1.00897275029	1556.31537497	171.224842819	True	
1.76407932474	6.53752491421	5.65398005486	-2.40737579121	-0.749081491867	0.151049901866	1.11075676122	1488.93699799	169.512594391	True	
2.2608904601	11.3393116374	5.12339927773	-2.35525127637	-0.740389334853	-0.0951848923393	2.1471813704	1903.85205378	167.817468447	True	
1.12114671202	9.64785385549	5.00594911252	-2.35898913998	-0.750397746928	0.250130278206	1.19763644369	1728.35728561	166.139293762	True	
0.625544399711	10.2067223746	5.24008424387	-2.38691643815	-0.831766080597	0.744567235608	2.36640454957	1832.66275221	164.477900825	True	
1.24052371038	11.3010034858	5.14348804651	-2.31897162572	-0.708885989995	-0.116008942738	2.26974966583	1676.34535828	162.833121816	True	
1.83310812234	9.79398593357	5.3951107931	-2.52985148278	-0.739012144473	0.0734307619068	-0.0659692675995	2251.48830895	161.204790598	True	
0.895269871091	11.631953303	6.92728928901	-2.39934241682	0.225387827104	1.05066490552	-0.778179534626	1914.67524259	159.592742692	True	
2.24085278807	13.1358822706	6.56285286727	-2.46593710453	-0.463843209373	0.716471244429	-0.443682050208	2259.11560477	157.996815265	True	
1.3737086267	11.5849456945	6.77963483658	-2.49946641834	0.0268228038665	0.971371647899	-0.756560158464	1726.90196477	156.416847113	True	
0.932336066664	12.6413662982	6.62951030937	-2.43375921199	-0.570587933903	0.873500108041	-0.489719885168	1672.47789997	154.852678641	True	
0.55083256516	9.78802685001	5.06375215474	-2.32316436064	-0.658616126701	5.88130947243e-06	0.247045838709	1870.41397665	153.304151855	True	
1.71238753571	7.08388357125	5.83966460191	-2.41109061011	-0.46021330431	0.162746353425	-0.479556514086	1539.13073166	151.771110337	True	
1.26931014024	9.31342973407	5.48036126465	-2.50058315536	-0.75220117108	0.214192590947	1.09800285416	1685.91810526	150.253399233	True	
0.111157224415	12.7084863547	5.11186870439	-2.26525439396	-0.781003471847	0.312312616977	1.1964992873	1870.0942625	148.750865241	True	
0.149570133637	12.2512778227	5.39526250481	-2.42232315315	-0.819234043589	0.611745272014	1.32057995208	1485.27712229	147.263356588	True	
-0.87705865303	13.4099647245	5.750078349	-2.42218488642	-0.791864989755	1.07406366233	1.4303747091	1691.33888053	145.790723023	True	
1.6246022131	10.0328766296	5.52342785608	-2.39775768271	-0.78805149707	0.394197025121	1.91277341427	1532.95016574	144.332815792	True	
2.10374565977	7.63198792631	5.54988286496	-2.36003477404	-0.806542808689	0.0966716926944	2.30279153355	1727.39791373	142.889487634	True	
2.1754952511	9.08998290157	5.98858056244	-2.47246351726	-0.796641216807	0.35180419862	2.71499690733	1747.243531	141.460592758	True	
2.35010709006	5.44277842883	5.22327826756	-2.37449086328	-0.775757068117	-0.0450339116443	2.89720166356	1623.1954242	140.04598683	True	
2.27952690062	6.39171444109	5.74166454746	-2.30424203927	-0.799793595489	0.116592397763	3.16064615876	1787.58089409	138.645526962	True	
0.548869869354	10.6012080625	5.46511933195	-2.48245506589	-0.77878222483	0.454751103568	3.10123799671	1636.5946462	137.259071693	True	
0.967956580278	12.2682858169	5.71758603885	-2.37245756013	-0.788369352329	0.614385646132	2.18969652923	1548.49967928	135.886480976	False	
1.49834367735	12.6373637982	6.14128516056	-2.43397463208	-0.819446726471	0.622471884635	2.27776608545	1690.51251278	135.886480976	True	
1.46444538216	13.9901414805	6.21842523088	-2.40621454633	-0.797358992811	0.52948032474	2.42904461023	1680.08452884	134.527616166	True	
1.46902237173	11.4842144489	5.81352140812	-2.41835722737	-0.817999585292	0.511706210701	2.18112810992	1540.93060392	133.182340004	True	
1.81754761033	11.7842808269	5.40218352456	-2.31388518141	-0.755775471357	0.131827584021	3.74583494005	1836.86858575	131.850516604	True	
2.0750884913	9.8168177871	5.27866178282	-2.34826299148	-0.738786156929	0.238531896905	3.21049639241	2179.73006049	130.532011438	True	
2.12601443944	8.88276180761	5.59538802134	-2.41055228101	-0.660769370421	-0.219136514518	3.14831704048	1696.15522104	129.226691324	True	
-0.266773289016	14.0608096327	4.94329433118	-2.46463248278	-0.805203107666	0.616367687265	3.89683274748	1684.47332627	127.93442441	True	
0.60108185802	12.3626677734	4.98428325668	-2.40465256685	-0.77500877932	0.345749345935	3.30296999039	1521.81007191	126.655080166	True	
0.763385347291	11.6547569105	5.61138694018	-2.42732698617	-0.81308070842	0.527555449159	2.89642014102	1427.08090141	125.388529365	True	
1.53066282628	10.8382655778	5.37034524495	-2.38442420337	-0.731429075164	0.0189588606471	3.44111660757	1451.97548673	124.134644071	True	
-0.00263200366373	12.1555985041	5.08042387684	-2.35542218232	-0.77661653425	0.465930412206	3.05897787846	1505.46671976	122.89329763	True	
-1.05178786634	11.7365720043	5.00770462945	-2.40205958009	-0.775610607428	0.682118975505	2.23309503943	1790.94626406	121.664364654	True	
-2.93557560455	14.5487296357	4.95556363702	-2.29944020833	-0.777604614647	1.52523030138	2.7978938757	1949.98677174	120.447721008	False	
-2.66685530649	13.2886604909	5.15029161156	-2.45957400766	-0.796881872259	1.45713050091	1.76878313794	2060.1824547	120.447721008	True	
-0.823973312716	14.4263855497	4.66844892465	-2.37011890492	-0.737019725874	0.459826500972	0.942311920189	1812.09336586	119.243243797	True	
-0.16376129524	12.9210491543	4.95488923258	-2.47808245264	-0.832936930235	0.596331926149	2.11488598803	1899.22889708	118.050811359	True	
1.55893827066	11.9758356798	5.1575941695	-2.42367238666	-0.784551843676	0.362398298091	2.67187379181	1737.76717567	116.870303246	True	
0.82563582659	13.4405584513	5.20870160133	-2.40394297867	-0.810053359296	0.240019349051	1.8062244584	1543.69385431	115.701600213	True	
0.935058125674	9.26554815461	5.34486763642	-2.38267527123	-0.816149358823	0.716736034751	1.72954180473	1792.23506517	114.544584211	True	
0.489574901163	7.94732418913	5.39937016603	-2.34266903197	-0.802587614476	0.493500939396	1.42557472716	1667.33752148	113.399138369	True	
2.13628771935	11.1984591787	5.7370808252	-2.3421086177	-0.755999879312	0.0403559693363	1.25019286234	1708.11235908	112.265146985	True	
1.59441887392	10.0395401486	5.87042614853	-2.45560930133	-0.626327194202	0.209631768316	-0.251860543913	1475.26705236	111.142495516	True	
1.80834763312	10.3963251029	5.88228354985	-2.40509591056	-0.716925405761	0.31194554045	-0.121593084928	1544.20683806	110.03107056	True	
0.0985658070383	13.7018329046	5.52765165174	-2.38297966782	-0.487730669637	0.556752436509	-0.496609242061	1574.36552785	108.930759855	True	
1.33415797769	14.7356834077	5.45531018027	-2.48115824118	-0.755752881585	0.243470780805	0.195655395385	1592.79813763	107.841452256	True	
1.043639319	12.5381471689	4.93014386923	-2.43743067883	-0.731812585208	0.0669838368332	1.00133079233	1567.75451507	106.763037734	True	
1.6403429769	9.80307397443	5.70734257192	-2.36078088659	-0.794660167382	0.21107967963	1.9826018628	1521.67758691	105.695407356	True	
1.73764886636	9.91001979483	5.49283781756	-2.41491497258	-0.670552026103	-0.193738168578	2.6795217005	1613.52043594	104.638453283	True	
1.60040589357	7.59984825005	5.04806888572	-2.38574985245	-0.766570890286	-0.064496710751	3.40048596287	1631.02982248	103.59206875	True	
0.958111813298	11.7638153173	5.1579280223	-2.38485996758	-0.805768028706	0.205248756262	3.57150494884	1530.28877032	102.556148063	True	
-0.23764691869	13.5536334877	5.01541875947	-2.37823289846	-0.763762535669	0.513191611998	3.38545512784	1563.70826721	101.530586582	True	
-0.0212058076446	13.2006480632	5.31670315424	-2.39899479603	-0.779118138547	0.466772790781	3.25956116002	1437.96383045	100.515280716	False	
0.882051402799	14.2069173965	4.95940027679	-2.40244545879	-0.757091161418	0.155328326904	3.85587697985	1516.66784866	100.515280716	True	
1.21778954931	13.9516353743	5.31769497631	-2.39432847081	-0.707545331274	0.0100346422222	3.16623055288	1551.4350181	99.5101279089	True	
1.26979393297	13.9771885636	6.05586842888	-2.40405241175	-0.819485846782	0.451380872914	3.06772045875	1627.81402142	98.5150266298	True	
-1.48582998907	13.397742932	5.06799388108	-2.38301150788	-0.815662206147	0.962212550664	3.06568152228	1703.97078237	97.5298763635	True	
-1.13968288568	13.1060748136	4.90392190914	-2.29421735354	-0.792433612419	0.733969231557	2.73263469553	1867.52085432	96.5545775999	True	
0.823918302412	13.8690437501	4.98155881488	-2.41442015853	-0.790095840011	0.214688863385	3.40405255335	1533.42881729	95.5890318239	True	
0.0111882175266	13.045771616	5.25866385235	-2.38353268154	-0.792327149295	0.468679931755	1.72795268897	1428.45492436	94.6331415057	True	
0.92581730521	10.6619757462	5.53284573178	-2.38194843629	-0.782305943741	0.269231553102	2.36670706095	1393.48692316	93.6868100906	True	
0.248116198519	12.2552500867	4.85608996508	-2.33619268882	-0.695693996367	-0.0547754136646	1.32194818991	1961.32085943	92.7499419897	True	
-0.278561264347	13.8919820133	4.83793853178	-2.38600797794	-0.820192139871	0.62654611446	0.993047770475	1791.688411	91.8224425698	True	
0.475611849823	14.2493148644	4.77899461402	-2.3446971789	-0.772444071526	0.369608152101	0.949709172659	1859.40617753	90.9042181441	True	
0.836398644941	12.7386037235	5.69768374788	-2.34275722958	-0.739095239714	0.395886796892	0.635617422485	1606.13884352	89.9951759627	True	
1.22926028059	13.3389516801	5.41356550457	-2.42074574217	-0.72227170817	-0.12916852508	1.3382445976	1670.26602603	89.095224203	True	
1.28635479655	14.4756391082	5.4444541275	-2.42863010028	-0.73666012381	0.166869447357	1.79860505758	1523.08812482	88.204271961	True	
0.955256848917	13.04378192	5.37448784753	-2.35576680281	-0.783666893462	0.0794212646233	1.99221650777	1593.3358775	87.3222292414	True	
1.8742985402	13.3819785433	5.59459075741	-2.39208199006	-0.757867948468	-0.0339887704304	1.96670491037	1569.0625612	86.449006949	True	
0.63768369955	14.9719885762	5.6670073643	-2.45248486505	-0.812932897651	0.691215116845	3.20126740145	1532.99747729	85.5845168795	True	
-0.0206414509076	12.9149529564	5.64150748037	-2.35677552852	-0.804929529183	0.770100228419	3.62240281799	1493.33600269	84.7286717107	True	
0.791498939543	13.0372791033	5.42642218087	-2.39488156679	-0.806899514464	0.331896170539	3.55134467287	1415.25400719	83.8813849936	True	
1.25119911547	13.1408046194	5.51374588027	-2.45170470185	-0.71726109471	0.0190811046016	3.11781139384	1592.94108947	83.0425711437	True	
1.25876036294	13.7968323522	5.40745326073	-2.52162015595	-0.836937236849	0.255381258161	2.52748513041	2160.23419224	82.2121454322	True	
0.810010019207	14.7547436468	5.0587640249	-2.37586301539	-0.772769889677	0.0843768063158	2.71388183505	1530.16877206	81.3900239779	True	
0.5671729075	14.7341143484	5.79519672202	-2.45185271428	-0.766717260712	0.343013662393	2.9783009914	1681.97648997	80.5761237381	True	
1.59293150219	13.1128835975	5.7745006014	-2.43282502949	-0.765665483738	0.27379110214	2.58179628114	1521.34431552	79.7703625007	True	
1.24530292576	11.5487160002	6.20252632564	-2.37224511072	-0.809934371593	0.760349823541	2.14052130819	1761.9086037	78.9726588757	True	
0.433639863535	12.6003624809	6.30241564272	-2.3684061004	-0.815330870957	0.791492290242	1.98285023581	1842.86133042	78.182932287	False	
1.19428967505	13.7571279749	5.75003349612	-2.43550506832	-0.796756988652	0.433620765692	2.69825974813	1448.80478698	78.182932287	True	
0.386197208925	13.2208735199	5.65566975572	-2.43966502614	-0.801982562055	0.625299808541	2.54603346211	1434.16615152	77.4011029641	True	
0.850667407017	11.3499847309	5.51670995164	-2.33149455254	-0.79272660198	0.411849837786	2.56465399837	1493.85724042	76.6270919345	True	
0.789970366876	11.1693209738	5.11236550078	-2.35952525922	-0.77810508124	0.481201545389	3.13400466127	1712.42304162	75.8608210151	True	
1.82248767538	7.73930282167	4.84829112733	-2.46280594146	-0.715083817862	-0.142257256441	3.62803362079	1770.3164903	75.102212805	True	
1.9344806994	8.73668885771	5.49074240115	-2.40134826542	-0.77567945695	0.172028031369	3.27361427504	1491.21248269	74.3511906769	True	
1.61124756798	10.6251127885	5.56529700708	-2.38264749946	-0.753689354128	0.183175639355	2.61424942089	1480.82119015	73.6076787701	True	
0.906857551298	9.61414342774	5.19384011383	-2.38401923632	-0.796311902924	0.20708132158	3.06890969483	1495.09241175	72.8716019824	True	
1.75357739322	6.96660761658	5.73482068653	-2.41717705676	-0.815544838424	0.227613069063	3.47285655062	1614.02694684	72.1428859626	True	
1.2810471777	10.9063832081	5.79715215332	-2.37756895231	-0.817669018287	0.513744615988	3.78282472362	1534.21309799	71.421457103	True	
0.902656415769	12.5189618826	5.08226804636	-2.40619360146	-0.750683490846	0.171094910151	2.77242856921	1459.16669602	70.707242532	True	
-0.335982292935	12.8702010164	5.57088718832	-2.38843933538	-0.787766547318	0.720073362911	2.09422040908	1522.42523253	70.0001701066	True	
1.60527511912	11.0955024045	5.25610625603	-2.38184926899	-0.742917752895	0.051131298625	2.82577909573	1499.88925881	69.3001684056	True	
0.844784852434	9.29865298819	5.41955402964	-2.40956731705	-0.789781768718	0.388906512953	2.88147619449	1439.86546903	68.6071667215	False	
1.0356348878	10.6889179571	5.6982783899	-2.45509001452	-0.799922902745	0.395728476214	2.79990529808	1488.93176752	68.6071667215	True	
1.45122785861	11.3521694704	5.2004853939	-2.4434380023	-0.720603538289	-0.0920717612287	2.72225316255	1504.46687647	67.9210950543	True	
1.02785097711	12.9332977929	5.76550497992	-2.36311205747	-0.805654038394	0.288508038691	2.16006690836	1538.20903447	67.2418841038	True	
0.283040312605	12.6128978402	5.49360447433	-2.38713667999	-0.798227249021	0.452229670423	2.87452770493	1412.71151378	66.5694652627	True	
-0.280433734026	14.2276078289	5.45163228332	-2.35024333635	-0.79637593776	0.55404139715	2.71334980009	1577.32383039	65.9037706101	True	
-0.0407652408159	14.8708159104	6.13800437075	-2.35993743807	-0.786220183633	0.794314804108	3.57357755752	1807.22578593	65.244732904	True	
0.387219774279	14.6165924735	5.79986516646	-2.37112294204	-0.817737456535	0.712865433862	3.59499938413	1505.0766722	64.592285575	True	
0.675131946065	13.1556574173	5.52324740486	-2.39977443846	-0.798638616453	0.454230689065	3.89026494651	1361.7341701	63.9463627192	True	
0.631144492388	13.4782921931	5.67956608076	-2.42589714284	-0.780367194355	0.414549821774	3.77601790722	1427.23824811	63.306899092	True	
1.5581413084	11.9344793394	5.69557522284	-2.41538625259	-0.81344036059	0.356189890791	3.92644023962	1510.71750083	62.6738301011	True	
0.593974846392	12.4046043595	5.76754899505	-2.3851342055	-0.7994450342	0.512228362029	3.83760475088	1424.16866643	62.0470918001	True	
0.886000228909	12.797759458	5.51476927965	-2.3809138978	-0.748887804923	0.224191000621	3.43142111113	1446.92011759	61.4266208821	True	
1.74694329823	12.8995864868	5.71661083617	-2.41442478079	-0.756087087686	0.108110447435	2.89114078638	1495.88489459	60.8123546733	True	
0.329348434965	13.051869855	5.81389301199	-2.4262664836	-0.779351609036	0.600813871713	2.32770142107	1533.44690918	60.2042311265	True	
0.407147173208	13.4284436647	5.58470052168	-2.3716186639	-0.808713762674	0.551009781522	2.62581007914	1414.41824405	59.6021888153	True	
0.975908674186	13.6783525504	5.69244027858	-2.3498642737	-0.793354954462	0.435329197291	3.03999763886	1480.36456031	59.0061669271	True	
0.855739772989	13.188570632	5.65737456364	-2.40985385666	-0.79218219096	0.17707683432	3.04484087456	1615.84922453	58.4161052578	True	
0.673060379238	14.6334205096	5.40539555601	-2.36376518547	-0.791844655115	0.371672987404	2.94503748643	1412.14528703	57.8319442053	True	
0.625319239204	14.185106398	5.59234361048	-2.37806496415	-0.787747773602	0.2386725411	2.9245546823	1547.59558906	57.2536247632	True	
0.575290357152	13.7697786247	5.67487559636	-2.38758312682	-0.784241546727	0.417272786815	3.25717370355	1413.19304417	56.6810885156	True	
0.20261952499	13.3757174911	5.58650787969	-2.40082099997	-0.811336834916	0.532219494318	3.27906826594	1457.08920897	56.1142776304	True	
0.143351977882	13.1039630706	5.18140096681	-2.44340330367	-0.784319001593	0.383958365537	3.09759873735	1484.7379522	55.5531348541	True	
0.702517403743	12.797807957	5.29329812897	-2.44755161572	-0.811533683495	0.425312011086	3.04312052998	1483.37574962	54.9976035056	True	
0.655142007856	13.18157024	5.40951305028	-2.46085010003	-0.799411023037	0.330443184938	3.39312149156	1497.79195598	54.4476274705	True	
0.135115978425	14.3104245857	5.31669500399	-2.42476531444	-0.793754975982	0.413936240488	3.18904732494	1464.43903344	53.9031511958	True	
0.203374722974	14.1936196016	5.82388314758	-2.39683514609	-0.803148465278	0.763854000568	3.13297491571	1471.57662525	53.3641196839	False	
1.48414302448	13.4619274716	5.67502275463	-2.35081752481	-0.783804380433	0.271418384206	3.08217258888	1541.20531111	53.3641196839	True	
1.28229486123	14.4205405961	5.54486456326	-2.40530819742	-0.756898781097	0.24938931232	2.45875152492	1465.62249196	52.830478487	True	
1.2878107321	13.8638682357	5.34519748292	-2.40696944466	-0.749557048107	0.0561143894289	2.7610802696	1411.44863476	52.3021737021	True	
0.98706151974	14.2722080621	5.25380680031	-2.43210649597	-0.760872042151	0.197897382877	2.56640047093	1418.47118961	51.7791519651	True	
0.150874860969	14.523865059	5.32087477246	-2.41362881931	-0.778465993833	0.422799608145	3.25590498041	1423.63099443	51.2613604455	True	
1.08265080384	14.1165911414	5.54972219176	-2.41937846499	-0.766364915206	0.217380462237	3.73215186201	1394.21828611	50.748746841	True	
1.22464749588	13.7067872063	5.39345498528	-2.32471040956	-0.781519804141	0.184714998516	3.84526291546	1578.43009098	50.2412593726	True	
1.1496946912	13.1604983211	5.34263676691	-2.40373638882	-0.769231514331	0.18748589417	3.61112303185	1381.12796992	49.7388467789	True	
0.914255516227	13.8959729864	5.11282622434	-2.42139657318	-0.750269760599	0.036467013744	3.09639959121	1471.78941608	49.2414583111	True	
0.877799505148	13.2283015591	5.80580300841	-2.3961833833	-0.78487560496	0.511461728343	2.77554218152	1440.16116093	48.749043728	True	
0.686235880416	14.0294542421	5.88163588838	-2.38020916783	-0.811293686273	0.772451732467	3.18243206951	1563.62305191	48.2615532907	True	
0.341381443165	14.3536252412	5.78587821818	-2.43503636444	-0.797312705641	0.647227143659	3.7083678849	1474.53630997	47.7789377578	True	
-0.0905369746582	13.8038061903	5.39757834913	-2.3585808351	-0.793708653208	0.595577404911	3.35007402879	1448.00164871	47.3011483802	True	
0.318175017865	13.7795540446	5.26964051096	-2.34582078971	-0.762135738101	0.371283057355	3.51221901445	1508.46137124	46.8281368964	True	
0.638973313295	13.1112262791	5.26378801808	-2.45260056154	-0.771597558011	0.196415797153	3.65764466698	1488.5283201	46.3598555275	True	
0.510855777897	12.7673148126	5.52781430363	-2.38392343976	-0.776687956032	0.316093507561	3.75930286029	1425.54244324	45.8962569722	True	
0.657930465724	12.9882541187	5.71437111881	-2.38929593476	-0.765468574025	0.410768314403	3.76376361736	1475.85074822	45.4372944025	True	
0.484237988469	12.1479542993	5.51496685957	-2.46578247749	-0.816511132863	0.854463334204	3.61968618109	1700.0850932	44.9829214584	True	
0.741316306374	12.8860814929	5.56886792785	-2.37870526507	-0.789900787966	0.490333058283	3.88574337508	1396.19750007	44.5330922438	False	
0.752719984985	11.7582688582	5.69988973163	-2.43670326548	-0.798422262452	0.47553771779	3.92557680796	1427.52522755	44.5330922438	True	
1.32153674385	12.7666185124	5.61660023054	-2.41781572876	-0.794460731787	0.370111767118	3.78522240193	1419.57789312	44.0877613214	True	
0.448063683906	11.8586396665	5.24607872596	-2.40377713089	-0.77116091724	0.367223116919	3.29581959017	1391.56783301	43.6468837082	True	
0.323399168456	12.9223468715	5.47451226073	-2.40362627666	-0.76457596329	0.313561142929	2.87669856432	1496.06374065	43.2104148711	True	
1.45070706755	12.7080764134	5.58131308898	-2.36164704571	-0.797330236819	0.302283414775	2.50144024674	1513.84192783	42.7783107224	True	
0.706839611198	14.0312177705	5.43938310102	-2.36032913005	-0.773217530384	0.2850863659	2.83186847159	1413.747978	42.3505276152	True	
0.835177785787	12.9391383377	5.35305989521	-2.41270281361	-0.823133295232	0.541414255961	2.90118245086	1545.59069906	41.927022339	True	
0.223783240919	12.3439162116	5.37569909848	-2.4515215818	-0.787288057064	0.481568883713	3.2926097199	1463.8785801	41.5077521156	True	
1.23117443191	10.375767504	5.36063825753	-2.42046736066	-0.780061489956	0.212333469827	3.88950054814	1372.22171331	41.0926745945	True	
0.810268912446	10.7379023165	5.60302474752	-2.40950922975	-0.76411419442	0.258901894821	3.46671105822	1472.6669703	40.6817478485	True	
1.12263260258	12.5589711088	5.38230152016	-2.41700848239	-0.796568324263	0.271867330075	3.83099150085	1400.01863789	40.2749303701	True	
1.1630620425	12.7236382486	5.59943309061	-2.42929319343	-0.766729281154	0.0956411642521	3.64607985096	1488.07726409	39.8721810663	True	
1.2702101408	11.081141586	5.59598308466	-2.39910150367	-0.797665319327	0.362306777822	3.88497001506	1391.90051294	39.4734592557	True	
1.02495328644	11.1622842481	5.50453787293	-2.41686568918	-0.804582977834	0.274226339798	3.50330219266	1427.6681989	39.0787246631	True	
1.71814577955	11.7884774572	5.71879127872	-2.40454829084	-0.736399650703	-0.0153173287023	3.36884613893	1522.00243279	38.6879374165	True	
0.639503803897	11.9105090366	5.59489963646	-2.40472403984	-0.7983664907	0.419702895823	3.55613462945	1384.46751845	38.3010580423	True	
0.757895233438	11.8937944895	5.36375567129	-2.35089848994	-0.772668004822	0.325871317925	3.84748750781	1429.49038655	37.9180474619	True	
1.4839981068	11.0257414736	5.44503891891	-2.37387744365	-0.749325770124	0.0275461935308	3.7109560752	1425.55221597	37.5388669873	True	
1.3312149935	12.9417481808	5.45215493322	-2.38781230152	-0.778838960414	0.197220383455	3.67757598647	1405.31181745	37.1634783174	True	
1.47081252928	12.0990658086	5.53497858285	-2.32921088908	-0.782720937575	0.159488607448	3.9126259077	1570.90280302	36.7918435342	True	
1.12928540975	14.0728595189	5.48055865162	-2.35751246995	-0.801479210076	0.33905772922	3.59765694085	1496.47941322	36.4239250989	True	
0.998155586686	14.7905202709	5.35363450143	-2.44241847195	-0.769497090218	0.196288217937	3.7940569731	1412.95225512	36.0596858479	True	
0.652295887343	14.8790654049	5.52718826274	-2.36849677749	-0.777990394598	0.379790203251	3.95401452659	1410.79590797	35.6990889894	True	
0.951754251669	14.3212502349	5.459384901	-2.39411564805	-0.768072784891	0.168900717012	3.95735072641	1395.59151771	35.3420980995	True	
1.30203460599	14.6572414012	5.58290620821	-2.39493442426	-0.778184551046	0.282137271494	3.94115400317	1422.51540845	34.9886771185	True	
1.04308154144	12.8593485651	5.43111233673	-2.4038018388	-0.770134612862	0.249127017363	3.96637035513	1364.21380257	34.6387903474	False	
1.19023437613	10.850595413	5.51997354063	-2.43233714687	-0.796610926091	0.44984689267	3.50885928249	1438.26978431	34.6387903474	True	
1.55955280306	9.23489137178	5.31197640085	-2.43989558147	-0.761451262029	0.166623559672	3.07702752065	1470.90720938	34.2924024439	True	
1.5253675609	8.59495522368	5.35519006933	-2.39304997348	-0.732683244367	-0.0599681215213	2.38485733125	1458.75606695	33.9494784194	True	
1.4251800984	8.4246766971	5.66854532886	-2.402557459	-0.778650510248	0.179045339672	2.09325109471	1443.40083526	33.6099836353	True	
0.937096516421	8.63164138385	5.43671255898	-2.38801221176	-0.805740336243	0.350202141854	1.988633291	1482.89749014	33.2738837989	True	
1.55741717235	7.76484004226	5.28089825229	-2.37163570756	-0.754021940186	0.136804601948	2.26181574917	1496.31951565	32.9411449609	True	
1.20386388454	7.27680046224	5.43965113335	-2.43185964363	-0.784290854123	0.430284218461	1.71688548163	1543.89354708	32.6117335113	True	
1.7225272172	7.6259792812	5.75394179524	-2.3743856679	-0.799596160391	0.317788922945	1.39248527941	1487.87078719	32.2856161762	True	
2.09690622405	6.52764094368	5.73453200953	-2.35513830764	-0.770767479367	0.171000400507	1.17841395986	1499.11617878	31.9627600144	True	
1.85449919985	7.14013706438	5.70689065621	-2.35566965852	-0.772805071916	0.273580141198	1.68589388901	1512.63734616	31.6431324143	True	
1.81155264575	7.82528285862	5.72135772921	-2.40291731357	-0.735309042332	0.0930235834124	1.93659167202	1551.5454949	31.3267010901	True	
1.44272606723	8.45794695162	5.74802043042	-2.38848566955	-0.790524956309	0.338262039114	2.04228264467	1447.76888891	31.0134340792	True	
1.26470570433	7.84105789374	5.26295390149	-2.35617468771	-0.776971216067	0.199063686875	1.96928184023	1478.47302047	30.7032997384	True	
1.01894904601	8.05669393843	5.40801486918	-2.36651902544	-0.782607306193	0.17593028454	1.73245717578	1509.88758071	30.3962667411	True	
1.71087166821	8.04145198667	5.51004523805	-2.43458884859	-0.7401497467	0.0583859396618	1.50952987432	1475.67167343	30.0923040736	True	
1.03031709876	8.2894328011	5.49791515057	-2.34282320332	-0.784963472535	0.425069361181	1.19660606007	1534.91362555	29.7913810329	True	
1.60570179407	8.52478432068	5.45336193453	-2.35992836746	-0.772400664127	0.132600908089	1.74833547059	1467.57039412	29.4934672226	False	
1.62822349122	6.24861438034	5.22568629431	-2.36879574568	-0.721844394853	-0.031452826941	1.76551117453	1537.69380272	29.4934672226	True	
0.812499183646	8.81746879504	5.35599917188	-2.39503195399	-0.792435454218	0.336181072873	1.88144204192	1461.38112145	29.1985325504	True	
1.20943936406	8.4368053376	5.56762743004	-2.372808815	-0.775254111389	0.246216879739	1.51710086092	1433.60996188	28.9065472249	True	
1.39565920858	7.88613509794	5.65264684127	-2.39973437204	-0.783542439702	0.266303068523	1.47271511641	1423.12388389	28.6174817526	True	
1.87148816295	7.04227919892	5.79756427812	-2.3706776011	-0.824697096979	0.613134063791	2.21362336949	1670.34390983	28.3313069351	True	
1.97034879095	6.23038365914	5.46597386563	-2.45111554437	-0.759059794731	0.07760081164	2.80292297111	1527.59114798	28.0479938657	True	
1.92933922535	6.60675331819	5.29369005414	-2.37975841719	-0.741281430284	-0.0717814760215	3.22324975539	1484.15716332	27.7675139271	True	
1.32817984766	7.23736361958	5.51411030247	-2.36172519613	-0.789948779473	0.316694320768	3.33995287014	1447.55491221	27.4898387878	True	
1.58494000477	6.79971062868	5.43905179907	-2.36738447934	-0.76782835739	0.163077041022	2.59990293567	1430.42190521	27.2149403999	True	
2.37069362576	5.3223373059	5.49040799267	-2.40692463527	-0.779810710377	0.107478774596	2.9223013846	1485.75204367	26.9427909959	True	
2.3551549481	5.16352229425	5.53007919231	-2.35637839106	-0.789502419083	0.286722676034	3.30509060132	1531.71310429	26.673363086	True	
1.72527720567	6.50615007994	5.13626102819	-2.35746820612	-0.773645675676	0.12761373124	2.78207425413	1540.67809101	26.4066294551	True	
1.45556047128	7.42195220983	5.36507350192	-2.4094389568	-0.752256926954	0.033247155591	2.6347802638	1443.8478234	26.1425631606	True	
1.37095551548	9.25749134254	5.34407404958	-2.41217573971	-0.761970518984	0.125680320257	2.6991639552	1394.33719348	25.8811375289	True	
1.255249053	12.5772584293	5.40609054316	-2.4244671151	-0.774019141107	0.133826431676	3.05178209076	1394.54148963	25.6223261537	True	
0.560958914861	12.8773244957	5.37005432452	-2.38309633523	-0.797903288324	0.367636851732	3.26301357012	1382.59944819	25.3661028921	True	
1.14060956294	11.7340100825	5.58805597891	-2.38237455298	-0.786460156895	0.326607652128	3.29592774685	1372.20671489	25.1124418632	True	
0.672151807568	11.9673020188	5.53869447314	-2.35077519199	-0.792762616403	0.361927440492	3.29633129624	1425.43815069	24.8613174446	False	
1.42164947746	11.972326022	5.41047424001	-2.39247276088	-0.771170948819	0.1286467159	3.11836906394	1398.81321385	24.8613174446	True	
0.460849833647	11.9850368883	5.30527474284	-2.4010882693	-0.804851411058	0.380099714736	3.26323815174	1414.39039804	24.6127042701	True	
1.27888449697	12.3784219063	5.30239584947	-2.39368854979	-0.782314258662	0.241668766478	3.62179895608	1434.31482444	24.3665772274	True	
0.97418730993	11.1461003378	5.26257804228	-2.41408803482	-0.788202171723	0.196390702018	3.68463176235	1396.34137597	24.1229114551	True	
1.12728956196	12.2094500113	5.6262192989	-2.41194322356	-0.789479230471	0.285648264054	3.28009258213	1371.68947268	23.8816823406	True	
0.852574072664	12.7654772146	5.28886970676	-2.42095305843	-0.778221262669	0.236789198968	2.76800815907	1371.78902847	23.6428655172	True	
0.611598279811	13.3978286127	5.52597629384	-2.3497885111	-0.78645207267	0.486892470798	3.47911737909	1456.56697544	23.406436862	True	
0.812293758959	13.7996598875	5.50702569202	-2.43545867953	-0.778882584805	0.363594730815	3.51802278983	1392.5963524	23.1723724934	True	
0.568093220338	14.7576609419	5.4431852912	-2.37436176017	-0.768647187691	0.258138530797	3.70073824906	1434.32834656	22.9406487685	True	
0.598607260441	13.6441597786	5.69016525337	-2.37005707278	-0.78291895916	0.503778342428	3.58346276124	1436.15620764	22.7112422808	True	
0.162079021917	12.4806785923	5.53248775567	-2.38123111908	-0.788678551669	0.618627205223	3.66557856161	1424.6477744	22.484129858	True	
0.694782194154	13.5956534268	5.30135821089	-2.40808645272	-0.763146798739	0.268167754787	3.98188652896	1387.94214071	22.2592885594	True	
0.442197353187	13.9130161133	5.56049248992	-2.40817219617	-0.798552638101	0.563723021172	3.90159254923	1383.7114401	22.0366956738	True	
0.391053051324	13.7439210439	5.6715502952	-2.39688342742	-0.802074410877	0.480353687472	3.62213024388	1438.76571456	21.8163287171	True	
1.09829419026	14.1958878823	5.49523829931	-2.39541422714	-0.78173057088	0.252871536421	3.387186445	1378.44575914	21.5981654299	True	
0.534832273934	14.058885772	5.45512341236	-2.41826685682	-0.777241993454	0.447153867921	3.53541326603	1397.42016841	21.3821837756	True	
0.953016773283	13.9922898991	5.38022040703	-2.38185378244	-0.787892004365	0.211862033753	3.09785089465	1410.301768	21.1683619378	True	
0.622272973825	12.4052984789	5.27045912872	-2.40384412198	-0.789371822153	0.39138477885	2.69626385315	1372.64804891	20.9566783185	True	
0.873003797625	13.4104650123	5.41674544482	-2.37923400534	-0.7850367914	0.300075019062	2.35317005014	1374.96793617	20.7471115353	True	
1.11326088481	12.2803790733	5.49427764415	-2.4245941729	-0.788555252887	0.201812757275	1.94405265953	1404.56024863	20.5396404199	True	
0.92645250594	12.3147319553	5.46304227994	-2.36766066918	-0.796955259869	0.360836727972	1.81692460752	1399.26520278	20.3342440157	True	
1.1400984292	11.1994070024	5.51395241438	-2.37661297436	-0.759757505769	0.15526027488	1.25299882447	1387.55683541	20.1309015756	True	
1.22950301273	11.8307301711	5.5377925804	-2.37265689597	-0.781913470081	0.283013761738	1.62562464597	1393.96453136	19.9295925598	True	
1.43783978883	10.4777990123	5.45761571662	-2.37815776168	-0.742931297865	0.0595863435996	1.58295661947	1417.15800081	19.7302966342	True	
0.858022383357	10.5993606688	5.29517366207	-2.41203761351	-0.75683142049	0.166918213719	1.26057319111	1395.56273518	19.5329936679	True	
0.750711850117	10.2355690376	5.23974467969	-2.39704516684	-0.782899968814	0.320309576461	1.21733081812	1411.48801521	19.3376637312	True	
0.622058771414	11.3140199198	5.56590757333	-2.42913417572	-0.789468638345	0.497536705391	0.976313929872	1410.24402501	19.1442870939	True	
1.14967612024	12.0892799513	5.54797228278	-2.37546601039	-0.763317255604	0.239754056814	1.13178095105	1388.02207248	18.9528442229	False	
0.785518392694	12.3096449922	5.41107657971	-2.38120608936	-0.77458645947	0.367511593908	0.82250334368	1364.33436926	18.9528442229	True	
1.32984011911	10.912244891	5.35147902026	-2.37038751277	-0.76072366511	0.107285898133	1.39080086399	1405.31022165	18.7633157807	True	
1.06807012358	10.6015907277	5.2890025092	-2.39887699562	-0.749817399145	0.0829953945631	1.59913363354	1388.33330133	18.5756826229	True	
1.48434022163	10.4214659787	5.58630371637	-2.44225373464	-0.766643406162	0.168203716999	1.99403248881	1419.68573546	18.3899257967	False	
0.961224501182	10.2345363984	5.6312487613	-2.37656954794	-0.783257256028	0.29178005577	2.14558461005	1436.99726383	18.3899257967	True	
1.49273949551	10.9681925621	5.59064131822	-2.39615759588	-0.767133060322	0.143132010389	2.32579736545	1389.33333778	18.2060265387	True	
1.44457505718	11.6896547841	5.73201635776	-2.40445890213	-0.786235349145	0.302886067708	2.4361503709	1409.34695502	18.0239662733	True	
0.864278921853	11.191699562	5.40730051601	-2.42138636486	-0.787906710279	0.306205752565	2.54639501832	1361.0810509	17.8437266106	True	
0.902823938539	11.1341506061	5.52633981028	-2.38209998459	-0.78375916346	0.370819124899	2.18982156751	1373.31009739	17.6652893445	True	
0.782329674422	11.4027834179	5.46207749266	-2.39331315273	-0.791383190305	0.289720960728	1.78415390129	1382.5148848	17.488636451	True	
1.22420059597	11.0558268245	5.42903630943	-2.40680939568	-0.766058471655	0.140539058478	1.91824250322	1358.12523196	17.3137500865	True	
1.2029855287	11.6169223371	5.58786941171	-2.44123513342	-0.774484044777	0.348235046423	1.68690642707	1418.40395589	17.1406125857	True	
0.21679538997	13.0184449147	5.34519093965	-2.38543795823	-0.781645402521	0.51312453165	2.32114742513	1400.92922856	16.9692064598	True	
0.293913631393	12.1051966323	5.17820836175	-2.41315546944	-0.779052981828	0.351479058315	2.31158172728	1407.44952759	16.7995143952	True	
0.460360225978	12.7409645189	5.2890606105	-2.39729759706	-0.770203288283	0.433883894007	2.26098745565	1423.94427637	16.6315192513	True	
0.873311552786	12.3731299289	5.34907906454	-2.39956886614	-0.760819619394	0.157943610474	2.31401738561	1376.85585587	16.4652040587	True	
0.837114103048	12.8321056835	5.30753076273	-2.44178437634	-0.764031083841	0.217054136532	2.26275848442	1409.24609244	16.3005520182	True	
0.944039996242	12.1759612095	5.44417401058	-2.40243952831	-0.7840719437	0.273212194069	2.34961121071	1344.81227983	16.137546498	True	
1.21233703862	12.9721956997	5.50409845441	-2.40907210924	-0.761971566067	0.226321610305	2.43213787177	1397.18621411	15.976171033	True	
1.02873487646	13.3555643074	5.37403908827	-2.37890378876	-0.786439461452	0.186515338468	2.40673187489	1417.61695121	15.8164093227	True	
1.42266689249	13.6839509705	5.51923181639	-2.38262813139	-0.772373613545	0.167864299038	2.54777853243	1430.32299918	15.6582452294	True	
0.932606516343	13.5371348095	5.50597834729	-2.38690850635	-0.764243770607	0.210034632654	2.42914673408	1390.71674881	15.5016627771	True	
1.06094010439	12.849511137	5.34641076243	-2.40589979421	-0.776526356217	0.196315074934	2.38007884575	1368.47538398	15.3466461494	True	
0.993425732276	12.7109897824	5.52490224196	-2.42633122586	-0.769221078569	0.167393713877	2.3305418379	1417.59437761	15.1931796879	True	
1.08020132677	13.3665093869	5.40689555416	-2.40828738471	-0.791099728516	0.28009484782	2.42708885463	1384.98626068	15.041247891	True	
1.09014168667	13.5601649785	5.4316959181	-2.42148984991	-0.783713966775	0.248748175641	2.40580957172	1377.93519069	14.8908354121	True	
0.974409065757	14.9165439329	5.14933323389	-2.41215632812	-0.763334218768	0.147185366788	2.2836834463	1421.18044163	14.741927058	True	
1.0465499394	14.3876785872	5.33203001323	-2.42473914114	-0.774103292036	0.140058875577	2.19399851905	1412.31826678	14.5945077874	True	
0.37725980326	13.7792453757	5.03845810482	-2.39511733727	-0.765152224813	0.260849769702	2.53878974038	1451.8113584	14.4485627095	True	
0.750109895818	14.3291919938	5.46765775396	-2.40134354656	-0.788452175742	0.375923694101	2.43283531296	1363.9845584	14.3040770824	True	
0.895991926943	14.8648324388	5.65285306025	-2.40675959744	-0.813474287562	0.562626477601	2.3888866269	1468.91599736	14.1610363116	True	
0.539798671696	14.9363927452	5.66180572514	-2.41003112472	-0.799289744498	0.53255356881	2.35603604028	1399.38544372	14.0194259485	False	
0.378517864798	13.9429435885	5.59841408566	-2.36772276555	-0.799809816936	0.536227799102	2.05632211137	1413.57102905	14.0194259485	True	
0.657366075698	14.5947542183	5.47370230205	-2.41674977002	-0.779406938451	0.377269950003	1.87902863505	1374.67021811	13.879231689	True	
0.827494904931	14.3225556906	5.43216075757	-2.42175126345	-0.783462501995	0.262186208322	1.65843791891	1386.94211486	13.7404393721	True	
0.990759007044	14.6385973974	5.48950024296	-2.3920647473	-0.767421253837	0.130123861801	1.92722641101	1432.03718188	13.6030349784	True	
0.910559686802	13.3970855798	5.3458262097	-2.40225992739	-0.762000127197	0.2186330036	2.22824603658	1376.97299051	13.4670046286	True	
1.10804433037	12.9394987247	5.40035524676	-2.42230903977	-0.770731724135	0.209918634258	1.81227814621	1371.27615916	13.3323345823	True	
0.925658311439	12.305106098	5.31286704122	-2.42584269075	-0.764720955797	0.201283413613	1.69702680462	1372.84837463	13.1990112365	True	
0.840763420125	11.998006281	5.34550975138	-2.43783509952	-0.77277291964	0.320443580404	1.71575106053	1388.96372856	13.0670211241	True	
1.03397174841	11.82524474	5.46802320607	-2.40177422426	-0.785310539224	0.286205024445	1.96741920271	1344.35467888	12.9363509129	True	
0.891675451075	10.4257113559	5.19052292333	-2.3922333844	-0.763429514342	0.177686427222	2.39883098953	1393.62182558	12.8069874038	True	
0.796777900284	9.67253381642	5.19422299164	-2.41124839273	-0.788075862871	0.332857343142	2.14046583844	1451.95947547	12.6789175297	True	
1.25059912604	9.62827078412	5.27813012137	-2.40313008594	-0.76415488836	0.113737517011	1.90162705069	1390.44498191	12.5521283544	True	
1.18211451296	9.40193545634	5.4061067298	-2.39038617948	-0.765789016489	0.120625802254	2.47659943388	1406.97246595	12.4266070709	True	
1.17938592109	10.0825595789	5.35154809691	-2.41237677396	-0.762756800792	0.124970477204	2.64615084005	1377.58652991	12.3023410002	True	
1.39840075788	10.3437173944	5.66069843084	-2.40938668779	-0.764649077682	0.160599868024	2.8564013306	1410.49674642	12.1793175902	True	
0.966955575519	11.335919429	5.53461155308	-2.41347297207	-0.790506266012	0.358446511245	2.93559346188	1353.97396067	12.0575244143	True	
1.15815505336	11.2381238341	5.47473701321	-2.40649368847	-0.785362854873	0.221484220703	2.96836414548	1358.07109321	11.9369491701	True	
1.15803211504	10.9233998181	5.38042014505	-2.39899294371	-0.758932029272	0.160570604419	3.14303388092	1363.67213299	11.8175796784	True	
0.728420374998	10.6760333302	5.36757218532	-2.39571384766	-0.782427661225	0.322943572418	3.09637106756	1378.65184183	11.6994038816	True	
1.15995085332	11.2915242107	5.17145136702	-2.39415195851	-0.762612626976	0.130239163886	3.13699537027	1404.47743254	11.5824098428	True	
0.926779536281	11.022522846	5.46147978282	-2.41334657497	-0.786044263509	0.298469002754	3.31416137054	1356.19777731	11.4665857444	True	
1.1432600408	10.9642273631	5.40374942194	-2.41784270242	-0.787135176862	0.282835811815	3.68177544002	1362.86455849	11.3519198869	True	
1.15093576876	10.776138076	5.40053739416	-2.44243258724	-0.774491748434	0.316919824808	3.87372492927	1423.46059008	11.2384006881	True	
1.27387215041	12.207917092	5.39150357531	-2.40738023799	-0.76164922073	0.12118366252	3.73776728427	1375.31675667	11.1260166812	False	
0.751430139088	11.9178549127	5.32531670015	-2.39170564631	-0.778251106318	0.275178915182	3.96709298229	1350.80259437	11.1260166812	True	
0.60060259315	12.7663275549	5.33547085013	-2.4407392095	-0.780667129286	0.342140480526	3.8444494295	1396.99927922	11.0147565144	True	
1.05618049422	11.9961356946	5.54594934681	-2.4284046945	-0.783943155587	0.288579181488	3.86889713786	1363.73941135	10.9046089492	True	
0.881200413651	12.4786502658	5.57700415988	-2.39991245926	-0.803767987391	0.422918688044	3.64800281884	1371.98175569	10.7955628597	True	
1.04379698824	11.1807090524	5.44701893567	-2.38807232349	-0.773643216136	0.238282150664	3.58861398606	1351.96730005	10.6876072312	True	
0.825686055223	11.332636379	5.37025593992	-2.39136666272	-0.78103384972	0.364681195058	3.46658035921	1368.80858708	10.5807311588	True	
1.35154557909	11.7312355964	5.37013249796	-2.39492568777	-0.776358294457	0.179398370962	3.50246033212	1390.94885177	10.4749238473	True	
1.35400862002	11.009083797	5.443146669	-2.38523890642	-0.76675638392	0.166350705591	3.33457182766	1378.23590786	10.3701746088	True	
0.734674711576	11.0448558505	5.40151084533	-2.39194353376	-0.774560552694	0.306050001002	3.41338799003	1370.90274742	10.2664728627	True	
0.997547550133	11.4072474026	5.42017361633	-2.3859256424	-0.783377007247	0.2088611006	3.32226402076	1368.2983196	10.1638081341	True	
0.827283603711	12.0789318977	5.44678477651	-2.38753567679	-0.773396329145	0.275178135225	3.35492399011	1353.1430125	10.0621700527	True	
0.783365769044	12.2101090779	5.45050823648	-2.38163703223	-0.780653568559	0.295418429926	3.37559803891	1355.11958685	9.9615483522	True	
1.01388496283	12.2752186668	5.58994243975	-2.40397662326	-0.783157990019	0.379396042019	3.39191790036	1364.70569113	9.86193286867	True	
0.908740258553	12.6947086041	5.28520113552	-2.38893733307	-0.779160186278	0.188672802711	3.49614996658	1384.76892708	9.76331353999	True	
1.03901120704	12.2187653869	5.53444707227	-2.39668248097	-0.778921460353	0.194616775153	3.39990302835	1380.49970593	9.66568040459	True	
0.808079681721	11.7065995555	5.37208818104	-2.415245322	-0.782511336026	0.334205554737	3.5914856536	1348.62521879	9.56902360054	True	
1.12635224242	11.1451717211	5.37587016437	-2.38744405369	-0.755914507397	0.111982477884	3.93719798569	1373.75388678	9.47333336454	False	
1.06182235187	11.6908433876	5.41671183366	-2.39272034135	-0.764044382053	0.205942883095	3.77420632811	1358.28688771	9.47333336454	True	
1.00064836149	11.6012688967	5.34367412213	-2.38812557706	-0.75617587495	0.163471479327	3.75848011312	1372.26182073	9.37860003089	True	
0.675833046531	11.9799858163	5.46432936283	-2.40594233645	-0.766987543128	0.350311570748	3.63725301145	1386.13024657	9.28481403058	True	
0.843489127551	12.021575669	5.53075221865	-2.39469265386	-0.790440786258	0.331764861575	3.56121276651	1351.76555319	9.19196589028	True	
0.530774427456	11.8443317121	5.53632169057	-2.38952633733	-0.786306294036	0.458303931648	3.97237965505	1378.51006406	9.10004623137	True	
0.816213422891	12.1664077415	5.56210049018	-2.41823989541	-0.784716278422	0.474845313953	3.95297458421	1386.98861358	9.00904576906	True	
0.884803366355	11.2370398685	5.4657356409	-2.40739720587	-0.789062974359	0.322873641529	3.84061562389	1351.1680677	8.91895531137	True	
0.955697901338	11.2973627368	5.59170132544	-2.42323870874	-0.790116477867	0.358800680417	3.6808002603	1371.69610823	8.82976575825	True	
0.950593462224	11.0925796808	5.54449501547	-2.39555685632	-0.78745211824	0.318303034199	3.55647193968	1360.08787961	8.74146810067	True	
1.16058551107	11.2826619821	5.43463865607	-2.4218796155	-0.773707209842	0.215883760275	3.45782092535	1354.14561112	8.65405341967	True	
0.974168934708	11.5185967582	5.46863498204	-2.40097517415	-0.780743363173	0.260033366755	3.43573060292	1343.855932	8.56751288547	True	
0.709291199472	11.6462225642	5.55293984347	-2.37996308122	-0.789459169383	0.385615190683	3.33819940796	1373.40971411	8.48183775661	True	
0.947152921051	11.7906800348	5.36880302589	-2.41310905669	-0.784132736402	0.266446869514	3.43932276891	1348.29383715	8.39701937905	True	
0.561023943375	11.3735342144	5.2319375373	-2.38556697089	-0.779493276086	0.30108009221	3.8383007054	1381.49307232	8.31304918526	True	
0.845468408604	11.2488889958	5.30445934998	-2.38894721645	-0.784105699545	0.304342882007	3.97909003398	1362.1233173	8.2299186934	True	
0.760098625104	11.570407454	5.27907150531	-2.41938786437	-0.778118981315	0.289437048781	3.84554345746	1361.68957836	8.14761950647	True	
0.985092596316	12.1267504341	5.41981624506	-2.38714208513	-0.78753214691	0.220613525931	3.69000934617	1375.86516558	8.06614331141	False	
0.787107145001	11.6226150835	5.51879451354	-2.38763569256	-0.782890798478	0.362636848481	3.57047751347	1356.87571285	8.06614331141	True	
0.843127228394	12.3253715969	5.49362919372	-2.41223337197	-0.781243430351	0.33528417194	3.57722366688	1345.83579439	7.98548187829	True	
0.989586055365	12.1188864709	5.41593263277	-2.408676985	-0.785844969718	0.218170117189	3.72109608182	1367.45939228	7.90562705951	True	
1.33401326333	11.8888074985	5.45318284528	-2.40081962043	-0.769221913013	0.172129270232	3.57714441101	1371.68967056	7.82657078891	True	
0.968395471527	12.0033339432	5.5642411338	-2.39485348274	-0.778380193004	0.291575137271	3.50767555325	1353.09934792	7.74830508102	True	
0.898089023207	11.954682316	5.54723100169	-2.38455239677	-0.787165892189	0.408747455073	3.34423656417	1367.64691887	7.67082203021	True	
0.924363148208	12.2880306498	5.38074542224	-2.38977340075	-0.777772865195	0.24449015382	3.52491895745	1351.68734531	7.59411380991	True	
0.755769941817	12.0153853948	5.52503130347	-2.40473791662	-0.792891355966	0.374802975837	3.16327893448	1351.10771213	7.51817267181	True	
0.725508172244	12.4842956597	5.46068767766	-2.39039279083	-0.780234875741	0.353711409588	3.02864247879	1350.16204565	7.4429909451	True	
0.656449509683	12.3422185506	5.46750873238	-2.40934046373	-0.77995744465	0.394273945388	3.13761573779	1355.20862887	7.36856103564	True	
0.777538136374	11.5831810887	5.3792964429	-2.40006052364	-0.764907654968	0.267015815167	3.04861247322	1365.9225108	7.29487542529	True	
0.918034820007	11.8040564353	5.5092048237	-2.40869010272	-0.77952119364	0.329008347257	2.66409472569	1345.90938045	7.22192667103	True	
0.839785682372	11.7396498658	5.43837355493	-2.40492130612	-0.76736264287	0.247418277883	2.55668506209	1359.69896728	7.14970740432	True	
0.747298301217	12.6848120795	5.47008188594	-2.4127081639	-0.792086625663	0.376197044704	3.03313588542	1350.08057203	7.07821033028	True	
0.826915599857	12.0196974118	5.52273006182	-2.40733924663	-0.793723782239	0.423977025598	3.30308566589	1351.44043633	7.00742822698	False	
0.838413646016	12.3122974575	5.53114121987	-2.41534021204	-0.790439545728	0.462275911512	3.46913651961	1371.22284066	7.00742822698	True	
0.863725414975	12.1047315626	5.3813282411	-2.41991268485	-0.782116046147	0.277725781671	3.5131104266	1351.28884782	6.93735394471	True	
1.20752857216	11.4687740681	5.48540693981	-2.41906035843	-0.774659491379	0.228323336893	3.57058442327	1354.81846356	6.86798040526	True	
0.95236482697	12.0409873577	5.34402996321	-2.41174297351	-0.773050118327	0.225613088472	3.74827953308	1350.25989239	6.79930060121	True	
0.918311240517	11.7760835251	5.30045028589	-2.40012102368	-0.753419441612	0.148905707268	3.65941626517	1376.74516653	6.7313075952	True	
0.9500017277	12.015235284	5.50545580825	-2.41085808602	-0.772707218504	0.199606906932	3.51893184526	1377.66844614	6.66399451924	True	
0.772140651119	12.7504830426	5.47280176529	-2.413981031	-0.78739017787	0.316793643259	3.49315034917	1357.37843595	6.59735457405	True	
0.924649289005	13.3205949059	5.3913820276	-2.42290954419	-0.766939864285	0.234435293847	3.54792863643	1375.59685182	6.53138102831	True	
0.678947458956	13.262005108	5.41075093772	-2.39222945205	-0.784652162387	0.308738466321	3.71135961019	1362.35818845	6.46606721803	True	
0.871371926657	12.385821382	5.42097123183	-2.38861632694	-0.785983054969	0.357524321775	3.97061424981	1359.31667678	6.40140654585	True	
0.84826671047	12.2755431855	5.64523693244	-2.41941783965	-0.797184765257	0.447210933744	3.93577110639	1371.26004451	6.33739248039	True	
0.72539123963	12.311177685	5.50927319448	-2.39968040492	-0.785151580307	0.353484486344	3.81567397791	1348.15497865	6.27401855559	True	
0.874933713619	12.0892657656	5.55217661369	-2.41105997055	-0.780419751162	0.380379021923	3.72057505656	1357.62291876	6.21127837003	True	
0.811770052303	11.7071368389	5.4865424519	-2.37154851933	-0.785279400475	0.348636981456	3.91358089471	1367.36753607	6.14916558633	True	
1.04430297542	11.6331730995	5.59587567222	-2.41798859128	-0.79111976771	0.339185380029	3.84836682061	1360.42628049	6.08767393047	True	
0.893559725833	12.7124092404	5.43857972846	-2.41551267543	-0.790947944118	0.340126157464	3.98357220988	1355.65468084	6.02679719116	True	
0.875618636698	12.3508734454	5.39319846631	-2.39771732712	-0.777748723966	0.239627179856	3.92700763355	1350.40996848	5.96652921925	True	
0.608882801546	11.9795145964	5.53399749317	-2.40146003297	-0.793897272394	0.430300878558	3.88976519559	1360.33479393	5.90686392706	True	
0.976698283518	12.1931315385	5.55515683689	-2.40860110773	-0.77974450411	0.315004943749	3.91179304813	1349.83353302	5.84779528779	True	
0.5280070103	12.4498924023	5.46988748337	-2.40746549479	-0.79670945046	0.428872228377	3.75906688927	1360.83800096	5.78931733491	True	
0.773654644247	12.4014802832	5.53441419086	-2.41180509137	-0.788739834954	0.431849298648	3.6952116724	1354.14408663	5.73142416156	True	
0.621321448026	12.8836401706	5.44866909587	-2.39656746196	-0.784534212441	0.403471804831	3.59789081203	1352.42859042	5.67410991994	False	
0.703962297697	12.1697144326	5.49494336859	-2.40210677261	-0.796799167663	0.419650711196	3.64278567361	1350.42684578	5.67410991994	True	
0.85299425322	12.0945536874	5.38730581097	-2.39350221551	-0.77919805381	0.272237186178	3.62253901808	1344.68940961	5.61736882075	True	
0.985413610559	12.3488484971	5.47393813545	-2.39818180481	-0.769521061753	0.216171053063	3.72567917184	1356.68769579	5.56119513254	True	
0.757403202313	12.5003894168	5.3771012107	-2.39130082838	-0.783145943914	0.296661074879	3.9865361379	1350.57560799	5.50558318121	True	
0.893510106397	12.5882192077	5.43195126886	-2.41502414983	-0.78037700856	0.268265026545	3.95373812994	1351.45726228	5.4505273494	True	
0.871846817222	12.1117156201	5.43254568749	-2.39888557049	-0.773000178796	0.266925358077	3.96901402468	1346.36637644	5.39602207591	True	
1.02854813095	12.3356368577	5.60162270042	-2.40618026772	-0.783896976327	0.282054322829	3.82797812415	1361.67229274	5.34206185515	True	
0.981357932601	12.0871912317	5.53389557225	-2.40358102264	-0.785653996907	0.33480602716	3.53709497964	1345.1247569	5.2886412366	True	
0.919747824203	11.6525083186	5.49062178067	-2.4251024758	-0.783300868826	0.332009710932	3.24352666817	1354.51334298	5.23575482423	True	
0.856314910805	11.172515495	5.40112936297	-2.41464773121	-0.787298003985	0.330633602134	3.15131937023	1353.64157861	5.18339727599	True	
0.78813365254	11.1662578585	5.30445093337	-2.40660860059	-0.783819390065	0.3159506205	3.34884878853	1358.37571045	5.13156330323	True	
0.911621503854	11.18282924	5.41610857529	-2.40017395354	-0.780583954305	0.348915705865	3.2103444782	1360.0755673	5.0802476702	True	
1.11912844127	11.9601776831	5.52722658427	-2.39770383595	-0.764584045357	0.21612143507	3.20259752656	1366.32389569	5.02944519349	True	
0.632405491803	12.019195268	5.43769972661	-2.40735753594	-0.788965512815	0.369851148646	3.39713263985	1350.98326555	4.97915074156	True	
0.701418711133	12.1693430049	5.3621468536	-2.40259314903	-0.785109153035	0.302526385938	3.12481285524	1350.90276367	4.92935923414	True	
0.715179622989	12.2439715649	5.46603003909	-2.38430387944	-0.787354877248	0.388984529481	2.93387235201	1352.00916895	4.8800656418	True	
0.984832442755	12.2285031253	5.49205160487	-2.40870363584	-0.773661746412	0.247299935142	2.91792421586	1350.39387245	4.83126498538	True	
0.899176083817	12.297456728	5.29196529823	-2.4058526511	-0.779957839505	0.272665453588	3.10958017142	1360.86560786	4.78295233553	True	
0.816361055841	12.7776844431	5.41985915806	-2.40924451379	-0.776313797173	0.307674733216	3.03529756068	1351.0523338	4.73512281217	True	
1.09236771191	12.1458944998	5.48358516021	-2.40209481174	-0.773015098883	0.260039941889	3.05068942299	1353.76294758	4.68777158405	True	
0.809216159785	11.7736307275	5.44551748195	-2.3785132562	-0.789420209683	0.299191668488	3.28656150267	1365.15167416	4.64089386821	True	
0.789471020511	11.7988556741	5.46850186402	-2.40678882196	-0.789918220634	0.380752788158	3.45892401844	1344.34102379	4.59448492953	True	
0.899859367089	11.4533412753	5.38906575765	-2.3958683464	-0.780430444093	0.300860991271	3.45230693585	1345.1106587	4.54854008023	True	
1.33895645304	10.7199221277	5.45488631053	-2.39186334051	-0.768853638945	0.176867371549	3.41858642037	1368.31872831	4.50305467943	True	
1.30075479141	10.3600251758	5.47605417172	-2.40518140674	-0.769919907727	0.151883511985	3.52432215519	1367.04707521	4.45802413264	True	
1.11803423197	10.9282483586	5.45489132575	-2.39516354074	-0.790196308911	0.258869470701	3.47614581538	1363.0961801	4.41344389131	True	
0.809449290578	11.5914165896	5.42914335159	-2.41243533432	-0.780326311713	0.284576138449	3.69663770064	1351.45081331	4.3693094524	True	
0.718654501921	11.3728020306	5.39271513093	-2.37902351702	-0.783425285582	0.338069570609	3.62802335064	1364.21638848	4.32561635787	True	
0.898338092288	12.0907338062	5.59576409929	-2.39433702722	-0.785609005008	0.348009369617	3.58903064803	1354.03139758	4.2823601943	True	
0.858193919354	12.7666658897	5.51295936148	-2.40537008728	-0.78594180204	0.355009401516	3.56539688628	1347.70673649	4.23953659235	True	
0.833064268727	12.3462341459	5.42691182368	-2.40397133197	-0.783420690202	0.332981569246	3.54834476231	1342.51614371	4.19714122643	True	
0.786544983714	11.8914184145	5.35099293786	-2.40660532583	-0.774182143996	0.30810034775	3.49392697212	1351.5802828	4.15516981417	False	
0.81991909657	11.4119560005	5.40999150779	-2.39498530564	-0.786363097182	0.338890490708	3.6302748204	1347.34449163	4.15516981417	True	
0.781572766691	12.0041728023	5.41720332884	-2.39653148663	-0.78241817152	0.351205943508	3.50525492969	1344.40747234	4.11361811602	True	
0.925946244528	11.7993366397	5.44896378796	-2.38868078708	-0.782912468558	0.313939262358	3.2970234397	1346.35454519	4.07248193486	False	
0.866892582904	11.2978055376	5.45865016343	-2.40394307506	-0.777629984094	0.333743803436	3.31798000358	1353.84267924	4.07248193486	True	
0.814599452803	11.447987616	5.39575808526	-2.40624153727	-0.777913280692	0.293240727578	3.12817342393	1346.31141487	4.03175711551	True	
0.922755639111	11.2757087223	5.35789839875	-2.40025519874	-0.776188593709	0.250834702682	2.9992911984	1345.59914844	3.99143954436	True	
0.845239522614	11.913559414	5.54905605841	-2.40910251699	-0.790497629562	0.427760307318	2.98444363754	1354.9535409	3.95152514892	True	
0.706744998639	12.0272336462	5.44930044952	-2.40076469148	-0.787688700758	0.363031209785	3.14726270175	1343.5032109	3.91200989743	True	
0.754199400849	12.1565627417	5.35472832189	-2.41031859949	-0.792577731327	0.360713372325	3.04660593216	1354.80151814	3.87288979845	True	
0.849380543226	12.4679446962	5.45576466705	-2.40569247119	-0.776464107926	0.31365144854	2.91378433255	1347.45012282	3.83416090047	True	
0.739012751751	12.2864607176	5.38905162386	-2.41613463732	-0.779703031508	0.323928327229	2.86371963394	1349.36480358	3.79581929146	True	
0.750452499977	12.1070497573	5.37321768429	-2.40806133171	-0.787109775994	0.377375688814	2.72818173199	1350.62756955	3.75786109855	True	
0.736759179734	12.5625202997	5.32337106057	-2.39731574368	-0.777610202129	0.305007508745	2.60829458209	1354.33593989	3.72028248756	True	
0.761128289941	12.0325986216	5.47956928275	-2.39623210192	-0.787836231569	0.408784701557	2.61920787272	1349.01589508	3.68307966269	True	
0.978712904953	11.5472753969	5.51275565769	-2.39021983037	-0.788728913746	0.337543469799	2.66852178612	1350.76383487	3.64624886606	True	
0.770327991117	12.1379802803	5.41835473982	-2.3971111644	-0.786164534587	0.33049886869	2.49201986539	1342.28292974	3.6097863774	True	
0.747086372854	12.0997810442	5.49210620492	-2.39665445627	-0.794543243201	0.424870529186	2.5824177912	1350.35717002	3.57368851363	True	
0.875683530865	11.8373104121	5.5637615138	-2.40353523083	-0.782636549559	0.351382110422	2.45991047927	1350.37361235	3.53795162849	True	
0.971000079312	11.7119524029	5.51740566709	-2.40700764323	-0.778274029256	0.302708595186	2.7023154765	1345.52376808	3.5025721122	True	
0.924892003731	11.3841238337	5.3916572756	-2.40244295944	-0.777359644839	0.26599966	2.69995253033	1342.53692057	3.46754639108	True	
0.888163502013	11.2262743209	5.3767429875	-2.39912434579	-0.77873916493	0.310051947294	2.61078698848	1351.06405681	3.43287092717	True	
0.864295146535	11.9787195331	5.4861030767	-2.39581231851	-0.781524144054	0.336357613231	2.5423484907	1343.29736526	3.3985422179	True	
0.862613868422	11.6279568046	5.47998430884	-2.40783457399	-0.785053020695	0.333485544031	2.51235758732	1342.9193959	3.36455679572	True	
0.826427501895	11.6684044305	5.51535334149	-2.40836147349	-0.77727895625	0.289676031631	2.47654538907	1361.20962162	3.33091122776	True	
