Parameter 1	Parameter 2	Parameter 3	Parameter 4	Parameter 5	Parameter 6	Parameter 7	Potential	Temperature	Equilibruim
-0.0435622619019	6.83433828106	3.80917408302	-2.30996969009	1.97277554967	-0.475028406236	2.44748981378	5047.47716104	18181.8181818	False	
0.648880673666	1.14669599912	5.67184841396	-1.46468913415	-0.0522866904401	2.69349165336	-0.20983188387	25201.6498941	18181.8181818	False	
1.96553269402	1.10692207728	3.0733059739	-1.55373716334	-0.656420322921	0.631642638851	3.23548135321	11681.0861214	18181.8181818	True	
4.00153131804	6.56198505875	6.43324736535	-2.79378957094	-0.719607245318	2.73331536855	1.38039050413	10989.7797828	17272.7272727	True	
2.26174557451	8.99940488165	4.75840945277	-2.04757703289	-0.576502753119	-1.15503396379	1.15943991067	37664.4808893	16409.0909091	True	
-0.403400599529	4.84061757227	4.2980291366	-2.28575713632	-0.393520425269	1.83037105254	2.38495450883	39241.7948375	15588.6363636	True	
-4.3009911843	9.69229712647	3.08315314098	-2.01190780395	-0.899360015134	2.35796528616	0.66030638521	8811.92912401	14809.2045455	True	
-2.56258417366	6.33722941841	4.09089538137	-2.5853212033	-0.205276470695	1.5493045352	0.61453378231	48331.5647871	14068.7443182	True	
-2.83588695715	7.59860805647	3.65460757051	-1.81538146791	1.41253084261	1.75877055088	-0.702807982173	17712.1967857	13365.3071023	True	
4.4417016344	14.4426197677	6.18458630193	-2.68486752405	-0.747345441112	-0.451159371336	2.46614566797	6565.97796473	12697.0417472	True	
4.64230405969	7.93377563992	3.52990523676	-2.93505646079	-1.16528407339	-0.537548890279	1.37589139797	40925.585121	12062.1896598	True	
4.64238778559	6.01067795756	5.93915237434	-2.03954384595	1.68758390716	-0.484541953282	1.89928061472	32648.4436723	11459.0801768	True	
2.37645787262	4.35788883911	4.43199319658	-1.86749641104	0.39591866617	-0.689792118433	2.59620483881	11098.9699472	10886.126168	True	
1.55439125786	5.57166351981	5.47759497399	-2.12175911698	-0.794108092465	1.94857765815	0.209834285845	4681.57444734	10341.8198596	True	
-3.10795568113	13.942753375	6.40626574507	-2.5376087712	-0.743505530865	2.14587175686	2.42886009283	4207.68865703	9824.72886659	True	
-0.156821962001	4.18074044257	3.75717502179	-2.64667601875	-0.840436738713	1.53381786078	3.28361053002	11664.6189118	9333.49242326	True	
-0.254983172544	12.6137731148	4.19256618301	-2.55740632387	1.33773253838	-0.307253338662	0.141561294384	6177.24080557	8866.8178021	True	
2.85406337763	14.9213348283	5.82943638524	-2.40484977419	-0.779253452717	0.947657625687	0.265735591459	2636.52986404	8423.476912	True	
1.46791420042	9.40324086382	4.61340820455	-1.65705255077	-0.382778703884	1.75349278153	-0.45333415249	18117.9565846	8002.3030664	True	
0.522472723039	3.03252588497	5.17361658934	-2.54028397368	-0.778319546494	1.68824125331	0.0587610889549	9345.23330494	7602.18791308	True	
-0.822551201455	9.39831119955	6.56409139631	-1.74467260889	0.983226382522	2.05496018298	-0.615983660431	18944.3143532	7222.07851742	True	
-1.22944531828	4.23518906659	3.54014908182	-2.13581704699	1.18520948176	-0.038345402739	3.28366357828	14291.646523	6860.97459155	True	
1.96078747032	2.0757325456	5.97333375008	-1.24281476475	-0.250963481607	1.8492333528	-0.728934263705	10198.121999	6517.92586197	False	
-1.70670096057	5.56420659147	5.6080462137	-1.59663400889	0.833851136113	0.212811090422	0.243060866469	18914.7670427	6517.92586197	False	
-0.538418673806	8.38959740939	6.28032642394	-1.98749619294	1.96032286963	-0.608623496723	1.15330333366	22257.0616475	6517.92586197	True	
1.98303662807	7.36801740662	4.39277508324	-2.05944520266	-0.601591049669	0.336797428132	-0.089375495033	7530.23495693	6192.02956887	True	
4.27232585686	3.60912795401	4.81016131415	-2.1561905977	-0.586535323711	2.01249831289	-0.284867407992	6842.76559935	5882.42809043	True	
0.846212246323	9.8499122799	4.28515835962	-2.79632197324	-0.629473096255	0.369655591836	2.1418854695	10761.2785488	5588.30668591	True	
2.03269842327	14.8377665697	3.93929169894	-2.02199802816	0.515227848412	-0.899273711457	1.99613171591	12488.2397139	5308.89135161	False	
0.946567716097	3.62123375961	3.10578218277	-2.28880868448	-0.660191223262	1.39460033861	2.07128481702	12957.6558965	5308.89135161	True	
3.91619916207	8.95789768696	6.15979840105	-2.72126559298	0.426171484124	-0.44106415466	1.41684823642	22339.9153808	5043.44678403	True	
-2.72627353724	10.7025544182	6.21264399444	-1.6763927923	-0.728842100657	1.15112571769	2.34571878862	12240.0384132	4791.27444483	True	
1.44746511027	11.5684902576	6.27760879997	-1.45876749014	-0.531602359379	-0.50393067974	2.712201682	12201.0078028	4551.71072259	True	
3.94350791792	9.65123270118	3.91470519334	-2.72124602536	-0.897038925389	0.860219629991	3.84111243937	8443.03838833	4324.12518646	True	
2.29118051115	7.53344214234	6.29055454242	-2.46753936155	2.23729707317	-0.797981642573	1.02837925342	5120.42057816	4107.91892714	True	
-0.766393763618	13.8791440008	3.98216665433	-1.98840998936	0.391580431864	-0.421688688411	1.59043729531	8792.2484127	3902.52298078	False	
-4.06283866338	7.75990040963	3.81385186399	-1.39574611427	0.618544373944	0.892022464912	1.08394867789	11946.3984642	3902.52298078	True	
0.994380300906	12.3768646107	6.06301112146	-1.97728480582	-0.822860769192	2.2456333783	2.39049992448	8036.4723023	3707.39683174	True	
2.44141421409	4.84369299164	3.17672761054	-2.47677134512	-0.827809853615	-0.700191202779	0.310078731452	15390.0560336	3522.02699015	True	
1.56999004698	12.596932892	5.97881952712	-2.12359105531	-1.02157538133	1.00655769712	2.72544338411	9726.03479579	3345.92564065	False	
-0.16672756329	11.1630218588	4.72138906309	-2.30475956896	-0.702842365989	0.871624422653	2.43911258012	4343.95071051	3345.92564065	True	
-1.16685987652	12.0978143477	4.70041302552	-2.16388781786	-0.0691983543263	-0.0363531500025	0.553269612885	6058.44730477	3178.62935861	True	
1.39402990704	12.5113066433	4.03164504402	-2.45677215901	-0.715916482245	-0.362929863215	1.17566639182	3556.08044716	3019.69789068	True	
1.9429009656	0.683777836808	4.36868188642	-1.21766891733	-0.501071922929	-0.334430193591	0.901324340862	5087.47966631	2868.71299615	True	
2.38156413992	10.7249562302	6.51582436214	-2.57594855782	-0.0319396206058	-0.55021788008	-0.371738759178	4412.96439544	2725.27734634	True	
2.94965100752	8.10352401455	5.40277023155	-2.12655017588	-0.397832602415	1.77242677869	-0.678827956737	7379.42814257	2589.01347902	True	
-3.38006748077	10.8190562686	4.52585463843	-2.2723533662	-0.869152045329	1.94245292644	1.74423992542	3488.62016768	2459.56280507	True	
2.69335689696	1.54387141509	3.95235813149	-2.52049526349	-0.613926107783	1.64000270867	-0.395514802165	5773.9873729	2336.58466482	False	
1.45446444956	6.49501683963	5.77146101952	-1.77882246841	-0.877087717173	1.72459705533	2.51732412383	7579.66173148	2336.58466482	True	
-2.64354232582	9.0386797622	3.22096351631	-1.82559177902	-0.489430999735	0.748300198508	0.754053683343	9005.78318068	2219.75543158	False	
-0.361292518123	11.0880285678	3.90824340042	-2.31809445423	-0.891110251298	2.18024204668	0.733991356466	6370.61173844	2219.75543158	True	
3.52214653292	6.70502532184	5.35212422206	-2.30783409909	-0.884077463338	0.812622538144	3.44915778528	3604.04135066	2108.76766	False	
2.6460358071	12.9181141349	6.47176840154	-2.54791027533	0.124596761128	1.62670191276	-0.983160420228	8589.34172942	2108.76766	True	
3.84713475391	9.22641245805	6.32013802749	-2.4446176735	-0.765814307348	0.892520925221	0.378266702417	2714.22285633	2003.329277	True	
2.75262426228	9.74493927612	6.81151115354	-2.15100218991	-0.911790557236	0.99398381693	3.68316144301	5707.32349732	1903.16281315	True	
-2.53544687014	6.62457160449	3.17617126781	-1.49309657567	-0.867518038229	2.11669741311	1.65572488821	11727.908731	1808.00467249	False	
-4.59818519363	12.5653120533	3.6453420063	-2.6087693554	-0.620060154271	1.4721558949	0.956671531186	5312.18147723	1808.00467249	True	
-1.40544600308	10.7283901178	5.2461209428	-2.44626124499	-0.930028698886	2.56422785309	3.49740147459	5361.5471685	1717.60443887	True	
-4.52924632407	10.8161435089	5.29109886185	-2.49384499517	-0.872894340511	2.14675825771	3.35609676954	6830.85191426	1631.72421692	True	
4.91339812329	10.3469075432	5.75922085659	-2.41073840861	-0.845770150474	0.235100713657	3.29574119358	3078.00695637	1550.13800608	True	
-1.10005011365	9.03368424037	4.11335942917	-2.45400100649	-0.557473417125	0.249090400146	3.81113556514	3665.81876678	1472.63110577	True	
-2.89349373343	12.5815319414	3.35741766321	-2.00358135534	-0.264579463374	0.831545230433	2.26048938723	11330.6218682	1398.99955049	True	
-2.72601464187	14.3673834034	3.23366440173	-2.54987736596	2.1297835961	0.50879508086	1.90599232033	7617.8072436	1329.04957296	True	
3.68108942048	3.81083534604	6.83437288279	-2.50498692227	-0.831274987529	1.93786274104	2.95265595958	4111.06810209	1262.59709431	False	
2.25776638565	0.219977630454	5.94129837492	-1.21401010974	-0.825964348774	-0.15226333432	1.88119895748	5168.2718222	1262.59709431	False	
-2.64529984538	5.88886789069	4.28143585437	-1.02120374219	2.01483294164	0.454022248059	3.74443395256	14297.7894297	1262.59709431	True	
1.3212720183	5.05264472392	4.36141383233	-2.43300160384	2.69618232593	-0.732708804464	3.89141134246	4827.862884	1199.4672396	False	
1.35711622244	8.09006676801	6.20724216313	-2.29827617809	-0.7422260735	0.816588765554	-0.498211359873	4009.22463189	1199.4672396	False	
-0.667455180825	11.8278438303	5.18729918666	-2.3368573679	-0.704850483445	0.984468567448	-0.449431706571	2957.51095833	1199.4672396	True	
-0.064798663613	7.87814863374	4.40491802832	-2.28410994913	0.648695910697	-0.493955662535	0.0511286547738	5076.33146436	1139.49387762	True	
0.434668540536	12.7702642265	5.26992212979	-2.36416044895	-0.729175018589	0.22143086746	3.72411797586	1589.55980833	1082.51918374	True	
-1.0181040349	14.1131517018	3.4148594122	-2.19987372197	-0.76043767029	0.652086129238	3.78515157389	5428.74325664	1028.39322455	True	
-1.03669209653	12.5326463687	5.04166007032	-2.2596684809	-0.855446395689	0.805974604923	3.75009423756	2458.27862332	976.973563323	True	
-2.91181408178	10.7131823756	3.24455983544	-2.40453328795	-0.651784301159	1.2956681385	1.02275382573	5799.97323566	967.203827689	True	
-0.634324069622	13.3747218604	6.32049624618	-2.48993185633	-0.702853445074	1.7536929798	1.37428607571	4596.69988643	957.531789412	True	
1.99773811134	9.82334029457	3.66765488193	-2.38331534083	-0.60678614207	-0.542013432029	2.58051904078	4761.31473117	947.956471518	True	
-0.931804169249	13.0983533636	5.75902039759	-2.63663437008	-0.813374626324	1.83230709932	2.52173988708	3992.95763651	938.476906803	True	
-0.188239897987	9.38536203732	5.21770618282	-2.53572776722	-0.896826407472	0.693130849061	1.42874139555	3676.77952936	929.092137735	True	
0.13789978369	13.5617499619	4.23758660065	-2.49753457541	-0.854518788096	0.557603221885	3.9529582193	3120.83933518	919.801216358	True	
-1.64094583592	10.1998350571	4.19293126593	-2.27467497461	-0.828159513173	1.10490115963	2.4206586355	3162.60282867	910.603204194	True	
-3.91842170825	12.4318364908	5.3039251287	-2.03508132237	-0.165550309127	1.84949398803	-0.707782310213	6288.81767081	901.497172152	True	
-4.08634839268	11.8963756265	4.47329448181	-2.26577594524	-0.827620111723	1.81901550274	0.0814571050524	4174.79087766	892.482200431	True	
-3.83534279713	11.9513587965	3.15964884434	-2.46458909043	2.23184587062	0.943123452521	0.638596557104	5695.6902961	883.557378426	True	
-2.71044867329	12.3621506351	4.34067001762	-2.57850572402	2.38055526184	1.20507297404	-0.778864114016	6190.87631619	874.721804642	True	
-2.02175480917	13.68957834	4.09791299862	-2.2275767021	0.855965579714	0.0413051744427	0.599687160743	6452.1075707	865.974586596	True	
-0.192222360873	11.3077232365	3.79346137826	-2.49557010232	0.757030092665	-0.410056451208	1.95901195009	4949.56389984	857.31484073	True	
1.26981751806	14.3557145576	5.26817958777	-2.43937149532	0.122041199574	-0.641877414046	0.176734975374	3654.65145455	848.741692322	False	
1.59488259173	7.015089653	6.50992569351	-2.33978065465	-0.795300308191	-0.0608856193257	1.23751693399	3702.16272873	848.741692322	True	
2.24390060992	7.26975589263	6.00819726873	-2.47685468471	-0.763146166188	-0.103117316988	2.90537898045	2109.66511352	840.254275399	True	
3.27548959011	10.8150902021	6.6720741984	-2.70902054544	-0.738409851818	-0.0908068266905	3.21306538447	5533.63193537	831.851732645	True	
4.69177989088	2.97733934589	6.13471734158	-1.95368280994	-0.718690449883	0.25988127787	3.27623511652	6831.16251204	823.533215319	True	
3.12899606131	5.63175072342	5.25146588939	-2.41863459386	-0.502306041721	-0.285413819517	3.23036862131	4147.32195308	815.297883166	True	
2.94626327066	9.42623890965	4.85053401617	-2.33767243124	-0.777667605279	0.665641222843	0.808136109083	3597.81856806	807.144904334	True	
2.32462400218	6.22098142053	6.41394866227	-2.13520032962	-0.0221784180456	0.233166421269	-0.65716453576	3977.59860132	799.073455291	True	
-2.19603418041	12.0754183293	5.60962435049	-2.6496868049	-0.844748702627	1.52681700969	3.14200899736	4477.96037379	791.082720738	True	
-3.21752620843	13.9420622942	5.40242520658	-2.44371000065	-0.70244042048	1.56391004882	3.3753959874	3336.59775951	783.17189353	True	
-4.81473767724	14.2190676128	4.55267154727	-2.29122251145	-0.836913327292	2.54663591281	3.16537520386	2708.52089081	775.340174595	True	
-0.279052811413	13.549636913	5.23482213129	-2.41071714316	-0.806720332392	2.19636034846	1.90421828618	3817.25383393	767.586772849	True	
-3.8286955497	13.4441846285	4.89148173117	-2.40426984884	-0.821779424709	2.12257226065	2.98945396387	2122.71989587	759.910905121	True	
-1.18445577621	14.3376306029	6.5170356715	-2.28723353965	-0.808438616009	2.10381487151	3.36423268192	3313.13551025	752.311796069	True	
-2.76801059954	11.4099349953	4.88620343265	-2.1456079099	-0.80407785524	2.01301117834	3.05271938765	4095.57216288	744.788678109	True	
-1.68236446512	10.1108716433	5.01912386096	-1.86926051015	-0.766349767684	1.16699856881	1.74895069367	6197.77472375	737.340791328	False	
-3.33490907302	11.5380619745	4.90396787142	-2.27087870118	-0.79033982371	2.2337460128	1.18343234158	3192.48721347	737.340791328	True	
-3.6555973622	13.7596939433	5.37296445277	-2.49353690565	-0.692702674709	1.70823193877	2.25452713492	3886.19078857	729.967383414	True	
-1.50250770463	14.4096412361	5.2754724043	-2.4777881425	-0.696564451665	0.679653316174	3.75495872063	2999.74495604	722.66770958	True	
4.5905269575	13.0971621985	5.91401322422	-2.43449833283	-0.905391616014	1.85865566017	3.5233683793	4944.03405881	715.441032484	True	
0.376524749132	7.8288792767	5.46342438469	-2.23185928128	-0.885247803977	0.94507071197	3.39011908038	3032.98430167	708.28662216	True	
1.90267415586	8.04183198483	5.15355684159	-2.45794466206	-0.745538411997	0.600234249731	3.47846638878	2770.01056864	701.203755938	True	
1.88124430818	8.60599819815	5.47233652659	-2.3717950227	-0.622986296909	-0.127257937723	0.871603743368	2149.30043704	694.191718379	True	
2.84674714403	10.9063202647	5.79307026991	-2.3349245467	-0.816909761687	0.52022826438	2.60520438213	2385.82829936	687.249801195	True	
1.43524039836	14.1745632521	5.071320438	-2.54110713561	-0.796336298251	0.466039129269	1.34950495965	2268.56977314	680.377303183	True	
-2.91573432971	13.1012779236	5.3328051957	-2.34700049991	-0.700935046457	1.28320005759	0.349465186131	3083.63715801	673.573530151	True	
-0.579491498927	8.41192372664	5.98228154823	-2.41973080749	-0.871916165597	1.34908709405	1.47401064218	3424.6322442	666.837794849	True	
-0.511785476695	14.9592694707	6.65708651922	-2.42202284324	-0.770615084061	1.55618580578	2.8812753862	2641.8325873	660.169416901	True	
2.5685806352	7.49846369711	4.95245051219	-2.32675899492	-0.856254523681	0.795627373699	2.73993304852	3242.89842344	653.567722732	True	
4.08951241057	12.7139787795	5.71483150503	-2.57990434548	-0.824745718215	0.450081015175	2.3758243861	3162.35414905	647.032045505	True	
4.39666864712	12.7385830144	5.03970057398	-2.51908470997	-0.422832945659	-0.500292576055	0.950365839661	3946.28689832	640.56172505	True	
3.33793106328	3.5296928027	4.82168647507	-2.3144284607	-0.791707681865	-0.0390463503927	1.10247635749	2385.93701195	634.156107799	True	
0.572516669252	13.527835249	5.88940214189	-2.35978621734	-0.760036341135	1.02275839847	0.764565709207	2159.53915891	627.814546721	True	
-0.285092316365	9.693720519	4.93936543823	-2.35140022574	-0.35326752424	0.443799242336	-0.568662237402	2549.28860655	621.536401254	True	
2.4455687715	3.51573852116	6.01599608373	-2.24339670702	-0.786905850784	0.205634830834	0.706429003519	2899.72941239	615.321037241	True	
1.08988833352	8.88237868635	4.04376711659	-2.46938613403	-0.547290832919	-0.316116592248	3.43083862567	3057.36784654	609.167826869	True	
1.58403181083	8.95103618953	5.28363333083	-2.39457971704	-0.707148131704	-0.232033648108	1.96284199728	1669.8538455	603.0761486	True	
2.75579363213	12.9241196294	5.27634239149	-2.51117071402	-0.583509051617	-0.0917603498264	3.069452334	4324.86797559	597.045387114	True	
4.70738833144	13.939966402	6.05228924356	-2.55756778746	0.0137311827885	-0.762575074898	3.19968180656	4334.21949373	591.074933243	True	
-1.62632115216	12.9880183159	5.1174215024	-2.33705738961	-0.815646372117	1.11997508997	2.84470871951	1752.98604799	585.164183911	True	
-3.73416474202	11.0736984248	4.22432436117	-2.3268953476	-0.681588753344	1.56127957997	2.64843383319	3461.85212606	579.312542072	True	
1.74777670274	13.9871004623	5.75804008237	-2.40543580191	-0.635017205824	-0.0861625807105	3.0561909318	2358.91110271	573.519416651	True	
2.75614427011	10.1572679927	6.2360086434	-2.2520238497	-0.784979073288	0.644154935845	2.22764816837	3110.62994325	567.784222484	True	
2.04374909802	11.5081907372	5.50800460729	-2.41633749462	-0.845155892782	1.31886163993	2.8821675589	3017.95375827	562.10638026	True	
-0.926395897134	11.0717935414	5.27491062583	-2.09089624331	-0.822029664111	0.829283556638	1.6366717335	3525.27629992	556.485316457	True	
-4.15862564404	13.4668815776	3.94346110185	-2.64323409497	-0.529854481083	1.35971331111	2.03880441955	5348.56669888	550.920463292	True	
-3.50198019376	14.5714102995	4.42950801342	-2.46781103242	-0.658116282835	1.37852965452	0.492890967166	2654.50781643	545.411258659	True	
2.74731090279	7.23224509441	6.07746713493	-2.48947071369	-0.905887071852	2.33666867415	2.57733553734	4843.78890229	539.957146073	True	
1.98298704235	3.89247628378	5.10926407063	-2.28422093565	-0.772828875123	0.255090106438	3.42171384191	2363.25689482	534.557574612	True	
3.53921661589	10.7148440485	6.53945517533	-2.33612781696	-0.908973055763	0.959407959345	2.1985895348	4217.30634423	529.211998866	True	
0.820828367022	12.9586622822	5.40452660382	-2.38181253612	-0.817012072502	0.298614316691	1.7228444165	1529.93646959	523.919878877	False	
2.47812077381	12.0299794777	6.47631280752	-2.30373639225	-0.793228210787	0.205717524705	2.14311484835	2455.4483476	523.919878877	True	
1.08530163612	12.4203135818	5.4952575451	-2.26514874588	-0.855890870751	0.776547701094	1.80604636683	2632.71256545	518.680680089	True	
0.368186330051	13.8473741061	6.30517576775	-2.36207073121	-0.794516827642	0.669368045317	0.800678604538	1885.67529327	513.493873288	True	
2.32319521248	8.2773958139	6.38196136347	-2.32080316642	-0.357094029544	0.0118870242558	-0.606011123911	2361.28921912	508.358934555	True	
1.11937624822	9.46807519881	5.85421645683	-2.45858345073	-0.75790036315	0.390928356627	1.35660408501	1696.44332385	503.275345209	True	
1.91897696642	11.731405249	4.76101328826	-2.46757811641	-0.802369658124	-0.178877733123	1.29230280703	2791.70193688	498.242591757	True	
-0.35275998596	14.6078517742	4.15674728904	-2.36368963033	-0.480098031465	-0.103499761425	1.24604824062	3010.25071501	493.26016584	True	
-1.1943510917	9.55009292952	5.09008857054	-2.34169655998	-0.775604999206	0.74385752977	1.48838763538	2298.79936613	488.327564181	True	
-1.23440396606	8.74343566902	4.76979917468	-2.0878163963	-0.705643805294	0.541542527705	0.430917672878	4191.13949485	483.444288539	True	
-2.19446341752	9.88196816416	5.31582909383	-2.16920124921	-0.7634296966	1.35481601645	0.507095806266	3530.63869443	478.609845654	True	
-0.778845308239	12.9505633448	5.68447558955	-2.41652336097	-0.814513396363	0.715881030536	1.89329101027	2150.30477302	473.823747197	True	
-2.03541436583	11.1967016601	4.87843098992	-2.31762325624	-0.791438998828	1.67281274105	2.92230144727	2862.61426385	469.085509725	True	
0.479294224943	8.41293612803	5.42574097228	-2.05315885189	-0.706294332771	0.362547435767	3.35472627444	4431.63424374	464.394654628	True	
1.00037294534	12.2508768004	5.640090668	-2.42645029769	-0.77310702606	0.413303703011	2.55320782698	1425.47061939	459.750708082	True	
1.90347265186	12.3973493811	5.5380126353	-2.15206532673	-0.710727594527	-0.345061627308	2.01687758152	3593.07233381	455.153201001	True	
0.220234384201	13.6098554492	6.22133085229	-2.3384884378	-0.847326952401	1.79237462738	0.759034659845	3139.21883967	450.601668991	True	
2.65456061627	13.8060757605	6.20970811924	-2.29547956856	-0.689659441716	1.20541792887	-0.469552129711	3980.44880717	446.095652301	True	
0.505793292027	12.8025674303	6.46808272241	-2.41198366212	-0.680146218664	1.11053984454	-0.245739161274	1787.42555846	441.634695778	True	
1.530166259	12.4557781296	5.92767479701	-2.33754765668	-0.648181128247	0.319826918159	-0.0144292544986	1934.49568112	437.21834882	True	
1.32096312525	10.1698908728	6.13482047389	-2.44544096669	-0.590209114276	0.809177698858	-0.0650049784979	3408.76932324	432.846165332	True	
2.25024933964	11.5921434638	5.52607776066	-2.45696240714	-0.800601377831	0.0353758282992	1.11147614944	1889.79809819	428.517703679	True	
-0.330648771358	13.2020410064	5.39382333728	-2.38845488354	-0.740628433578	1.07201413523	1.79598183317	2536.34953978	424.232526642	True	
0.441284900431	12.0229525334	5.62342582089	-2.35443237889	-0.773800663503	0.71705210445	2.47261451352	1702.68587214	419.990201376	True	
2.04362716566	11.1832320651	5.16306451884	-2.38828242278	-0.737957480444	0.0619502726116	3.89116654042	1806.01146788	415.790299362	False	
-3.15455055788	13.8616324143	4.68987402241	-2.33239139732	-0.939944763667	1.72209905742	3.80974342525	4475.06940143	415.790299362	True	
0.946534769302	14.7371357859	4.97163168472	-2.34553697006	-0.720790728134	0.430979951094	3.29054839584	2748.6990362	411.632396368	True	
1.76684691846	5.28097615114	4.82113313564	-2.38640718657	-0.731859373921	0.315317130074	3.60825781204	2499.14002836	407.516072405	True	
1.73493938902	10.2415087653	5.11992519898	-2.41726500268	-0.812189171084	0.0639807158413	2.41295048308	1821.03619028	403.440911681	True	
3.59456331253	13.8928945464	5.1569584039	-2.47349648718	-0.797154810349	0.58428691724	2.90531219369	2929.21993471	399.406502564	True	
0.184672190427	13.0695173362	6.28319231449	-2.27487312562	-0.854148672051	1.11539744519	1.63718979335	2491.65705108	395.412437538	True	
1.88852385992	10.8208398737	5.46489211718	-2.35662863648	-0.852713727779	0.298951295047	0.642404882915	2391.9275533	391.458313163	True	
2.32689869412	4.86987137647	5.93456199337	-2.54678487118	-0.789485246136	0.243326972699	-0.0701793212662	3374.26325202	387.543730031	True	
1.3980565435	7.33351405001	5.6277919695	-2.44046364275	-0.179569061929	0.64115820273	-0.69767907692	2196.58327327	383.668292731	True	
3.57963594469	12.4494920213	6.87031692924	-2.5029182562	-0.383117839516	1.38076649079	-0.669340746421	2668.58767758	379.831609803	True	
4.57354296292	4.66967760598	5.06470137832	-2.50445079563	-0.832294183728	0.217257752449	0.773206934514	3050.01062256	376.033293705	True	
3.36276856079	5.72724769468	6.12007863933	-2.38637478624	-0.803083908656	1.1256933106	2.97883325657	2576.20286569	372.272960768	True	
1.08790260087	9.31733931955	5.54588638277	-2.43351662166	-0.700689671921	0.353743083317	0.116533016907	1524.21932447	368.550231161	True	
1.53454573823	9.11285649353	4.55121092133	-2.52193611264	-0.545194751325	-0.463198160271	0.42571940141	2790.48509812	364.864728849	True	
1.0064216529	7.16442960965	5.28073796089	-2.44536040414	-0.738811722882	0.758219495901	0.00711129148887	1944.85430273	361.216081561	True	
2.97384259297	8.67675072537	6.12869276025	-2.5058282261	-0.239004428851	0.523821738748	-0.627879936045	2295.58725352	357.603920745	True	
0.989007817197	13.3576573905	6.25824330155	-2.4937006867	-0.8113932689	0.679930694262	0.730029902543	1915.87056139	354.027881538	True	
1.7017316155	14.3474863718	5.51765254678	-2.43490037737	-0.72921320362	-0.151072550787	2.60764401047	1641.00951885	350.487602722	True	
0.865179260485	12.1168292776	5.31291137724	-2.36557301204	-0.742503523499	0.163578359962	0.325396286402	1440.72345536	346.982726695	True	
-1.26772114547	13.2213072769	5.28584550515	-2.38208308658	-0.824512473202	1.23150279399	0.958629121012	1710.80278909	343.512899428	True	
0.912519536884	12.526923403	5.33779724976	-2.35717430501	-0.767461017215	0.398666102572	1.93475908308	1568.22184226	340.077770434	True	
-0.210071068953	11.9080162044	5.29572571272	-2.29038389316	-0.836315559961	0.747350295036	1.21268115885	1947.92476248	336.676992729	False	
-1.99788525304	14.6578214377	4.47989578585	-2.39512424094	-0.759056623916	1.01961212223	0.745401970484	1960.02409045	336.676992729	True	
-3.6093448898	14.982306023	5.49197311219	-2.29022524933	-0.793143403234	2.10770674454	1.40588080083	2113.63034785	333.310222802	True	
-2.56058498156	14.2909455155	5.08688423164	-2.44413309834	-0.713085834555	1.2678730193	-0.0150884555166	2061.74890619	329.977120574	True	
-0.420793661585	14.168416643	5.29659124421	-2.36833690977	-0.839420326404	0.775484813269	0.743179223543	1795.68128913	326.677349368	True	
-0.591416223794	12.3231323613	5.35126062143	-2.32032067826	-0.766790988751	0.331471022003	3.39822452469	2551.70326933	323.410575875	True	
1.3791367771	9.39885427025	5.76183299535	-2.28045716657	-0.862210316229	0.556631547187	3.9099167765	2377.2732657	320.176470116	False	
1.92187447288	12.3843156035	5.91160750173	-2.56752666388	-0.798216080474	1.80290753646	2.87278550225	4076.09559054	320.176470116	True	
0.122411202823	13.016754413	5.88571071483	-2.4978381928	-0.818232048744	0.456440672283	1.90959264073	2407.86901457	316.974705415	True	
0.708909088319	14.4990118437	5.94287045998	-2.471424421	-0.805092720221	0.953716710657	3.13957756242	1814.6910783	313.804958361	True	
1.47535969773	12.4582999475	6.42205015635	-2.5159338942	-0.692699273708	-0.275107896276	3.60451892834	4059.47360653	310.666908777	True	
0.725480099421	12.9522696135	5.3667232892	-2.49887811018	-0.751855610567	0.0869631578382	3.23081074871	1822.73661458	307.560239689	True	
-0.416373791451	12.2663386383	5.30382439472	-2.42922718575	-0.804664321297	0.788655736424	3.048030673	1525.52989686	304.484637292	True	
0.442600892066	14.4073935847	5.81320420537	-2.48476755224	-0.914853348832	0.976404866822	3.44683970071	3265.0085969	301.439790919	True	
1.29307965155	11.188189281	5.36405198676	-2.36381015809	-0.651352940338	-0.214878697432	2.72798009935	1748.23946714	298.42539301	True	
1.7558838365	13.991025587	4.70280140584	-2.49824273559	-0.480246912907	-0.525362115366	3.58683374688	2506.53642371	295.44113908	True	
0.0270394821393	13.9335955119	4.75490048088	-2.47977209171	-0.750473157566	0.208827301147	2.15542524547	1830.579899	292.486727689	True	
1.94887597474	13.2434223087	5.3028298681	-2.46346730145	-0.820931599642	0.14569478592	2.15668147076	1921.63759042	289.561860412	True	
1.08587419249	10.9099654768	6.10583384139	-2.3397655459	-0.803432682776	0.501008991032	2.17044860423	1702.87989046	286.666241808	True	
0.575023665943	10.5696395965	5.24015561711	-2.41216270967	-0.789849021064	0.557850402463	3.71136255013	1540.10686017	283.79957939	True	
0.790003944349	11.8396746563	4.98820805915	-2.40436446442	-0.790596568086	0.439237153536	3.84891359384	1644.83557008	280.961583596	True	
1.95330833916	10.3322743295	5.83736767773	-2.46395573849	-0.776060641845	0.492346524431	3.24037462019	1789.25586569	278.15196776	True	
1.45409478094	6.89197903179	6.28706564452	-2.39968353407	-0.774076160972	0.325055208251	2.85991890627	2090.76415323	275.370448083	True	
1.9772256659	6.34559253178	5.51184473212	-2.44571358963	-0.771938862017	0.263811415647	2.73190279094	1558.1611197	272.616743602	True	
0.846941937746	9.08184174276	5.07777893536	-2.2395790319	-0.704665183413	-0.159421501499	2.02521874756	2351.91754895	269.890576166	True	
1.60094417984	8.37371235645	5.2809204604	-2.43543593889	-0.75535078027	0.539852937458	1.31288762971	2124.77623525	267.191670404	True	
3.48122058048	5.22170610003	4.74424068973	-2.42627579369	-0.722114328044	0.0799732167913	0.0932473556413	2653.76134707	264.5197537	True	
3.88802189562	5.70878627777	6.32578220457	-2.33268483389	-0.802374192361	1.25372974082	0.0489776524296	3065.38896728	261.874556163	True	
3.09753732682	3.71590221058	5.88757270441	-2.39285591951	-0.766803022773	0.150856177359	0.697609942467	1869.58112494	259.255810602	True	
3.44865252029	3.36637334457	5.35832195991	-2.35859897647	-0.731659107725	-0.0356789933395	0.558086028489	1837.87496194	256.663252496	True	
2.94114577348	4.91258924393	6.02978749877	-2.29140994632	-0.793252438084	0.429033441702	0.783229429086	1907.40044379	254.096619971	True	
3.02718467344	8.58985121899	5.3993625724	-2.46833886123	-0.750892318865	-0.091903621932	2.39996063609	1940.12615381	251.555653771	True	
-0.0555214748363	11.2919881892	4.60455898499	-2.29482102017	-0.700416895598	0.171163994148	2.89492655678	2135.03553211	249.040097233	True	
1.09619667901	11.194704421	5.40146854233	-2.36272071225	-0.785365485712	0.481296204777	2.94128667994	1580.46091241	246.549696261	True	
2.3023327268	13.6571551644	5.15765122734	-2.58383337141	-0.611464223622	-0.442930576961	3.6214533916	2822.67423929	244.084199298	True	
0.391272654449	11.4370074951	6.15437979932	-2.40329191266	-0.823801121755	0.762818281985	2.71491860657	1817.32031736	241.643357305	True	
0.114869819051	11.1641364265	4.85352547274	-2.28167100217	-0.785457375704	0.247520191978	3.4722012801	1920.31295656	239.226923732	True	
2.27019093409	9.43481426436	4.58902931929	-2.52751672615	-0.757458632811	-0.0064563971176	2.22394002171	2584.01220688	236.834654495	True	
-1.55574825908	12.25547168	4.9850202298	-2.55564368726	-0.787036120223	1.1441945678	2.25788606972	2538.48422409	234.46630795	True	
-0.673123758608	13.9628595806	5.2040875446	-2.52947370664	-0.81540973637	1.01738052021	1.59019488427	2066.61887896	232.12164487	True	
-0.853081827068	11.6469453484	4.30054639639	-2.30810220944	-0.683184770606	0.261312408238	1.47339411364	2346.25793376	229.800428422	False	
0.819375886551	8.59392757477	5.05504675007	-2.34912897923	-0.804713373885	0.389540625049	2.52271179059	1688.29812476	229.800428422	True	
2.94938416566	10.4113594563	6.37259577267	-2.4328414347	-0.792428508808	0.799973822369	2.85099937597	2437.71659045	227.502424138	True	
2.7618563703	4.58162414951	5.72940399709	-2.41631083539	-0.769571155068	0.0669059956634	3.2811577071	1592.16805639	225.227399896	True	
2.70876946194	7.6013621843	6.27601654011	-2.48649640764	-0.767726891131	0.179145318471	3.67459823595	2098.70541661	222.975125897	True	
3.11395786412	4.41685170489	5.83070749022	-2.37364305228	-0.790948699171	0.151156615275	3.4811959597	1665.94053755	220.745374638	True	
2.13596931469	5.17521303234	6.20908148292	-2.44934942603	-0.835513013949	0.449160605439	3.80983652762	2331.54475397	218.537920892	True	
1.62191887095	9.5198506409	5.82200233961	-2.40523836602	-0.784483711789	0.158958720577	3.86504903349	1510.39752842	216.352541683	True	
0.510103580278	13.0240185839	4.89419157074	-2.37570191398	-0.757674138699	0.306278194329	2.50486502466	1639.17281125	214.189016266	True	
0.585966961836	12.0027772344	5.84160786622	-2.44451986276	-0.81203952467	0.788926127324	2.94039307889	1573.58335092	212.047126103	True	
1.70781370586	8.37597538136	5.24212250429	-2.45162044411	-0.635284817072	-0.230165016573	3.8526785905	1789.33881779	209.926654842	True	
2.37566389145	5.47366127528	5.63415673674	-2.27371291051	-0.806853018191	0.782475015104	2.91838447802	2192.52331999	207.827388294	True	
2.20642316985	4.86299810878	5.32764637788	-2.35376795825	-0.796664211208	0.335925484693	3.03088699177	1647.76546061	205.749114411	True	
3.73245196605	4.667745784	5.47760465215	-2.33830160175	-0.809432931194	0.390952330031	3.13824558729	2233.23813022	203.691623267	True	
3.35642260669	3.91940902052	5.42758947142	-2.42900170309	-0.824106624704	0.280784009564	3.51275554352	1910.70874983	201.654707034	True	
2.8419316418	7.90915622841	5.35495243198	-2.38529226646	-0.813468513575	0.211112215415	3.43271268437	2065.38292826	199.638159964	True	
1.61477754205	7.1685938281	5.31942311453	-2.32915702267	-0.564937533387	-0.381973169482	3.58245312494	2086.80242953	197.641778364	True	
1.06782027031	6.94992627542	5.09418582144	-2.31214286616	-0.770919768593	0.444927174602	3.58151453985	1931.3139913	195.665360581	True	
0.51370449937	8.99302047653	5.1630126542	-2.38800181609	-0.813947563156	0.348509933986	3.72768928194	1647.92278097	193.708706975	True	
2.95705688757	5.54450795475	5.57946596776	-2.45143665286	-0.779488534722	0.0215772362727	3.80832312795	1757.26544597	191.771619905	True	
2.46755425213	4.66094353793	5.50358357933	-2.38281950433	-0.749047412486	-0.135629988198	3.91029889718	1647.47684785	189.853903706	True	
2.72004123166	7.70574015782	6.14636903048	-2.48052676091	-0.815583974567	0.423070721947	3.36576458119	2053.51773194	187.955364669	True	
2.31635668452	11.3448166958	5.55668785283	-2.42544440373	-0.706252200262	-0.295221235565	3.275232532	1874.11527106	186.075811022	True	
0.705921920596	10.8348477426	5.49982962505	-2.38274202968	-0.84786848073	1.24614576508	3.04575682764	2502.76244738	184.215052912	True	
0.602718126928	9.8164592542	6.06392955047	-2.4374298068	-0.81832374609	0.830961906716	2.44775591802	1779.56341805	182.372902383	True	
0.73329549804	12.544445382	5.05986320437	-2.41975615612	-0.76454174809	0.294798712225	1.09547129005	1475.70363686	180.549173359	True	
1.48525857108	12.8661731796	6.04034930417	-2.4384358458	-0.819133247545	0.615785372314	1.42232847112	1667.21359182	178.743681625	True	
0.707269961346	14.4782484902	5.74142955068	-2.28310961268	-0.790732974549	0.707478693996	0.793398271941	1946.5681827	176.956244809	True	
1.26882618613	14.7099981931	5.35736271637	-2.36279718845	-0.713598931062	-0.122579852465	1.00599541063	1615.78969989	175.186682361	False	
0.568022489452	12.866106084	5.27653514065	-2.33215235431	-0.775093169181	0.397786874497	2.07188211821	1535.5253082	175.186682361	True	
0.360069539175	13.6539472156	5.44863665459	-2.34411907005	-0.696502912342	0.150942858662	3.00227882205	2003.28784273	173.434815538	True	
0.623830920884	10.0815725328	5.16752377472	-2.4026524495	-0.760905631897	0.252774264682	2.42923418339	1457.15415703	171.700467382	True	
1.68598123081	7.80644573922	5.79088637124	-2.3608481536	-0.792024435116	0.234493247892	2.48480223597	1508.63168644	169.983462708	True	
1.65525842012	6.87276599051	5.64119625263	-2.32631001308	-0.758080811223	0.268712428361	3.48546710386	1619.95128877	168.283628081	True	
0.84976966169	8.54713292239	5.70464857995	-2.46813893702	-0.774418738364	0.249208509158	2.9004432237	1815.43237448	166.6007918	True	
1.91036690777	8.08499739899	5.7998126766	-2.4263886672	-0.778715547369	0.108209400407	1.34254910462	1549.08005702	164.934783882	True	
2.23700818732	6.23571502726	6.53260695344	-2.40455783468	-0.790412321104	0.6204774156	1.94443324898	2000.62393308	163.285436044	True	
1.78501901327	6.56070018138	5.75748249775	-2.41074143889	-0.762746544533	0.80756588077	2.21099133339	2216.96404355	161.652581683	True	
1.42791968436	8.53561576688	5.92698586536	-2.38001894997	-0.792695247289	0.764175762826	1.1362136371	1761.34333062	160.036055866	False	
1.85039106064	7.53275403391	6.27577639943	-2.40356920895	-0.790764257295	0.4947341153	1.04432134928	1706.6898216	160.036055866	True	
2.01902736136	5.40852914424	6.13850425887	-2.43834894189	-0.791374473916	0.941158606113	1.28682701554	2334.26866059	158.435695308	True	
2.28978853081	5.80366416079	6.07379152005	-2.29789961055	-0.728708432751	0.0214602631183	1.8895530693	1984.0800756	156.851338355	True	
2.33650331151	6.19589587188	5.31645391043	-2.37016672523	-0.613093908305	-0.384142166344	1.52045900005	1798.78774238	155.282824971	True	
2.0442412872	6.35241626067	5.37722381509	-2.43143844545	-0.752287693968	-0.0733992191644	2.20629628889	1536.13107844	153.729996721	True	
2.96572828871	3.62505093661	5.63935789035	-2.28539543887	-0.780002798485	0.381302600752	3.14705999133	2130.66672533	152.192696754	True	
1.25480100846	6.14282693076	5.6780747985	-2.40534513217	-0.786601017596	0.361682628475	3.87184688414	1865.97674482	150.670769787	True	
0.998264827884	10.3645498231	5.74330454351	-2.39707800796	-0.785583378527	0.29895007755	3.7158889237	1467.44386067	149.164062089	True	
2.3841491634	6.56113795255	5.74991819081	-2.36334758961	-0.799799867637	0.406289986147	3.79436425895	1667.7255508	147.672421468	True	
1.44824380431	6.71405777401	5.76886551913	-2.37103465346	-0.76341007278	0.394007749631	3.76064979224	1655.90072427	146.195697253	True	
2.05000796602	6.5750582933	5.21621255547	-2.35298466421	-0.738259858878	-0.167120320298	3.16831992585	1661.00361844	144.733740281	True	
2.93085107197	3.20292203983	5.64442318517	-2.34822373731	-0.769250772879	0.0490527671499	3.48352411925	2024.40440807	143.286402878	True	
1.70781324929	5.25473701411	5.13442453449	-2.4367126863	-0.770008427336	0.23246653863	1.87892383132	1814.78565832	141.853538849	True	
2.94354704246	5.76689019408	5.48451403898	-2.37746722113	-0.781603838931	0.0650928466462	2.6352664224	1765.66338828	140.435003461	True	
2.33684013889	4.47275200147	5.42174728818	-2.35005627823	-0.7476674157	-0.223939620733	1.42750561771	2006.62747588	139.030653426	True	
3.81380088389	6.55783358405	5.52662660644	-2.45513416455	-0.747192082856	0.0229450375847	0.602826732011	2197.50435375	137.640346892	True	
1.86438008697	11.5003730702	5.18048965616	-2.34620647221	-0.696485214128	0.209218622125	0.709633868231	2537.25984824	136.263943423	True	
1.2457867804	14.0341767693	4.99721656693	-2.48387463861	-0.739928435376	0.00374583182399	1.94634284387	1667.45296637	134.901303989	True	
0.922446285151	11.8603576037	5.82681934404	-2.4073739156	-0.781447607884	0.772950336042	0.947711998332	1654.21068276	133.552290949	True	
0.941938620857	13.5129816829	5.09286459508	-2.34685496397	-0.682994091683	-0.0677703414495	0.899469608316	1660.16243404	132.216768039	False	
0.209839934427	13.6346615355	5.01487622339	-2.39317726453	-0.784241972465	0.343366187715	1.00486367098	1493.1477766	132.216768039	True	
0.516857150106	11.549704599	4.84777942879	-2.43804204655	-0.728316665796	0.1725716869	0.398668864383	1591.86230022	130.894600359	True	
0.126983086522	14.4224781083	4.78157563455	-2.46330520996	-0.68502992819	0.0979912349678	0.109580812785	1938.15514428	129.585654355	True	
0.190174859984	11.6103778335	5.44143305304	-2.39528885148	-0.560963331764	0.49956842529	-0.516363020123	1857.1197779	128.289797812	True	
0.510787926821	13.9954071174	5.81089440267	-2.36074267749	-0.536354069185	0.340250473333	-0.384671672747	1655.68659716	127.006899834	True	
-1.35339723353	12.0075781023	5.39289560199	-2.39677389516	-0.604261986239	1.01153898355	-0.422776654183	2031.61397092	125.736830835	True	
-4.15067767397	12.6563686178	4.71759264018	-2.38790145182	-0.74718280397	2.11549107003	0.172908290972	2384.07028129	124.479462527	True	
-2.30032791259	13.2180980361	4.81181036085	-2.4870684508	-0.705745558254	1.0783280211	0.443287837291	2382.86856493	123.234667902	True	
-2.51601069613	14.870242775	5.44137871486	-2.38867190555	-0.791888459954	1.65983842721	0.37569097329	1669.93868174	122.002321223	True	
1.01078892561	12.2117855975	5.27074063991	-2.47498063794	-0.766019372512	0.0883891293673	1.07800504209	1584.38044443	120.78229801	True	
1.37693904101	13.918058889	5.4376716084	-2.41494156886	-0.731584957254	-0.0612649021648	1.73168348354	1498.56336009	119.57447503	True	
1.06916908043	12.7149080797	6.12871847955	-2.36644288905	-0.767966898872	0.443890447257	0.587501481548	1613.77176755	118.37873028	True	
-0.07827170828	14.4231268582	6.10586852987	-2.53541842554	-0.607850930059	0.915096265396	-0.487403852555	2172.22876577	117.194942977	True	
0.768152957227	14.2589048843	5.25728965262	-2.48677276987	-0.689581090435	0.234069185517	-0.0874406795785	1621.89806725	116.022993547	True	
0.595145381795	13.5837538825	5.33629484193	-2.34188509749	-0.729215387262	0.0901559746375	0.781023495898	1619.11012805	114.862763612	True	
0.782373398556	13.2695777274	5.24466665413	-2.43740320953	-0.789027943076	0.568882117588	0.305848958757	1638.82828229	113.714135976	True	
0.179143028611	13.3839927691	5.54923898069	-2.30694438774	-0.533136791421	0.567920663941	-0.515128866716	1898.34071469	112.576994616	True	
0.66129385395	13.640929176	5.71722533581	-2.42826103948	-0.772673447939	0.468516807072	0.293329298335	1426.26060573	111.45122467	True	
1.1355122551	14.0579942937	5.77031026626	-2.43155384197	-0.643854580595	0.197100622217	-0.195107773304	1464.19027167	110.336712423	True	
1.32741096908	12.4030608453	6.62353853493	-2.43864591605	-0.527726328274	0.675869472953	-0.497921172998	1578.65508678	109.233345299	True	
0.921179308047	11.2328472744	5.86569446096	-2.36644053314	-0.661259197631	0.554365277762	-0.2730125827	1473.85368362	108.141011846	True	
1.8597925594	9.06949729161	6.08263433798	-2.38406017936	-0.777840352656	0.199891099	0.25008313446	1817.6167833	107.059601727	True	
2.65074895009	6.31558855779	5.77042903458	-2.41650351609	-0.492211513252	0.0197908455846	-0.366594257509	1738.51564453	105.98900571	True	
1.45301008643	7.56730745103	5.16600944372	-2.50051403341	-0.782978337602	0.19668401061	0.935274098679	1776.63547855	104.929115653	True	
0.263047699442	10.991853278	5.48938659332	-2.41599809234	-0.746462371762	0.515195253771	0.648721755907	1593.65374167	103.879824497	True	
1.33993506118	12.6756945811	5.52438694363	-2.40043495185	-0.795261245977	0.467274976596	0.949148708566	1522.23672819	102.841026252	False	
0.578359329395	11.1432410631	5.02664102478	-2.39129317928	-0.723790988208	0.128725070038	1.52334185	1535.27736094	102.841026252	True	
0.691274604495	9.60896775961	5.06069933572	-2.37029520192	-0.795039322646	0.171839898348	0.993778168559	1676.07959045	101.812615989	True	
1.53719939734	7.94520267984	5.54977483158	-2.4180156721	-0.65778370331	-0.153793693909	0.270516741515	1674.41998995	100.794489829	True	
1.79822081295	6.39190912011	5.06585068488	-2.42077078233	-0.52797835902	0.11425589118	-0.372840650739	1891.97115176	99.7865449309	True	
2.27490249282	6.41854033273	5.71494388712	-2.34291741502	-0.771740641558	0.10187518249	0.560196566556	1623.41068409	98.7886794816	True	
2.78210176482	5.02754064171	5.78321090842	-2.43320389039	-0.750845920518	0.233816478658	0.129325636226	1635.56388446	97.8007926868	True	
2.48822832895	6.3128761327	5.70960059096	-2.40298429219	-0.561210743941	0.148662853765	-0.434861100858	1677.72727109	96.8227847599	True	
0.834404189774	8.95580198795	5.76278191052	-2.44824889414	-0.653110407686	0.691571033877	-0.188913583674	1683.80047296	95.8545569123	True	
1.35378078207	8.54780686975	5.94452462874	-2.46777948077	-0.634406554269	0.291254747445	-0.177324115587	1643.04620567	94.8960113432	True	
1.67351396943	7.15528458177	5.45398360689	-2.37906476678	-0.462489299964	0.0633875537335	-0.427554045006	1694.09791718	93.9470512297	True	
0.83120254508	7.58679883886	5.90060007881	-2.38419797988	-0.518454953557	0.646861598018	-0.478686593991	1666.96329026	93.0075807174	True	
1.93103331534	8.4452616496	6.20447708379	-2.40861207439	-0.607909777352	0.371446229042	-0.350843093495	1527.86119909	92.0775049103	True	
2.6327195159	5.77996982848	5.80790566284	-2.42944608334	-0.703488756278	-0.0282112361728	0.108189638757	1646.613327	91.1567298612	True	
2.96156307021	4.61662894371	5.58429035766	-2.35549447914	-0.734442912916	0.0288691495265	0.331331312205	1629.52536783	90.2451625626	True	
1.6569854409	7.58233470661	5.82976063843	-2.47625781722	-0.782813922212	0.2184080913	1.31416845296	1672.12621077	89.3427109369	True	
2.00520176681	6.78153807201	6.10548699634	-2.40688399852	-0.797154398878	0.387772090149	1.67384805692	1610.6533097	88.4492838276	True	
0.986609115201	8.09624874559	5.67486337166	-2.31480693432	-0.821257294167	0.385220766957	2.2438036642	1731.42056839	87.5647909893	False	
1.85224104511	6.97591246761	5.22060518872	-2.39632145544	-0.751342858314	0.0760849209509	1.47771619103	1503.08285555	87.5647909893	True	
1.90390351956	6.00829306025	5.45232848079	-2.34628022303	-0.74515309874	0.132950667006	1.00548012012	1520.47395305	86.6891430794	True	
1.54379375796	8.7784709998	5.26417794773	-2.38086019008	-0.792444834063	0.426578932095	0.816231401826	1688.70865679	85.8222516486	True	
1.06824013363	8.96612982581	5.25351068811	-2.34835765566	-0.732721525092	0.215564689205	0.345582215103	1534.21044954	84.9640291321	True	
1.73768122999	7.74762152868	5.73753721156	-2.38320794588	-0.743965128486	0.210726094566	0.262579111316	1446.85506427	84.1143888408	True	
1.04696891354	8.77127692049	5.69824821501	-2.38492106638	-0.792415690085	0.653808530019	0.548745546408	1570.95878298	83.2732449524	True	
0.835074715697	10.6121151307	5.45257320896	-2.43180105176	-0.702919889082	0.204011969073	0.488198646042	1612.52814877	82.4405125029	True	
-0.286380762387	12.7675822788	5.33322196532	-2.4034391801	-0.725332986943	0.794541655975	-0.100652957479	1517.78832948	81.6161073778	True	
-0.939202933687	14.4734372757	5.27483554924	-2.41611946289	-0.665124532328	0.87284729991	-0.224768361716	1585.84707884	80.7999463041	True	
-0.361996155397	13.2202615475	6.1508998699	-2.4222768105	-0.775265615656	1.15301800352	0.30037455569	1797.32218498	79.991946841	True	
0.736205176517	13.3825192389	5.5636164488	-2.39502750807	-0.632924033794	0.562113485965	-0.304259011327	1456.82654035	79.1920273726	True	
0.755291386599	14.0113495528	5.56908913789	-2.35504468062	-0.782323238718	0.376893165981	0.774534341343	1429.89734808	78.4001070989	True	
0.636120006854	12.0429408834	5.32374692501	-2.37976277354	-0.808117933405	0.391235200084	1.02676988131	1453.59403921	77.6161060279	True	
1.38909865653	11.3002391042	5.07091512167	-2.41126342169	-0.747908619905	0.0295892876793	1.07279320313	1486.56158493	76.8399449676	False	
0.304663638047	14.4995823822	5.45663278118	-2.41045843977	-0.809641436595	0.501452985067	1.35850822607	1435.01203821	76.8399449676	True	
1.0094733907	10.6882533589	5.41318518779	-2.44309611538	-0.774266703813	0.292954366713	1.3122501987	1399.13432892	76.0715455179	True	
0.605667730607	8.25568174526	5.81324446642	-2.3234259767	-0.793602261456	0.56692723904	1.56697892946	1751.43077014	75.3108300628	True	
1.42389034382	9.50743011136	5.79503154214	-2.42411581293	-0.795320939628	0.443526199058	1.86641782773	1484.06029372	74.5577217621	True	
1.39679498858	8.25594355635	5.13966118405	-2.44907906221	-0.746409339306	-0.0275284243538	2.26811200516	1536.69912155	73.8121445445	True	
1.22293817977	8.02401268444	5.35307718963	-2.34162327702	-0.790234565783	0.131896623941	2.72477437014	1563.05162146	73.0740230991	True	
1.93377081436	7.94063936297	5.87558621457	-2.42132084763	-0.809506354223	0.0704021594135	2.8262672281	1863.74640331	72.3432828681	True	
0.872323965278	6.79203330346	5.39147651767	-2.37096995968	-0.815229808504	0.395333647117	3.35163452023	1762.84667094	71.6198500394	True	
2.36575641461	6.32421692931	5.64372241869	-2.3835199189	-0.721795750943	-0.147703362563	3.59904788402	1590.85697619	70.903651539	True	
1.99870926053	7.02985560644	5.55059362226	-2.40151759841	-0.767047705998	0.11099070906	3.53936543475	1446.43023862	70.1946150236	True	
1.87390952539	6.61047790623	5.33558257474	-2.37420106108	-0.750230061991	-0.0999126950379	3.6676500993	1540.16932965	69.4926688734	True	
1.60525036943	7.62043713439	5.15185935255	-2.41509183966	-0.750320313398	-0.0358069386272	3.42844937609	1489.9781534	68.7977421846	True	
2.2967314292	6.52712161193	5.8566451103	-2.37988939406	-0.817976078954	0.285691749036	2.01915291631	1655.29292055	68.1097647628	True	
2.16367049317	5.67115776554	5.81410564604	-2.39257725553	-0.818749263828	0.640465398472	2.40365392801	1688.30292889	67.4286671152	True	
1.12562578736	9.84369577195	5.64700788255	-2.44570989367	-0.792751257081	0.399262333704	1.7368529489	1462.64191351	66.754380444	True	
1.46383472724	12.1435104487	5.05541207714	-2.4370519275	-0.750939872262	0.151657019316	0.93885191435	1616.65352678	66.0868366396	True	
0.65998072894	8.31570131664	5.20781066097	-2.34903025439	-0.741713701112	0.178440657382	1.10355705538	1635.20158375	65.4259682732	True	
0.638091380277	11.893898122	5.55286519843	-2.44696552928	-0.784684076773	0.259988306219	1.78844853146	1558.26372938	64.7717085904	True	
1.32293078869	12.9456900961	5.27021958799	-2.41531411672	-0.716060337567	-0.147769675682	2.23979517046	1571.28635956	64.1239915045	False	
0.951187417051	12.6168189634	5.42840429625	-2.36141678095	-0.773203227111	0.12645381081	2.28462633689	1458.31552305	64.1239915045	True	
-0.10491250965	12.0492969403	4.88586015787	-2.43588047313	-0.800175740271	0.620049311381	2.55269047807	1658.04030027	63.4827515895	True	
-0.12108118403	12.8916801746	5.28422596665	-2.44648505	-0.778608811286	0.748470896135	2.15316786097	1611.54308765	62.8479240736	True	
0.501747970722	12.6268871326	5.5714030416	-2.37428536692	-0.774714034601	0.559868479045	1.58032359345	1468.1813931	62.2194448329	True	
1.64475747491	14.9094875108	5.60413106644	-2.38618078107	-0.751300033811	0.0680484824285	2.18834449771	1490.25140932	61.5972503845	True	
0.780685692749	14.0407201314	5.17752586171	-2.40295221382	-0.794990132415	0.428501245981	1.61817365489	1502.92756478	60.9812778807	True	
0.860948080558	13.0120071321	5.69662615707	-2.36066550967	-0.784984756758	0.507870367414	1.86611641512	1471.77661319	60.3714651019	True	
0.792895889124	12.3223921759	5.90794177125	-2.43411719664	-0.83011794388	0.740122505636	1.07513777934	1633.83771222	59.7677504509	True	
1.65505353248	10.3572301304	5.64163039503	-2.43048790774	-0.739652558711	0.0391305969292	0.721230173839	1455.69681891	59.1700729464	True	
0.845620565272	11.4981893313	5.63432270021	-2.36494346323	-0.729544708484	0.375987924756	0.0807072434225	1405.95730895	58.5783722169	True	
1.62562191102	9.76913409131	5.56959702317	-2.37914355274	-0.67025036868	0.141639803625	0.0448852126018	1515.2739275	57.9925884947	True	
1.01970701313	8.69624836049	5.10609532353	-2.38721564894	-0.633455063826	0.196093107776	0.0431864976962	1955.48968588	57.4126626098	True	
1.45505163204	12.2449226044	5.38521089143	-2.40727837984	-0.734686140542	0.148516578654	0.218321107954	1433.78044883	56.8385359837	True	
1.03141816844	11.5179815247	5.11597862139	-2.36972746794	-0.685232940418	-0.0435434479965	0.618516809172	1556.12544284	56.2701506238	True	
1.3519234855	11.6779059358	5.53257406326	-2.41544110106	-0.727337146694	0.138255760365	0.152504407159	1401.29190496	55.7074491176	True	
1.27926296266	11.5364660551	5.78890453159	-2.37359554362	-0.749680801412	0.419317960828	0.323489207564	1457.72065199	55.1503746264	True	
1.59079411678	10.5690242921	5.50530583998	-2.40818074099	-0.740170919667	0.123051535642	0.515413065193	1394.32507226	54.5988708802	True	
1.24727643443	9.27455803627	5.79739499413	-2.46147588267	-0.535933149162	0.430148968437	-0.470039774426	1492.24866745	54.0528821714	True	
1.69767244086	8.05829910689	5.70661072608	-2.41499939349	-0.660674302219	0.131615848599	-0.13175136988	1442.24936721	53.5123533496	True	
1.44490223722	7.70738956076	6.01699154197	-2.40817626548	-0.661389421334	0.507866345372	-0.300388193053	1484.54770013	52.9772298161	True	
1.90810977726	7.36348531581	6.23129192235	-2.44636507379	-0.59525874613	0.41853762755	-0.368723875859	1539.90326301	52.447457518	True	
1.75055235103	8.65273083908	6.37206835009	-2.39795650254	-0.620466839739	0.526910231407	-0.262904230498	1687.54110832	51.9229829428	True	
1.09763062312	8.27815879026	5.76693016036	-2.37162505549	-0.773225943776	0.523148814242	0.125070230568	1558.30407699	51.4037531134	True	
1.68312006085	9.5480687786	5.7368579908	-2.40145117909	-0.771363823301	0.364917093662	0.534541796951	1479.8574476	50.8897155822	True	
0.909753682859	11.7071064788	5.45785872986	-2.44359680822	-0.773461114673	0.229142748975	0.632878212178	1441.66285853	50.3808184264	False	
0.928476765859	9.27299048125	5.33041588583	-2.35658110787	-0.64449401487	0.0746622254884	0.23632656076	1843.3876584	50.3808184264	True	
2.00761825079	6.33764255789	5.60745820356	-2.43160121433	-0.7686920574	0.432457802725	0.328677616326	1551.57480948	49.8770102422	True	
1.73543831003	6.32347309483	5.93727335159	-2.36789281007	-0.778643635415	0.579261720718	0.305599578566	1600.85975358	49.3782401397	True	
1.72186783191	7.97292844233	5.84672331604	-2.33455290782	-0.708062358181	0.203911902493	0.082131097031	1587.51957463	48.8844577383	True	
1.77233199829	8.90141767375	6.72935190104	-2.47769633254	-0.320805214899	0.814545610834	-0.666894094102	1591.88165482	48.395613161	True	
1.76520871622	9.66318451508	6.97433020754	-2.4334312515	-0.141984313915	0.712736456368	-0.728280957737	1586.69319748	47.9116570293	True	
1.30314872885	8.31086289014	6.87228407857	-2.46333140465	-0.29883064164	0.934130304663	-0.665496572348	1674.53970357	47.4325404591	True	
1.35753527076	10.8681881669	6.96027773595	-2.42588984937	-0.222315066685	0.905104229691	-0.705081683624	1554.53399073	46.9582150545	True	
1.48488478257	10.0636903036	6.73460861003	-2.46027649762	-0.332888415085	0.933667819155	-0.627115219247	1591.73799139	46.4886329039	True	
1.43000240768	11.8467200486	6.40406573212	-2.41026698941	-0.338315685063	0.694117300055	-0.654565194331	1485.76054016	46.0237465749	True	
1.69943581464	11.007102301	6.02189287192	-2.44606318899	-0.43790922696	0.496970753364	-0.522158000702	1548.86894847	45.5635091091	True	
1.38619732834	11.1396914614	5.93071182021	-2.43512277785	-0.65236856806	0.475032663688	-0.229712075735	1424.96158558	45.107874018	True	
1.27502778264	8.60886719853	5.71458351548	-2.40096253773	-0.641430379302	0.397518045252	-0.326211092814	1464.03755972	44.6567952779	True	
1.13028276314	9.84389004186	5.46644018562	-2.44070422588	-0.743624989953	0.0834199975703	0.704026882024	1493.20826866	44.2102273251	True	
1.59904637395	9.49829704246	5.60851298729	-2.4230738211	-0.707269545713	0.0350839968264	0.527437091317	1491.11616115	43.7681250518	True	
0.753887108987	11.4190388904	5.50460492985	-2.41252752639	-0.730600751202	0.425315903899	-0.0670844095601	1430.41081326	43.3304438013	True	
0.982020604539	11.2536244706	5.50142369272	-2.36888541713	-0.751658268569	0.371922825975	0.284570963074	1400.18874888	42.8971393633	True	
0.304444055494	11.6334765417	5.4027880331	-2.38309780378	-0.776621252477	0.556409931279	0.379240055961	1425.82387875	42.4681679697	True	
-0.260690032119	11.5627596965	5.05108852202	-2.44176046624	-0.783347691357	0.571017316522	0.617256858474	1597.89426119	42.04348629	True	
1.40947732204	9.83483022995	5.46428988633	-2.41796650372	-0.755362459246	0.146744029066	0.351531590102	1424.74469276	41.6230514271	False	
0.873163908604	9.22357215657	5.39621539534	-2.42518081696	-0.752980165309	0.34766855577	0.313005936027	1448.95066952	41.6230514271	True	
0.46875258218	10.013798069	5.45998454521	-2.39074714055	-0.72791662813	0.362663020059	0.27014982301	1536.88763562	41.2068209128	True	
1.41801783194	9.70774300749	5.3162108183	-2.42471231728	-0.777353688774	0.185481209756	0.675284646946	1445.96192057	40.7947527037	True	
1.29292401908	10.3981595486	5.4947150557	-2.43451734817	-0.773841897004	0.408205076733	0.705009001391	1453.16431103	40.3868051766	True	
1.61117311535	9.80222271353	5.2727991021	-2.42786288392	-0.781267760461	0.192786322223	1.29065830894	1477.28302404	39.9829371249	True	
1.21335815765	8.24259944628	5.34130666523	-2.36219557289	-0.775332340809	0.153105159341	1.29596586583	1461.0326737	39.5831077536	True	
1.68152259826	8.71787086835	5.32364286877	-2.44015019953	-0.737016483971	-0.136542708239	1.38255338139	1597.56561874	39.1872766761	True	
0.402128742578	8.63084008716	5.1601932751	-2.42269185587	-0.808918556027	0.537944977505	1.51801564821	1675.050637	38.7954039093	True	
0.955588760151	11.3985520098	5.32344747275	-2.37474437028	-0.807757164206	0.414936036294	0.982612988166	1498.33515782	38.4074498702	True	
1.83369121417	10.2821617864	5.57148960768	-2.39568354158	-0.776978864231	0.282706097472	0.847553990197	1509.09751283	38.0233753715	True	
0.755801278273	10.6657287547	5.32462669589	-2.37646206685	-0.766816247323	0.334956516663	0.632647209508	1402.13281657	37.6431416178	True	
1.23438934628	8.90258292693	5.25919183952	-2.36781240276	-0.741536075898	0.222365777264	0.364782644375	1491.37902751	37.2667102016	False	
1.08534199049	9.55259385192	5.54980155427	-2.39697586652	-0.749609946362	0.260137622003	0.309157816069	1408.123268	37.2667102016	True	
1.31656653973	9.83100983379	5.47761583651	-2.41552802838	-0.679417105488	0.267742919902	-0.14747398282	1413.80433557	36.8940430996	True	
1.26125896025	8.46196583444	5.40165276881	-2.38279680762	-0.6454208953	0.0541099334543	-0.186169468776	1571.31938431	36.5251026686	True	
1.74567483443	7.39266338869	5.27101306194	-2.44678428018	-0.677014424843	-0.135901949355	0.352467260494	1578.85474954	36.1598516419	True	
1.52414819463	8.84379867285	5.2628896359	-2.43936054484	-0.74518073715	0.0603190536939	1.89053279646	1462.90452623	35.7982531255	True	
1.24230709364	8.65033638958	5.29323084178	-2.37543202556	-0.759307460115	0.075270938904	1.90937574156	1439.39185482	35.4402705943	True	
1.40902772743	10.0923056575	5.32984337309	-2.41680969785	-0.768137407526	0.139858324915	1.71571575424	1385.82190317	35.0858678883	True	
1.44575063381	11.6018018738	5.41383900117	-2.392084021	-0.791382972182	0.306426457341	1.18303192032	1468.24020948	34.7350092094	True	
0.744580261213	12.5354615673	5.757330841	-2.41167491411	-0.805021375452	0.492636090574	1.03839424001	1425.55941339	34.3876591173	True	
0.494207195487	11.5737141312	5.74183510099	-2.39093818618	-0.755091253628	0.64410985684	0.470175456895	1536.9270141	34.0437825262	True	
0.869785082742	13.408710573	5.61189653578	-2.36877654323	-0.776449040273	0.411497195715	0.814264337202	1405.72000455	33.7033447009	True	
0.7050565119	14.3415403399	5.48476779046	-2.46494124636	-0.75263848996	0.493043228713	0.128037766046	1479.14260514	33.3663112539	True	
1.71741781865	14.2704161302	5.69539940661	-2.37536164436	-0.758742789212	0.173208599047	0.542065798558	1532.29970098	33.0326481414	True	
0.807696195278	14.5793025403	5.50490539425	-2.39993358265	-0.745999711127	0.296447362892	0.396039423132	1373.48335024	32.7023216599	True	
0.263570934612	13.4954913472	5.70835017044	-2.36090347112	-0.754702479136	0.489133354406	0.332789758602	1498.33288227	32.3752984433	True	
0.683367593829	14.6052422304	5.52038402211	-2.41381933301	-0.717839291573	0.337769952213	0.0704076073136	1379.13545284	32.0515454589	True	
0.831991496683	14.5786094385	5.55730114154	-2.4477667488	-0.741495083391	0.366140209047	0.145964550758	1412.96838223	31.7310300043	True	
-0.246937428625	14.4409974481	5.58588604125	-2.39999610851	-0.688980930404	0.770570559507	-0.148742400758	1445.14512681	31.4137197043	True	
0.723103300268	13.2819930173	6.06134686574	-2.4182053677	-0.632716168739	0.693936385251	-0.329581704364	1400.06433185	31.0995825072	True	
1.26443089641	13.3552203591	6.54750551175	-2.45259160146	-0.342437367388	0.9333887275	-0.617029401362	1537.99123247	30.7885866822	True	
1.8829931846	13.5270695955	6.677115368	-2.45635003516	-0.324153237573	0.837794638241	-0.64912081669	1588.20260752	30.4807008153	True	
1.74314183258	12.8214706655	6.11673675878	-2.45588120136	-0.493130714944	0.379618324774	-0.499668815336	1474.10939363	30.1758938072	True	
1.01881937092	13.2857451766	6.24185183589	-2.46202990751	-0.533785208182	0.713961418638	-0.476688763768	1443.72037464	29.8741348691	True	
1.13891930888	13.2304766078	5.87767355399	-2.4257096881	-0.640787574021	0.565145838537	-0.303009401888	1406.99143098	29.5753935204	True	
0.84266069831	13.6305206616	5.54963350809	-2.44184834138	-0.635852928839	0.300230771718	-0.281687896538	1437.29101185	29.2796395852	True	
0.713254638878	14.7799180236	5.67847987361	-2.45102081372	-0.740130609116	0.575466632899	0.0690376272934	1438.77796892	28.9868431894	True	
0.724964928199	14.1554969079	5.73213046414	-2.39413182655	-0.779145671757	0.443886391199	0.476043674273	1408.93797404	28.6969747575	True	
1.14629870092	14.1589080516	5.53958928813	-2.46496714142	-0.703568982648	0.454210113208	-0.0546578671594	1512.84513825	28.4100050099	True	
0.556451176232	13.1346195627	5.58272332947	-2.42954438038	-0.679182535988	0.486617819447	-0.181510516226	1372.88161357	28.1259049598	True	
1.14051515536	10.4592675955	5.82766986728	-2.47459703305	-0.687708964338	0.384024240863	-0.169515871364	1532.40756501	27.8446459102	True	
0.959295979526	11.6891742088	5.61905421677	-2.41246595018	-0.607842675598	0.323598017337	-0.328169189036	1379.40672946	27.5661994511	True	
0.734371017759	11.4743728179	5.61579180673	-2.4128988911	-0.685105674081	0.53645856419	-0.101360001804	1419.5784449	27.2905374566	True	
1.25709177109	11.7739706766	5.41184058134	-2.44601079225	-0.735220139845	0.23741996196	0.223173458158	1407.08405786	27.017632082	True	
1.28716517938	10.9112428393	5.4632581723	-2.40270511639	-0.731639983383	0.0559371261191	0.446499730499	1406.4543324	26.7474557612	True	
1.45248754895	9.43917255115	5.5197307815	-2.42350501931	-0.724338048902	0.164444051824	0.165669307756	1400.01503793	26.4799812036	True	
1.26032200362	10.7353239659	5.66749218263	-2.40809903717	-0.756361920077	0.374173074148	0.219573034817	1389.3124993	26.2151813916	True	
0.867961587099	12.805904491	5.42831758912	-2.40177080231	-0.735632580037	0.14226773392	0.634271171105	1415.84344148	25.9530295776	True	
0.645295109641	14.0391748922	5.50442175192	-2.40730107126	-0.698554545932	0.415608249582	0.00922354279327	1396.32024308	25.6934992819	True	
1.60596890826	13.5084666924	5.63089626268	-2.43384910803	-0.674823851205	0.154276696282	-0.161480754289	1490.31627943	25.436564289	True	
0.831328257145	12.305908603	5.56186381578	-2.43786248591	-0.708348924988	0.326308770407	0.123605104009	1409.44945295	25.1821986462	True	
0.51020598091	13.2950764496	5.27250588848	-2.41780301722	-0.57786169994	0.223851826639	-0.302627947783	1554.18320252	24.9303766597	True	
1.127367279	12.6179291498	5.90984481261	-2.38384872322	-0.693610227697	0.283158340389	-0.0594169926417	1462.57422454	24.6810728931	True	
0.918482107901	11.5480117495	5.54751893856	-2.41707324755	-0.66090763124	0.39789674598	-0.225815376536	1369.22593706	24.4342621642	True	
0.924670502127	11.6752733687	5.65832292936	-2.39640116088	-0.687619608746	0.420377987077	-0.104293876695	1363.79124206	24.1899195425	True	
1.58110625657	11.7479398426	6.14435120971	-2.44544497728	-0.634082190556	0.429242863888	-0.270018846277	1483.8421188	23.9480203471	True	
1.02010937175	12.5353764189	5.83811316747	-2.42329794632	-0.671637406277	0.567509150548	-0.225326096805	1384.83242195	23.7085401436	True	
0.691333956633	11.0783039084	5.75017398599	-2.40986258855	-0.689935570187	0.495020199014	-0.135731695649	1417.91316094	23.4714547422	True	
1.20120564133	11.5542569734	5.44980164109	-2.44952726136	-0.720899587355	0.317223348051	0.068280374975	1414.3085983	23.2367401948	True	
1.62812226359	11.6746154139	5.59008057258	-2.41696938247	-0.765760192506	0.221668420936	0.483682939106	1431.43448596	23.0043727928	True	
0.934263859313	11.8026302085	5.52464652807	-2.40038906787	-0.739105307693	0.180542993568	0.323650506471	1404.64179792	22.7743290649	False	
0.301913322696	13.8586069104	5.36322586858	-2.38609717376	-0.760169273579	0.398274766206	0.52783086476	1398.17408986	22.7743290649	True	
0.808883380747	13.3674464246	5.31525127975	-2.34473900446	-0.75644460104	0.183229485745	0.767736689944	1467.63436242	22.5465857742	True	
0.849075594879	13.920876707	5.1540427333	-2.3807212091	-0.723997206392	0.0678729301235	0.972922503834	1477.95168661	22.3211199165	True	
0.303310762394	13.9062319896	5.31534735872	-2.38770945984	-0.78497895416	0.469293271358	1.20858610981	1390.17690866	22.0979087173	False	
0.340075927715	13.606050561	5.49997937003	-2.39939566728	-0.785261969694	0.483105695224	1.53523702639	1377.83605208	22.0979087173	True	
0.446080899721	13.115945801	5.19558039336	-2.41680514582	-0.775652209833	0.374608892599	1.63935777437	1402.49704709	21.8769296302	False	
0.772880473798	11.8359588968	5.36229221255	-2.43021638742	-0.774456034275	0.311686502998	1.58728277636	1367.69132859	21.8769296302	True	
1.25391000813	11.5111552637	5.44130760635	-2.40799723379	-0.763542843726	0.159925188411	1.31407536127	1357.63727963	21.6581603339	True	
0.523643689961	11.3559910578	5.26892427869	-2.37195882706	-0.786908396917	0.311533496153	0.952344917444	1431.67173019	21.4415787305	True	
0.721602778071	11.6965714098	5.32624063386	-2.38062324188	-0.786085284926	0.307470536845	1.0378537398	1377.06941399	21.2271629432	True	
1.21120326694	11.3359064607	5.43273457094	-2.42929178316	-0.793163109954	0.329229866659	0.994950933327	1405.91783248	21.0148913138	True	
0.898257816946	12.1445738603	5.32100661579	-2.38600962306	-0.765524234978	0.257578430016	1.31870747599	1371.54919575	20.8047424006	True	
1.17669632955	12.8382293775	5.4607376382	-2.39722393813	-0.76868653688	0.213720813271	1.10095206705	1369.40726013	20.5966949766	True	
0.958754038875	12.4975453544	5.47744835845	-2.43417474449	-0.784344218969	0.256226009717	0.844902516543	1411.60002812	20.3907280269	True	
0.756553247079	11.3529510914	5.47982994565	-2.39635541542	-0.79635058557	0.491708564062	1.30256689076	1388.96237664	20.1868207466	True	
1.01048793166	12.4750450003	5.46949643206	-2.40276826937	-0.775777784986	0.288560653521	1.06004821681	1348.33235641	19.9849525391	True	
0.828994017605	12.7146744758	5.40780815636	-2.40181543743	-0.782275723797	0.459180404447	1.36845841688	1417.04508928	19.7851030137	True	
0.583567327182	13.1713746195	5.4037362085	-2.42070179417	-0.781937274398	0.381391718546	0.918967517217	1366.42957808	19.5872519836	True	
0.958932405031	12.0526274744	5.26597442029	-2.44542186364	-0.74791905646	0.158342226126	0.74389832374	1420.36892482	19.3913794638	True	
1.33941565455	10.798191217	5.33902131046	-2.35623351471	-0.727631621984	0.0240474977589	0.890950497501	1468.5006325	19.1974656691	True	
1.1823580646	10.4200130524	5.48810578694	-2.36543879294	-0.777324527863	0.28105711746	0.653907369146	1421.07824171	19.0054910124	True	
1.5435991245	9.76099311948	5.61495213031	-2.39257073997	-0.785888484302	0.130130425805	0.922137448745	1496.15115252	18.8154361023	True	
1.37528284699	10.1790110912	5.57760960313	-2.42244473337	-0.764394519419	0.301173697976	0.459515327008	1390.6832789	18.6272817413	True	
1.44813982195	9.81449182515	5.59039457267	-2.44259822293	-0.716291886422	0.1359382702	0.404864518294	1472.43549511	18.4410089239	True	
0.856048310846	9.76621799489	5.41957630987	-2.39108338463	-0.770292501039	0.288747587497	0.654236917113	1418.01733437	18.2565988346	True	
0.976605905393	12.1396700927	5.3488484829	-2.40040632239	-0.753246154852	0.252591759671	0.585895332837	1361.6631481	18.0740328463	True	
0.950196987796	11.5423032132	5.71856060908	-2.40178423291	-0.637361209822	0.381175100962	-0.287837587055	1373.7765436	17.8932925178	True	
1.42532620509	13.0221078237	5.85057041306	-2.4127599923	-0.661076267496	0.440414051599	-0.242337919598	1429.72117613	17.7143595927	True	
1.13316357754	12.6720028109	5.89925411276	-2.3890269582	-0.546913022031	0.405628171702	-0.47347341718	1442.19502262	17.5372159967	True	
1.08965107843	12.4311502912	6.16618471599	-2.45474986257	-0.458005923757	0.645134880012	-0.541829356198	1410.67642666	17.3618438368	True	
1.042681271	11.9458388998	6.11538396755	-2.39122508905	-0.540509654401	0.463719062207	-0.443032988309	1442.9155217	17.1882253984	True	
1.39187740374	13.6447405398	6.70352427279	-2.44449819026	-0.289688778602	0.729990073852	-0.660767348792	1447.14838582	17.0163431444	True	
0.56669707984	14.4956341126	6.14200254369	-2.43837297105	-0.408899742924	0.700156005218	-0.584994390718	1416.56692523	16.846179713	True	
0.418390380114	14.7058820934	6.01713327875	-2.41192693713	-0.530716142436	0.76564320919	-0.471962751058	1411.60928346	16.6777179158	True	
0.274608088594	14.138220358	5.732267872	-2.38828010763	-0.710661316734	0.681230006204	-0.0258449188084	1430.43480277	16.5109407367	True	
0.219473406196	13.0890470703	5.72784575642	-2.38968039404	-0.738860828916	0.710954090965	0.0382031962157	1412.60776595	16.3458313293	True	
0.530621631101	13.9861258582	5.40068863416	-2.39285957538	-0.708472594455	0.455052609945	0.0273118455844	1418.40866938	16.182373016	True	
0.986727458795	13.9626373997	5.84732347216	-2.37633438933	-0.737557642392	0.44780380886	0.0934756391564	1431.92655712	16.0205492859	True	
1.09190549468	12.2822558942	5.73661362997	-2.38605574309	-0.711903117291	0.409537241876	-0.0200312244866	1379.51444472	15.860343793	True	
1.48757586324	11.7157333998	5.77744447327	-2.41423264333	-0.699834899033	0.375517406373	-0.118847496482	1410.30525749	15.7017403551	True	
0.507747700357	13.1563358955	5.75771087044	-2.41240646122	-0.680887269911	0.595792779961	-0.127972045728	1396.09372183	15.5447229515	True	
0.986110224726	12.456006352	5.99431343303	-2.4074262155	-0.608424876925	0.497594010765	-0.347296980364	1378.55187731	15.389275722	True	
1.47358144536	11.4057813085	6.07108988772	-2.4580923636	-0.547474448077	0.52130412868	-0.476401520654	1445.44178036	15.2353829648	True	
0.919612792962	12.7531762324	6.03894297431	-2.42348787021	-0.48479140699	0.684308438381	-0.525196035855	1396.74325603	15.0830291351	True	
0.584902870223	12.8211127911	5.79721688285	-2.41479850022	-0.615445271906	0.648326279171	-0.363247477775	1376.81099348	14.9321988438	True	
0.898362867643	13.4920129335	6.12877520147	-2.41996804753	-0.41577762941	0.609871644571	-0.590227061116	1394.61877616	14.7828768553	True	
0.824179073181	13.7488910771	6.25844235028	-2.47288650505	-0.371520873938	0.878673381243	-0.618855910358	1484.16569214	14.6350480868	True	
0.679648422752	13.1522738611	6.08220828515	-2.42438517628	-0.36148036553	0.745276287973	-0.622328240075	1438.21153775	14.4886976059	True	
1.05963318082	12.867473448	5.91856932589	-2.39742407243	-0.702642132407	0.422329765159	-0.154890519837	1431.12041258	14.3438106299	True	
0.978468744032	14.3720308094	5.81222048557	-2.43591523207	-0.666453502907	0.436291421156	-0.230533155373	1392.97732626	14.2003725236	True	
0.786587824721	13.9946627991	5.63780712995	-2.42512243415	-0.611526076853	0.372300167394	-0.34705369642	1407.2477616	14.0583687983	True	
0.589451937551	12.1959911708	5.59300504888	-2.39925831712	-0.600285187964	0.508062278751	-0.329402498225	1416.66356498	13.9177851104	True	
0.833469100947	13.3982797656	5.60385643753	-2.4147551444	-0.699043537744	0.449460777503	-0.00831153736529	1396.45765508	13.7786072592	True	
0.586109457007	13.0059078359	5.56616154632	-2.35742200413	-0.712819871047	0.426116839381	0.0345661627773	1425.34815439	13.6408211867	True	
1.08355165071	12.9050448525	5.4086173286	-2.41200011038	-0.772475936906	0.216252955215	0.715832061378	1380.08907443	13.5044129748	False	
0.39598435953	12.5381774511	5.45603396939	-2.38575325623	-0.770973745542	0.415324281007	0.723234928333	1377.65735	13.5044129748	True	
0.972701596147	12.115263532	5.64015776864	-2.39650730526	-0.753770416273	0.375492104057	0.624659845891	1398.57707805	13.369368845	True	
1.23252320679	11.2159588701	5.67872492442	-2.39400391958	-0.760888590367	0.352012585995	0.3935905226	1377.8945288	13.2356751566	True	
0.849198386916	11.4069355818	5.5155103331	-2.40927146524	-0.770667227868	0.477097990591	0.340289691296	1382.12246322	13.103318405	True	
1.28167776723	10.6551132464	5.67097130545	-2.40578491214	-0.755953904894	0.430506486381	0.26807910511	1412.07641635	12.972285221	True	
1.3930215775	10.0503174156	5.45097091072	-2.41178089258	-0.753917651841	0.189125056733	0.430293272665	1381.67885648	12.8425623688	False	
1.20725791033	10.517839936	5.68133648882	-2.41672537432	-0.731003338077	0.354964185064	0.164235052778	1387.74281561	12.8425623688	True	
0.848181722002	10.8479861915	5.56569941379	-2.4429747392	-0.713861555314	0.518630816172	-0.137657190552	1464.82731832	12.7141367451	True	
0.848468460011	12.0186557014	5.54927758533	-2.39760785904	-0.695164930858	0.36659134435	-0.0718761681736	1352.46494991	12.5869953776	True	
1.41789702269	11.6881383146	5.67129661274	-2.40985910083	-0.693470180503	0.272286314254	0.00644197566873	1395.96559907	12.4611254238	True	
1.36508482038	11.0045282597	5.61448263472	-2.37470626754	-0.742561258889	0.249164653255	0.22162738828	1405.05620731	12.3365141696	True	
1.03460375173	11.3368857545	5.30437996026	-2.39777774756	-0.761155613596	0.23078783421	0.684263533662	1362.9971227	12.2131490279	True	
0.858624690705	12.0284151608	5.45968760343	-2.39601893199	-0.775097408569	0.386053543253	0.780586365483	1353.11841941	12.0910175376	True	
1.07169261675	12.3734403905	5.47188770596	-2.41309399655	-0.772325428601	0.32047914571	0.818988686196	1359.95945408	11.9701073623	True	
0.648014583899	12.0770197439	5.6162980756	-2.3804753588	-0.795239124373	0.468746185447	0.902888659899	1388.86163318	11.8504062886	True	
0.875681366133	12.3868727259	5.45378126432	-2.44716794398	-0.802495196665	0.445105890896	1.03600663315	1439.65689558	11.7319022258	True	
0.581277078103	13.0666278808	5.4495898481	-2.41511038403	-0.783630102476	0.375467236035	1.50837862395	1361.10123878	11.6145832035	True	
0.774031290478	12.3298313368	5.50081726525	-2.39520410732	-0.777099115059	0.360708057975	1.30286275381	1348.58748121	11.4984373715	False	
0.352116567235	12.3245380489	5.40776550256	-2.40331500131	-0.796263371243	0.536501450756	1.42259560813	1374.46356204	11.4984373715	True	
0.806599703942	11.5787750581	5.35022813668	-2.4055635339	-0.778008490846	0.334149014258	1.23594567185	1350.27153112	11.3834529977	True	
0.966883987408	11.8307444848	5.40796552727	-2.39892236529	-0.776878573949	0.271181912422	1.38184499247	1342.28087559	11.2696184678	True	
0.692764982763	11.9991614346	5.26853892233	-2.39154297928	-0.756171856949	0.213985956582	1.51814175803	1385.66480556	11.1569222831	True	
0.632653359726	12.0214255936	5.57191916883	-2.38480928628	-0.786767616106	0.456897870268	1.32668364002	1369.13504908	11.0453530603	True	
0.816426217972	12.4981725274	5.45532699482	-2.39496402705	-0.781568722316	0.341637355177	1.10284582146	1345.25000603	10.9348995297	True	
0.836316731272	13.4997215898	5.59515340756	-2.39756253859	-0.778833369036	0.358322064734	0.95286968263	1364.42091459	10.8255505344	True	
0.837524482241	12.5128221527	5.56618498175	-2.40823506288	-0.779741380806	0.398458349146	0.867422736526	1348.6302974	10.717295029	True	
1.30355400691	11.9052946007	5.47518184331	-2.41954138994	-0.759139304586	0.168189762213	0.927625455796	1370.04679931	10.6101220787	True	
1.03371979275	12.3593974809	5.37590619557	-2.39185958486	-0.759932387059	0.188140428618	0.571145999446	1375.37197781	10.5040208579	True	
1.01663986339	11.9591765563	5.55216662985	-2.4064526348	-0.792062404608	0.312177041694	0.868313723548	1381.69685935	10.3989806494	True	
0.98035037969	11.8186694138	5.51035768351	-2.41618341895	-0.770882047408	0.291340347754	0.507127449483	1361.04277943	10.2949908429	True	
0.804322879188	12.9146076551	5.44638426618	-2.42319456308	-0.763402540509	0.231182558468	0.7081909782	1391.60075402	10.1920409344	True	
0.821131395888	12.6814596121	5.57019972099	-2.42280848474	-0.770612543216	0.379375138114	0.551938391031	1357.35850884	10.0901205251	True	
1.12563606528	11.0270540468	5.5823764253	-2.39866217018	-0.758469108118	0.322329607135	0.383501963501	1358.42624379	9.98921931984	True	
1.26651180223	10.9637162087	5.51459614096	-2.41209057841	-0.752011114798	0.180650639117	0.426674868179	1367.32081292	9.88932712664	True	
1.01377730697	11.3938683112	5.42964211653	-2.40950790077	-0.746407359153	0.214530995892	0.423575198164	1351.74256333	9.79043385538	True	
0.864731760652	11.8025433041	5.40372960678	-2.40808558154	-0.754675194426	0.320970145984	0.463321518214	1347.75649775	9.69252951682	True	
0.175272985928	11.8530145055	5.410706603	-2.39324391449	-0.779264344398	0.58902523645	0.625373872684	1415.29531442	9.59560422165	True	
1.20441351385	12.2774907148	5.49888183304	-2.41492271845	-0.764996168467	0.213431466162	0.807166877812	1360.96039308	9.49964817944	True	
0.64347480477	11.6721239109	5.38812668168	-2.40656163968	-0.784128915394	0.432625572085	0.812823090066	1362.08172149	9.40465169764	True	
0.836024799128	11.9578710315	5.37250657768	-2.40082473603	-0.777354345516	0.290936482982	0.83278585678	1350.42286324	9.31060518067	True	
1.04666903954	11.3823454769	5.38906557417	-2.40123787409	-0.759098024809	0.230366825886	0.780055547198	1349.52531039	9.21749912886	True	
1.0229419258	11.846234808	5.50362684203	-2.41556870871	-0.775351527171	0.229535422092	1.06761114337	1361.0580529	9.12532413757	True	
1.08269715364	11.1632008777	5.44502051077	-2.39000272957	-0.767950734069	0.266599570888	1.27653509968	1362.33773291	9.0340708962	True	
1.04794780126	11.1008320246	5.37485018556	-2.41217276403	-0.777931308043	0.225249216954	1.39688035027	1351.83839696	8.94373018723	True	
0.831062478422	11.1882063156	5.34911220701	-2.38778569235	-0.769808623598	0.26093437692	1.16579100203	1358.2376622	8.85429288536	False	
1.10139288178	10.3975417696	5.37226479189	-2.41578833393	-0.764371025117	0.200155781898	1.07621800751	1365.62372976	8.85429288536	True	
1.25804946279	9.6480155892	5.54332693685	-2.39256236819	-0.768619055295	0.158812038268	1.33649409923	1403.84569806	8.76574995651	True	
1.30078097737	10.133214746	5.39577543168	-2.41836377007	-0.762709388353	0.0895762183443	1.21723377103	1393.67919724	8.67809245694	True	
1.29116395306	11.0287226382	5.5331560552	-2.40437466042	-0.777422109765	0.256675935186	1.3650529633	1360.12973455	8.59131153237	True	
1.03766520127	11.3958884204	5.39573462507	-2.3773078661	-0.766083358225	0.180381465371	1.26067653759	1367.68902586	8.50539841705	True	
1.11851858851	11.6025936636	5.5798627593	-2.36734479646	-0.769843878935	0.235827951096	1.15126850616	1391.16659094	8.42034443288	True	
0.956136717256	11.5114321398	5.47719970006	-2.40781197018	-0.77434070831	0.31545368125	1.27887581142	1346.74206272	8.33614098855	True	
0.945945219164	11.9235225854	5.41536602115	-2.39759512742	-0.767616656887	0.235536377576	1.19261284727	1346.25075404	8.25277957866	False	
0.651397122442	12.7459425397	5.62001328984	-2.40547286748	-0.78969523739	0.469197393014	1.28685149019	1362.65666425	8.25277957866	True	
0.632916178838	12.5335874808	5.34282936354	-2.38612177792	-0.773326465017	0.403239568346	1.23501761132	1389.3577837	8.17025178288	True	
0.816064892184	11.7787841013	5.45868433775	-2.40260496971	-0.776985397712	0.351703650213	1.00596052761	1342.15484687	8.08854926505	True	
1.24256666856	11.7242916675	5.55100901767	-2.4050591032	-0.756946569874	0.229817599689	1.07966282634	1381.5209791	8.0076637724	True	
1.14065503845	11.879354719	5.49486764374	-2.41014694493	-0.766470487939	0.272253548438	1.02125828327	1357.93691118	7.92758713467	True	
0.993879865411	11.9231446393	5.42219857324	-2.42650221925	-0.763366188754	0.246837074509	0.859681559118	1357.76224147	7.84831126333	True	
0.823427595751	12.3079608631	5.40823029313	-2.39603475663	-0.768534037122	0.288581674376	0.641751038209	1349.87369246	7.76982815069	True	
0.98398289876	11.8636620872	5.48736143518	-2.41365000008	-0.769749464062	0.351891688136	0.602727548393	1348.12751285	7.69212986919	True	
1.04633123753	11.3168751003	5.48860636241	-2.41916140791	-0.751413517979	0.314824821173	0.363303600785	1350.91508926	7.6152085705	True	
0.984256400272	11.6597620482	5.51936156295	-2.40830014008	-0.745724073963	0.326490676827	0.446132594594	1364.16956531	7.53905648479	True	
0.842114907733	11.5958062126	5.46499821051	-2.38438471593	-0.771962974264	0.364731671522	0.426768345843	1370.02323927	7.46366591994	True	
0.531193227115	12.7206272214	5.53273878883	-2.38529145625	-0.774809128558	0.471580396685	0.407567838969	1371.97641625	7.38902926074	True	
0.567895231603	12.7376666624	5.4844854098	-2.42327014254	-0.752425910702	0.422715495134	0.25475286387	1363.35817235	7.31513896814	True	
0.730506757655	13.0964665618	5.68470884338	-2.43290158018	-0.767035259532	0.484287639681	0.279416468003	1392.44229623	7.24198757845	True	
1.08544968184	12.4433913248	5.63626545026	-2.41117608548	-0.732048537732	0.316545724012	0.159620564928	1353.56407927	7.16956770267	True	
0.971509480109	12.2648971852	5.47106732966	-2.42142047938	-0.760533621346	0.377874554964	0.383501282636	1363.22149501	7.09787202564	True	
0.869248120576	12.3071277274	5.55743792289	-2.4077719502	-0.749369866209	0.336530521117	0.290540512676	1345.29409244	7.02689330539	True	
0.842126338795	12.1284957956	5.40724435788	-2.40015126126	-0.746561394087	0.268203195636	0.376060055769	1350.11023461	6.95662437233	True	
0.687106879	12.2965678112	5.43870377427	-2.39487044758	-0.72860191341	0.395501313428	0.108558210064	1358.64518757	6.88705812861	True	
1.009871917	13.217381211	5.43183852751	-2.4248920856	-0.749909858787	0.232919092708	0.343147415002	1379.93494707	6.81818754732	True	
0.703448031549	13.6231310994	5.52190641449	-2.40794455577	-0.776902585612	0.438949092828	0.885086218031	1367.4281767	6.75000567185	True	
0.696884271914	13.8180913241	5.5517307038	-2.38769095369	-0.779674223662	0.483363408395	0.651458124912	1384.21427611	6.68250561513	True	
0.867756598184	12.7482267932	5.45887183367	-2.40582162667	-0.765315154779	0.286165790572	1.00879496924	1354.84298845	6.61568055898	True	
0.699898862351	13.6141049134	5.51074938639	-2.41058599518	-0.785435088412	0.368967101803	1.25859131892	1361.62916969	6.54952375339	True	
0.50347987083	13.1757959374	5.48513215872	-2.39566383111	-0.793821693194	0.49859874251	1.48242406253	1364.07604301	6.48402851586	True	
0.596049725205	13.4244064552	5.4281807285	-2.39651396853	-0.797492419904	0.458672625465	1.67827310319	1371.92668205	6.4191882307	True	
1.01480758627	13.6613551017	5.57747108311	-2.41192694726	-0.795151292612	0.419913894908	1.58251139767	1392.58036436	6.35499634839	True	
0.699866338677	12.6592200071	5.48435785557	-2.40456813571	-0.787258093426	0.380596412068	1.69659019643	1346.04866156	6.29144638491	True	
0.930011366605	12.9663234543	5.36758462248	-2.39729991753	-0.774410673579	0.291753958067	1.7020461591	1368.27360053	6.22853192106	False	
0.6050343192	12.8376139894	5.62956409603	-2.38541127282	-0.795173137622	0.401358758011	1.7247371501	1399.65780718	6.22853192106	True	
0.678166536475	12.5740696629	5.54327276089	-2.38800660053	-0.788502106039	0.481056435531	2.09304510679	1371.80166501	6.16624660185	True	
0.833849042679	12.0823734903	5.48844008724	-2.41564633781	-0.77764790468	0.311410450669	2.17679274837	1350.6364761	6.10458413583	True	
1.20314034492	12.6808528118	5.37546145496	-2.41161548841	-0.776402760266	0.20447989174	2.34783188837	1376.45981217	6.04353829447	True	
0.728710261423	12.5333184881	5.33608071623	-2.41707039141	-0.782698357413	0.328852545765	2.6143787712	1355.74797265	5.98310291153	True	
1.02988604054	12.9284632223	5.55412685303	-2.41010365149	-0.777849376386	0.26149626505	2.51646658232	1362.67007127	5.92327188241	True	
0.934146546369	12.4160951193	5.53511964449	-2.39954093391	-0.786867689976	0.306521526565	2.3394751243	1350.00497595	5.86403916359	True	
1.04186845275	12.3744429795	5.43853281442	-2.41287310488	-0.785173240523	0.306429300865	2.49896023306	1355.87863015	5.80539877195	True	
0.798692570239	13.190759409	5.42924483963	-2.39628366246	-0.779493161732	0.275550780675	2.71085456685	1357.29897322	5.74734478423	False	
0.844797237165	12.9610168396	5.44761173701	-2.40890710469	-0.794894778227	0.34683721472	2.58429092742	1360.52691242	5.74734478423	True	
0.840866638476	12.7591022378	5.4620635813	-2.39937609426	-0.787139083073	0.313790634198	2.55225455599	1348.98809782	5.68987133639	True	
0.809557823164	12.032651306	5.48051736537	-2.40825178386	-0.78303040799	0.365852051486	2.50191498625	1344.30569662	5.63297262303	True	
0.945916540268	11.129155068	5.39361306847	-2.3947546824	-0.783946217478	0.268374997884	2.83970541849	1349.72565772	5.57664289679	True	
1.07512496263	11.4747609846	5.44146883109	-2.39123396074	-0.776640031286	0.215258992224	3.00427879539	1349.1579419	5.52087646783	True	
1.3306849183	11.0777334324	5.42840687971	-2.40644113692	-0.771739542136	0.209603654241	3.12168216688	1367.93321401	5.46566770315	True	
1.2568854712	10.9894854841	5.37489799131	-2.41735300993	-0.773722508183	0.168761111536	3.32676134928	1361.46091913	5.41101102612	True	
1.18284563255	10.6959351576	5.39370414934	-2.39759677377	-0.765135700266	0.176471487185	3.3220777013	1359.14164453	5.35690091586	True	
1.10382111348	10.4528978699	5.57412958001	-2.40931913689	-0.782774789746	0.324136649763	3.43037249189	1377.17486803	5.3033319067	True	
1.26420745663	10.6131686849	5.54431576011	-2.40156296393	-0.781886352134	0.28274640083	3.22932043343	1368.10359008	5.25029858763	True	
1.20849883106	10.7045630864	5.51401775699	-2.41426081389	-0.777363336492	0.225797186951	2.87989211528	1359.47156495	5.19779560175	True	
1.27165634026	10.6147794646	5.497767288	-2.40315997018	-0.770852397593	0.256729281667	3.11976711349	1376.71917877	5.14581764574	True	
1.08981865372	11.0106813963	5.41443402782	-2.39959231881	-0.783366803528	0.277946267509	3.03487509234	1351.94297728	5.09435946928	True	
1.11845905434	11.4236244802	5.44425946888	-2.40392460684	-0.769594783826	0.205174046486	2.80852246024	1347.64464074	5.04341587459	True	
0.864117478538	11.4285041233	5.38208785647	-2.40341746919	-0.774936790986	0.341530813721	2.73941454854	1365.8110914	4.99298171584	True	
0.923607977936	11.6385632638	5.46063004185	-2.40354810805	-0.779445437109	0.32633498507	2.87356416038	1344.98869753	4.94305189868	True	
1.10197964062	12.0151854663	5.50417413214	-2.39610066515	-0.772714437428	0.227657322704	2.65998103988	1352.46547837	4.8936213797	True	
1.12132741298	11.858599822	5.52068256882	-2.4007834105	-0.773989720256	0.229815166778	2.85667045722	1350.93934901	4.8446851659	True	
1.16076060244	12.0040734718	5.4810179453	-2.41135061933	-0.774677909731	0.208887435677	2.8025052189	1353.40512826	4.79623831424	True	
1.01988067674	11.0885583801	5.41573204837	-2.41314343498	-0.773491783693	0.248045655664	2.73895220428	1349.26058447	4.7482759311	True	
1.14590361832	11.5964386065	5.50593287139	-2.39816751487	-0.78156047841	0.268109952809	2.79169566309	1348.91743691	4.70079317179	True	
0.864658392294	12.3040283949	5.48261968294	-2.40565825931	-0.778656753512	0.32280756528	2.53426316886	1344.68320815	4.65378524007	True	
0.941559102116	12.1711493904	5.50003108407	-2.40484050984	-0.788137450214	0.354181877982	2.52469850694	1345.56596395	4.60724738767	True	
0.942851140779	12.5053476783	5.53142858009	-2.41806976204	-0.780059329394	0.261626392578	2.47841112337	1364.94316608	4.56117491379	True	
0.842399125973	12.6252306344	5.47573701489	-2.41730348752	-0.783941971117	0.398890529178	2.50079564399	1362.92472086	4.51556316465	True	
0.684828973283	12.4032074793	5.4934397143	-2.39228568736	-0.782850938018	0.363422716687	2.48641485607	1350.26942629	4.47040753301	True	
0.828096576809	12.8069419701	5.45445235629	-2.38112630935	-0.784574557832	0.367301067437	2.53631678236	1367.67602492	4.42570345768	True	
0.719884079949	12.3193677166	5.48794052601	-2.41986145746	-0.784987482741	0.373975920054	2.67594043856	1353.24942497	4.3814464231	True	
0.557780376423	12.4741257641	5.50625488447	-2.39592145174	-0.791694401339	0.478449083585	2.75697428357	1356.81283087	4.33763195887	False	
0.8221085176	12.1635860262	5.44699026874	-2.39862583706	-0.783443716444	0.324319235237	2.65096134693	1340.45650219	4.33763195887	True	
0.768725990141	11.9279281602	5.30001502761	-2.42008081234	-0.766318768185	0.242939875191	2.71698599292	1369.39750197	4.29425563928	True	
0.862884743658	12.2994749682	5.43308552158	-2.41090680402	-0.779586950187	0.254525562864	2.69730442461	1352.56124987	4.25131308289	True	
0.653221059753	13.1136035235	5.34557992716	-2.39463675281	-0.779399190264	0.285988331144	2.58783230203	1363.6018913	4.20879995206	True	
0.738618877844	13.1571636061	5.41205438643	-2.42317684097	-0.789343967839	0.337920954543	2.67662648582	1365.81523296	4.16671195254	True	
0.86389692455	12.98930465	5.373508842	-2.39261941231	-0.779480616492	0.271798403485	2.71257749886	1357.19639041	4.12504483301	True	
0.731627493808	12.8003226874	5.4492407069	-2.39202253619	-0.772530570795	0.305590132309	2.68306523577	1360.76414203	4.08379438468	True	
0.601444728799	12.9031070324	5.45100879953	-2.40161442	-0.788484991601	0.399207804683	2.54397633019	1349.93903288	4.04295644084	True	
0.771012894399	12.981647771	5.5028874675	-2.40959281716	-0.785721496283	0.360810449471	2.66850887177	1350.28274622	4.00252687643	True	
0.586821258874	12.7374719722	5.42127408671	-2.41304241806	-0.790608795702	0.389007000328	2.65185495134	1355.04505941	3.96250160766	True	
0.56440487757	13.0293575941	5.43423577195	-2.38058798144	-0.789301500248	0.381648824004	2.7666380453	1365.20731534	3.92287659159	True	
0.651362583679	12.8452417579	5.43145775483	-2.39748875589	-0.793359498104	0.383841726265	2.65288065023	1353.04682098	3.88364782567	True	
0.868960956263	12.8423584689	5.40129758042	-2.40359693679	-0.774016476486	0.290130528207	2.73211068276	1354.81737264	3.84481134741	True	
0.614851743697	12.5942270044	5.41859765788	-2.41601285807	-0.787704364523	0.41513133436	2.49464498314	1354.09603805	3.80636323394	True	
0.943180304546	12.7230339587	5.43902691228	-2.40354637346	-0.781990479438	0.273348651117	2.35431143242	1349.4150309	3.7682996016	True	
0.671919917177	12.9682033088	5.50101184599	-2.40087870087	-0.788042606888	0.409897446813	2.38455717242	1350.53307679	3.73061660558	False	
0.955145724798	12.1656045212	5.44403666395	-2.39959194242	-0.777960726952	0.268269982619	2.45799142077	1342.7836903	3.73061660558	True	
0.968488763282	11.788321314	5.53057699169	-2.39332488445	-0.777075439222	0.288589102009	2.34851460399	1349.40996639	3.69331043953	True	
0.851433196354	11.8745146283	5.45626417358	-2.40415738501	-0.783504974709	0.311810942977	2.45200460037	1340.2477181	3.65637733513	True	
0.774857053735	12.147318194	5.46989401534	-2.39942512705	-0.788791889044	0.340075060496	2.54812993722	1344.28134972	3.61981356178	True	
1.03671476694	11.6606680473	5.55017266809	-2.4213848326	-0.79217307894	0.350909773907	2.56016164136	1358.7802782	3.58361542616	True	
0.889541165069	11.7539536238	5.53973737339	-2.39251239063	-0.778172896071	0.262418839212	2.66472706613	1365.177977	3.5477792719	True	
0.897131481924	11.6879540186	5.54507076627	-2.40258271262	-0.786667041687	0.357162569121	2.57053596129	1346.78367725	3.51230147918	True	
0.962493925103	11.5019177662	5.42746578808	-2.39090615283	-0.778171577877	0.295567085976	2.79636890483	1348.48039818	3.47717846439	True	
0.951776212094	11.753224022	5.4217662272	-2.39880919082	-0.774620109098	0.27497084597	2.72659806962	1343.99594243	3.44240667975	True	
0.839032379218	11.8059850736	5.46411192654	-2.39659270102	-0.787414616213	0.355810140995	2.68619942112	1342.62728697	3.40798261295	True	
1.04160140286	11.7916658175	5.45414322706	-2.40485575824	-0.776719905409	0.251864764403	2.6197016403	1342.28837189	3.37390278682	True	
0.872794286233	12.0464853879	5.41635669219	-2.40868232772	-0.781934156568	0.314570509434	2.50536111286	1341.33635136	3.34016375895	True	
0.681838311069	11.93330292	5.44916126644	-2.41459823625	-0.786831672289	0.353693754564	2.49814438425	1353.50626167	3.30676212136	True	
0.830712148828	12.6814950742	5.4291977526	-2.40382053507	-0.775821696944	0.28355425116	2.53546468466	1348.53948591	3.27369450015	True	
0.782905345872	12.6866801127	5.47753145024	-2.39608434647	-0.788766180307	0.373186467382	2.59784639047	1347.19344066	3.24095755515	True	
0.758955668826	13.1912011336	5.45452698375	-2.39525994885	-0.782967434008	0.340470652138	2.74028208442	1352.37391885	3.2085479796	True	
0.651841548379	12.836370549	5.47245728731	-2.39777068317	-0.786482916049	0.373352731315	2.74069467543	1349.52605078	3.1764624998	True	
0.854799385849	12.7025166727	5.49098162637	-2.40359900566	-0.776422770021	0.257498252007	2.57586996957	1359.96469534	3.1446978748	True	
0.646162146552	12.5001403923	5.41652022599	-2.39970819505	-0.781714869543	0.376584194079	2.65837840937	1348.58810021	3.11325089605	True	
0.980599379335	12.2636597989	5.37293257112	-2.41286750968	-0.776560444944	0.224655588731	2.79790396599	1351.94864464	3.08211838709	True	
0.809253969332	12.6950607165	5.44884825466	-2.39858194698	-0.790091409834	0.344287242339	2.75600740285	1348.318684	3.05129720322	True	
0.80777680733	12.8726522116	5.41630366851	-2.40164253029	-0.785276624866	0.328067970881	2.93222050069	1348.48381798	3.02078423119	False	
0.895649509176	13.0182877263	5.38495809072	-2.40061156913	-0.775976975223	0.271850747459	2.88216865777	1355.51035206	3.02078423119	True	
0.730622980288	12.228292934	5.34396471446	-2.40604269729	-0.788927092967	0.351401810587	2.84732770819	1350.89488749	2.99057638888	True	
0.401317174557	12.9707865392	5.33870308351	-2.40301028346	-0.795225498705	0.447938156469	2.88364629536	1368.88033251	2.96067062499	True	
0.626360505835	13.4030752738	5.43067376326	-2.40135462193	-0.785400297121	0.379297835399	3.12588784998	1354.88489125	2.93106391874	True	
0.780485954413	13.044519237	5.44476691133	-2.40869338893	-0.788793200588	0.324737529185	3.0187225503	1354.37586991	2.90175327955	True	
0.649905936184	13.0216049948	5.52559095518	-2.39689907456	-0.78529331585	0.418629394264	3.08066307194	1356.50416785	2.87273574676	True	
0.812659009805	12.5186453832	5.45184457675	-2.40156261471	-0.783071884169	0.31425840219	3.0949834557	1343.51900988	2.84400838929	True	
0.733560136319	12.3212347861	5.4459510037	-2.40764936876	-0.793295057661	0.378409386699	2.97499545217	1347.03096557	2.8155683054	True	
0.863753032458	11.8347114634	5.48450558819	-2.39296680221	-0.793529326051	0.336788087777	3.03732226024	1351.29641999	2.78741262234	True	
0.785509178109	12.095573909	5.47220115947	-2.39895273868	-0.787495766803	0.352462409996	3.09249585567	1341.45156596	2.75953849612	True	
0.907886939844	12.1032124854	5.44505121039	-2.40142084539	-0.784417476014	0.336776585108	3.19028562863	1343.87941863	2.73194311116	True	
0.865790546893	12.0182677604	5.48192445209	-2.40940423113	-0.79055667313	0.347890561242	3.133758146	1343.72386483	2.70462368005	True	
