Parameter 1	Parameter 2	Parameter 3	Parameter 4	Parameter 5	Parameter 6	Parameter 7	Potential	Temperature	Equilibruim
0.898602046887	9.45211250856	6.40338482791	-2.54945118028	-0.310645362446	2.37144623103	-0.639305881236	3827.93452924	13660.2691073	False	
3.46767644867	0.529828057419	6.305444429	-1.31631131324	0.21439610713	-0.353956631315	3.24946764738	28894.2353353	13660.2691073	False	
0.865935166303	6.84474573533	5.88029550048	-2.06502530553	-1.0962791496	0.0155782192072	1.95387306799	18917.6238086	13660.2691073	True	
0.393218160404	8.55778459996	3.75140262403	-1.64216789794	-0.231366649324	-0.589313009731	0.4337884936	11898.864754	12977.2556519	True	
-3.89739599479	9.0441040091	5.8272264672	-1.62801742744	1.02913580322	1.3165731394	2.00906341566	44962.6625391	12328.3928693	True	
0.487704046796	9.42802321964	6.62460456408	-2.09352150549	-0.604699958107	0.667746699709	0.549338358731	8026.34048073	11711.9732259	True	
1.62853500875	11.2269428993	4.10085347168	-1.27110132093	-0.0493442815139	-0.776873792393	1.75440666475	15571.2644625	11126.3745646	True	
-4.05488281405	13.2621947371	3.71447934241	-1.30244605487	0.538239093602	0.969893575095	0.706381303094	12000.3751483	10570.0558363	True	
-4.32374825926	6.54678675331	3.71284411075	-1.51304873533	-0.139465043209	1.15107487601	0.0715844813522	16404.1821641	10041.5530445	True	
3.26040028271	4.49578080046	3.46186105782	-2.58501213474	0.810135706185	-0.755015865278	0.894062139451	11352.8643065	9539.47539231	True	
2.19695497165	1.14418899462	5.20361913188	-2.35693783538	-0.750807760262	1.1272931446	1.26259265719	5390.42718416	9062.50162269	True	
0.959202477699	1.18896899836	4.80085735848	-1.64254777674	2.20508416159	2.44688880688	-0.415008279638	23549.2418415	8609.37654156	True	
1.75400124033	1.40283956103	3.62478297671	-2.11287193731	-0.642637818911	-0.538823468647	0.971054691094	6366.19709236	8178.90771448	True	
-2.46671558258	12.665277515	4.14314801312	-1.71451519409	1.72734603555	-0.0416281115464	1.05883011971	26165.6486443	7769.96232875	True	
0.0180094587095	5.22375994109	4.52372683634	-2.76369761991	1.94350716055	-0.539712885701	0.995906992447	11076.6232399	7381.46421232	True	
-2.87304614769	13.8738796067	5.1553080427	-2.64681880579	2.11180513709	0.536261646403	2.91975921921	10980.964944	7012.3910017	True	
0.860716800501	5.84287489469	6.18255262224	-1.20536486623	-0.538281613472	0.446853404353	-0.209366262345	12881.910398	6661.77145162	True	
3.75884348489	10.9846143489	6.65580097924	-1.61304347436	-1.03101573894	1.88573512492	2.26522332283	17733.6652458	6328.68287903	False	
2.47919292649	13.6656274566	5.62845099787	-2.67487202831	-0.847827299048	2.11001042078	1.34315697238	5969.98781335	6328.68287903	True	
2.55099657154	0.576570663599	6.37487798286	-1.8657360239	2.02623308001	-0.786886974614	2.50263712662	7342.92301808	6012.24873508	True	
0.92576747315	10.5080857188	5.27146539189	-1.72647887176	-0.810471934639	1.24837947242	3.22145218047	10118.8593962	5711.63629833	False	
0.0878983468066	12.8378542375	4.86453572138	-2.19163702629	-0.59016931616	1.34427102285	-0.388208899025	5327.47095698	5711.63629833	True	
-2.0724835468	4.4858374991	3.73488887036	-2.5685925016	0.31401406142	0.409004351574	-0.256324790453	18215.4570617	5426.05448341	True	
2.91231587878	3.16306485277	6.16777231924	-2.83442383104	1.76043239681	-0.753358520272	2.40845779234	12674.8870833	5154.75175924	True	
-3.68701441175	8.22988497543	4.28999824605	-2.12466625344	-0.756769327731	1.49553458633	1.48097768277	8508.22651944	4897.01417128	False	
-4.04008898767	12.2727787598	5.15993168618	-2.44222224401	-0.116847355153	1.55099742093	-0.36626485225	6478.63098732	4897.01417128	True	
2.48872783949	6.88834988895	5.57433063966	-2.47687588856	-0.52010984454	1.86082041214	-0.0553190606136	9005.49789148	4652.16346272	True	
3.49825948212	10.3202863501	4.53201621437	-2.36262640608	0.828665758056	0.645020812901	-0.661806531808	15520.370324	4419.55528958	True	
-2.62658296043	5.69458125778	4.95785060114	-2.34250474828	0.267131569231	0.256645098426	2.13773816749	17269.6550555	4198.5775251	True	
-3.45022570582	11.5854156767	4.35380282196	-1.22285447983	2.18206990626	0.771245752333	2.48076309435	14599.59983	3988.64864885	True	
1.50217488323	5.66771081771	3.87173218015	-1.21681427089	-0.795354546149	1.1637148916	3.46606096622	13795.4555022	3789.2162164	True	
1.41317513636	5.85198465369	4.72948228496	-2.69588173966	-0.382306407511	-0.613345750554	1.410811047	6025.25796961	3599.75540558	False	
-4.4842690127	12.8124358076	5.23835056994	-2.29666873004	-0.7955504126	2.71443090184	-0.32460435091	4217.20284385	3599.75540558	True	
0.338061203615	13.9969798605	5.1464709393	-2.67430091666	1.39944712389	-0.671925594451	1.75323300718	8827.30452625	3419.7676353	True	
4.24303627644	7.85692557609	4.54671206439	-2.77185666654	-0.0379174827235	-0.626800824175	2.68083977218	10511.0286086	3248.77925354	True	
4.96666867135	4.29073404268	3.27512085593	-2.1420454146	-0.824893998015	2.25645554403	-0.209501176212	10516.9299724	3086.34029086	False	
-2.72048036186	14.2345345595	5.70206503682	-2.14514885822	1.88712034306	1.64717558552	-0.634855952403	10772.2213246	3086.34029086	True	
0.132742229031	14.6372245817	5.57737402775	-2.6638602738	-0.0460743532567	-0.428286183168	0.715577388045	7860.29919369	2932.02327632	True	
2.18765799061	12.8627812023	5.0884416536	-2.416092583	-0.775071101612	0.432151898923	1.89449911527	2340.78836636	2785.4221125	True	
1.69919178324	9.74999084649	5.65091348226	-2.58351793939	-0.929057403407	2.06148448737	0.279070947857	6591.83167022	2646.15100688	False	
4.29890495556	11.028151575	6.78022934633	-2.44928398342	-0.554777937587	-0.125500550056	1.69104494773	5734.46723196	2646.15100688	True	
1.95861368334	14.3505394266	5.21228737668	-2.2068654799	2.70068613148	-0.745256132526	0.811287254632	5913.07044774	2513.84345653	True	
-3.46737319296	12.429138535	4.62043911421	-2.65019141938	-0.541480641801	1.27328739232	-0.0256217056365	5424.85479281	2388.15128371	False	
3.64734188312	3.13929884197	3.77394041667	-2.50696158347	-0.212335018901	-0.842340823012	1.63794028869	7735.63493932	2388.15128371	True	
4.70080214338	3.90756087827	3.83499760458	-2.43338650028	-0.697181493065	-0.386613746882	3.15105269053	4684.77376383	2268.74371952	True	
3.02757373168	14.7752353573	6.73953511196	-2.39008547538	-0.37366361321	-0.650493824435	2.40172311367	3864.62308897	2155.30653355	True	
2.66115276554	6.47216156001	4.6260318616	-2.34030417821	-0.681345017033	-0.00888267227843	0.570497997097	3032.95367633	2047.54120687	True	
3.57573831318	7.49614399177	6.74511125906	-2.14160394763	0.583616201422	-0.496986378798	-0.597726405518	7041.42256734	1945.16414653	True	
0.507258856996	9.29345051355	6.35825865166	-2.07735531165	-0.556137448295	1.53207517993	-0.236798367004	6236.66470476	1847.9059392	True	
0.636970079152	11.2920233669	4.04834089643	-2.44797867829	-0.891728015751	1.37027199629	0.905916629199	5248.93177519	1755.51064224	True	
2.08159495371	5.98200618242	5.75258922107	-2.34652404163	-0.789712414676	1.74652862756	2.48283542809	3418.40622437	1667.73511013	False	
1.88711342835	8.53716999372	5.0326457404	-2.54780691623	-0.732079052088	-0.0279486447947	3.45693721335	2131.78422383	1667.73511013	False	
1.26407069331	13.2386607459	4.57180349316	-2.3610449072	-0.535147760447	-0.273314725994	3.35366602175	2902.81564128	1667.73511013	True	
1.46419284447	14.1601300528	5.75291762813	-2.19944737305	-0.790045941141	2.14592200095	0.757620419543	5672.82927462	1584.34835462	True	
3.91289693479	8.4606342723	6.74392008651	-2.36019010399	-0.401926345103	-0.61785726924	2.86863031436	3782.14735562	1505.13093689	True	
2.42021664614	10.9095149895	5.58882545417	-2.57813186415	-0.14639510244	-0.749867816621	0.899599215163	4240.75632616	1429.87439005	True	
3.40675951584	3.0172862948	4.64687823743	-2.33519714315	-0.889316326752	0.662053014741	0.955050632488	3583.41838798	1358.38067054	True	
4.23737427842	2.12420088329	6.63827553826	-2.16808024352	-0.121881121423	-0.752771167245	1.21481078933	6584.70645421	1290.46163702	True	
4.38719201706	13.5567100747	5.22478335532	-2.29679931672	0.658615228082	0.809787900426	-0.839364972822	10350.7335565	1225.93855516	True	
3.81179339823	11.2829471355	6.46391485372	-2.54782936021	-0.660412741777	2.31948661809	0.0434060137596	5854.28532613	1164.64162741	True	
1.78982687911	12.8278487449	6.48198668703	-2.5188956543	-0.957986369388	0.619518707364	1.87836481682	5702.75335435	1106.40954604	False	
-1.79828910944	14.3964890614	6.2510531077	-2.4559033232	-0.861141110016	2.19645041293	1.39895220258	2906.63888104	1106.40954604	True	
2.33732550846	10.4951868202	5.48557666703	-2.41237341065	-0.684056407627	0.692970027489	0.695746841968	4116.35917602	1051.08906873	False	
0.625537344631	9.91749018389	3.77959063908	-2.52279402966	-0.838473253054	0.210169353901	2.39616222915	4036.2221713	1051.08906873	True	
1.37847002556	12.669921272	4.043247156	-2.18809475103	-0.178665747828	-0.655652170101	0.0219893031318	6120.64629624	998.534615298	True	
3.54514864251	7.37865830295	6.8758233678	-2.04754584379	-0.756055012033	0.39014086239	2.08901286483	6010.29481998	988.549269145	True	
3.29066449464	8.75466912952	5.92241515779	-2.39098421055	-0.774105515575	1.15756440337	3.46659287708	3299.77954099	978.663776453	True	
1.56533292596	4.34433363252	5.60816539535	-2.27153127389	-0.894786630933	0.0756553694112	3.27997290329	5101.02554828	968.877138689	False	
-0.261832320586	6.89679859051	3.76635072346	-2.33780838723	0.81748041351	-0.474196130104	3.14382876216	4595.25323645	968.877138689	True	
-2.01790210941	10.4574515602	3.98049586358	-2.27187730782	-0.279536576594	0.170699188785	1.02922768967	4861.44363323	959.188367302	True	
-0.970848595633	12.305708905	5.76082380052	-2.64041568964	-0.610523641	1.04898115506	-0.388947872727	3598.96116882	949.596483629	True	
1.77817672583	11.9674311027	6.06025864603	-2.12896014053	-0.188878411189	-0.520203814273	0.780043590728	6032.4074323	940.100518793	True	
3.79868755255	5.60444800407	5.83530019528	-2.46444813671	-0.277903590902	-0.617020982388	3.63804655685	3074.86307547	930.699513605	True	
1.50601215407	4.40852738273	4.73924964235	-2.55576664479	-0.899832493203	0.254517796515	2.68683609786	5083.34314205	921.392518469	True	
3.59378188439	5.97942800163	6.7770886409	-2.58827010157	0.273218282505	2.16015836606	-0.804180747109	4055.47649715	912.178593284	True	
3.89997421203	1.2954985673	5.99582525515	-2.31510980999	-0.857832184411	1.38181671212	1.41629328336	3958.47952655	903.056807351	True	
0.69584265783	11.3070975418	4.67448378913	-2.257412084	-0.817649627421	-0.196242780844	3.53757914266	4183.64369722	894.026239278	True	
-0.226933687625	12.8403811794	5.15429128555	-2.46321016187	-0.721280713131	0.444241023669	3.05268961976	1987.07188365	885.085976885	True	
2.87642875259	4.14844661699	5.38264022681	-2.55079888484	-0.473151880121	-0.555108683943	3.09445190463	2801.08480606	876.235117116	True	
2.58102679629	13.2466302401	6.2145421027	-2.25678780332	-0.750044669149	0.280229612112	3.65210208708	2928.33253125	867.472765945	True	
2.74246572455	0.0137982936657	5.38693555822	-1.63690633938	0.187784625822	-0.728072477345	2.05529807979	5899.99954092	858.798038285	True	
2.29691479354	3.58187455461	3.67330624471	-2.52318660735	-0.842573283043	-0.0163517459246	3.30000734205	4989.55528599	850.210057903	True	
3.76586982322	5.59177370117	5.22606351699	-2.50149574346	-0.734356857056	0.15133217244	1.5411128062	2700.48836909	841.707957324	True	
3.62945189527	2.13240327159	4.99531619777	-2.45142099721	-0.334456261012	-0.545891976543	-0.274351570698	4279.21438021	833.29087775	True	
2.04769410407	5.42178382813	6.36441036042	-2.32082399603	-0.575469773525	0.515207510952	-0.482119505414	2266.98911672	824.957968973	True	
-0.750759950123	8.23861703737	3.58817355227	-2.50178850442	-0.649195628395	-0.041558441681	3.1895785031	4247.43076542	816.708389283	True	
-4.77603524145	12.8392890519	3.05130576619	-2.31074780428	1.09822312157	1.33512278157	3.27512110506	5809.33623796	808.54130539	True	
-3.86298910523	14.8920660967	4.10903000307	-2.52799855762	1.33058089942	0.897882634638	0.986864010423	5615.8923696	800.455892336	False	
-1.25961069837	10.2970301094	5.54635685078	-2.30616260168	-0.781791985636	1.65309143598	3.40460022137	2920.32521479	800.455892336	False	
-1.4006732043	9.71416984591	5.31925162058	-2.61736239288	-0.848845557912	2.55158561365	1.93243716697	5524.8182972	800.455892336	True	
-0.698815205694	14.1392299239	4.14610307725	-2.4216167361	1.36117622784	-0.350551374913	2.9338517937	4334.76149852	792.451333413	True	
-2.46011442274	12.4209035904	3.64647757453	-2.580273502	2.50035390352	0.276282492513	3.66955021531	5439.93964637	784.526820079	True	
-2.85041575757	8.72346232286	3.97762709324	-2.40449082292	-0.681392635062	1.07538780253	1.21687998847	4203.84614162	776.681551878	False	
-0.428931306952	13.2211944245	4.59515082744	-2.29589705885	-0.554255793839	-0.249545437894	1.84804345344	4443.47971654	776.681551878	True	
-2.81308577227	14.3558950033	5.79361127107	-2.37271717086	-0.707574524534	2.03524242279	1.67025721949	3713.5092184	768.914736359	True	
-2.01835957753	11.9385224138	5.16681074042	-2.34435207962	-0.763408807835	0.778786688679	1.88217403978	3278.07829666	761.225588996	True	
-3.72833046697	11.2363300313	4.52566980279	-2.40859157358	-0.771184369653	2.13018148013	0.464455509276	2966.13516332	753.613333106	True	
-4.58494689327	13.6807875382	5.86657678713	-2.40799416095	-0.838404764517	2.58883965582	1.48240003	2791.46123065	746.077199775	True	
-2.89286463125	10.317361122	4.48985803486	-2.30318904875	-0.779091225977	2.16966688748	2.09205272565	4118.358757	738.616427777	True	
0.983853545362	11.9303667083	5.35615898489	-2.38844618671	-0.427652299813	-0.43145623724	2.5170761765	2862.48483242	731.230263499	True	
1.46714048646	10.6720482784	5.12981275375	-2.55835007424	-0.249284228811	-0.628500997878	2.60316925387	3562.35631236	723.917960864	True	
3.23032877465	7.36704711341	5.31760092709	-2.26623438639	-0.279490796322	-0.644714681168	1.07575953937	3723.62761594	716.678781256	True	
3.15665073375	9.40562252902	6.74720338586	-2.49666777878	-0.374156469921	0.705992578064	-0.569501805395	2185.39052642	709.511993443	True	
1.52235345117	9.92750366137	5.79064551318	-2.36093328952	-0.868730493136	1.78836883481	1.34824007199	3634.36314909	702.416873509	True	
-2.58330233489	10.0003427971	5.05136021938	-2.57109739553	-0.698911114438	2.74407114847	0.503766183076	7039.36800469	695.392704773	True	
-1.80999457664	11.5646219108	5.51378282305	-2.44277942453	-0.706261243115	1.60646058146	1.18233629693	3805.96069312	688.438777726	True	
-0.261632066666	10.1623270287	4.9525178284	-2.55436319068	-0.802767319079	0.48834077024	0.722197039266	2604.10332126	681.554389948	True	
-0.545122534612	12.3037664322	4.91193551504	-2.38107709323	-0.704332752586	0.767927429435	0.608892296062	2487.35848447	674.738846049	True	
-2.42621348992	10.0147401545	5.15104059728	-2.44078640715	-0.750850858887	1.79058227416	-0.228283095203	3147.3414287	667.991457588	True	
0.28754382845	12.5280819236	6.36928821417	-2.5214948561	-0.338916439205	0.727895804168	-0.365875184614	5234.71013013	661.311543013	True	
-0.860771959513	8.40225519512	4.88662444545	-2.18775781063	-0.720965690975	0.392200055835	1.38476737359	3390.13520959	654.698427582	True	
0.0817821149559	11.4076668985	3.92675601658	-2.36710931952	-0.897719408813	0.254142082759	0.975071835378	4916.70091715	648.151443307	True	
-2.95885864714	14.5940026017	4.81802481212	-2.45068994066	-0.807296644593	1.62285336321	0.273297501234	2101.44922696	641.669928874	True	
-4.12819876294	11.9975342272	5.84866884038	-2.42367941648	-0.723741672804	2.66939896279	2.5035425804	4518.90547278	635.253229585	True	
-2.27706687665	14.8763598992	6.21169938887	-2.42593395049	-0.845771933879	2.9950185028	3.46506127625	3644.65565472	628.900697289	True	
-0.190927987773	11.3061314572	5.51110457489	-2.5023169627	-0.853323488163	1.40878220222	3.64990299015	2658.78323888	622.611690316	True	
1.62493202348	6.94102725608	5.3044109282	-2.39457809314	-0.797466697716	0.406935135533	2.47122892521	1568.15965512	616.385573413	True	
2.20724967993	4.08502105227	5.55815146111	-2.4177206738	-0.285502554855	1.02320077837	-0.637821786948	3271.47910693	610.221717679	True	
4.64229654989	8.39301753748	5.14045291551	-2.39482798347	-0.795907115707	2.54335918388	-0.154462904968	5233.1933237	604.119500502	True	
2.73822185188	4.65094720853	5.60600728541	-2.31611677122	-0.479774500021	2.74864467617	-0.440801160438	4168.08777065	598.078305497	True	
3.04507314371	3.7244814395	5.74858205385	-2.37022819713	-0.627392944573	0.177248109466	0.0747738780939	2536.79833696	592.097522442	True	
2.91826691856	5.19536955457	5.85333718073	-2.43937309088	-0.795807018961	0.618796138273	2.3310344717	1895.61913304	586.176547218	True	
1.06624574462	6.45042054637	4.62024665576	-2.54416212482	-0.781550767953	0.177485042035	3.06621073501	2602.73588974	580.314781745	True	
2.28376625505	10.1568337825	4.71275529342	-2.44702852716	-0.78393183301	-0.133954187773	1.8881642642	2406.06413369	574.511633928	True	
3.91632900988	3.39085621211	5.69997411745	-2.47677017089	-0.653986420022	-0.375395388317	2.56607190034	2198.93173673	568.766517589	True	
0.992298191447	6.28406043722	5.27435674241	-2.24029118327	-0.797655372106	0.324718195073	3.46328257597	2154.05509245	563.078852413	True	
3.24302568212	5.43434370828	5.45764156424	-2.49187334059	-0.767350466676	0.0757773213566	2.1424125872	2003.84814619	557.448063889	True	
1.75234079429	4.06980577973	4.81143030382	-2.30691074027	-0.819174878831	0.458580206279	1.11384492031	2689.06007571	551.87358325	True	
3.2388239317	4.02381366615	5.57451374554	-2.36136756587	-0.681492051425	-0.0124699201181	1.65112593041	2250.15340406	546.354847417	True	
1.49693294664	8.24123292291	5.28987430707	-2.4190730266	-0.789715834978	0.115008330075	3.11190356316	1489.26885984	540.891298943	True	
2.12127488913	5.19059649922	4.85498495639	-2.29304118402	-0.405578025052	-0.643829851397	3.13250465834	3061.38118012	535.482385954	True	
3.73902203677	6.4865009056	6.7145835251	-2.37703871096	-0.810745830237	1.36346580651	3.66698158967	3135.84365656	530.127562094	True	
2.1854948743	14.5614637373	6.34564047175	-2.59688987685	-0.707276318205	-0.0173887099699	2.51990488666	3328.87276239	524.826286473	True	
0.327970104446	13.3875141114	5.88442816218	-2.40461404914	-0.835993734015	0.891529584796	1.54207956547	1640.09595408	519.578023608	False	
0.261633511808	10.8346960326	5.9017219775	-2.4245766225	-0.847757234186	1.08337998042	1.79063670115	2026.52836466	519.578023608	False	
1.99875880727	5.45463066135	6.16250032618	-2.32892601174	-0.762123168631	0.0775114247919	1.86092253455	2165.53042482	519.578023608	True	
2.4586483031	13.3130862705	6.06166175122	-2.41051301883	-0.83363758476	0.574535810737	1.62495876526	2122.99973099	514.382243372	True	
3.45403969853	9.24637930858	6.66307834664	-2.41824309878	-0.72564881255	0.8823991368	2.89390937267	3962.05091256	509.238420939	True	
0.214052099934	7.19958436108	5.90387008685	-2.51362444272	-0.720559064235	0.49903602606	1.56000404093	4130.34717591	504.146036729	True	
3.76957283972	13.0094883334	5.8403766217	-2.55611145238	-0.772644064791	0.372436838668	2.96866744558	2878.70073127	499.104576362	True	
1.72140215216	10.8521433797	6.53651503037	-2.16169730864	-0.715183903503	-0.0477302270111	1.53034664966	3815.34361965	494.113530598	True	
-1.94018705449	14.0171506003	5.62627097179	-2.4738201673	-0.831707735323	1.46730882479	1.86960676025	2006.60963927	489.172395292	True	
1.30268952942	11.3877250578	6.4813321587	-2.50648837987	-0.781207637893	0.325278459707	1.21056248237	2500.52875152	484.280671339	True	
2.74675641992	14.6437555814	6.85854241208	-2.46415144675	0.156412738355	0.489139220716	-0.753203569111	2090.77435155	479.437864626	True	
-3.41836755354	14.3888779862	6.16823552121	-2.29642542219	-0.710101728761	2.232354468	-0.423009415506	3400.59399699	474.64348598	True	
-2.33169550392	13.5564432088	5.33318496451	-2.48470244937	-0.621679173276	2.10364025217	-0.392220674421	2583.81391717	469.89705112	False	
0.766716282098	12.9889946541	5.75577581758	-2.33771921479	-0.613548188405	0.0596957879289	-0.207537735421	2004.2411683	469.89705112	True	
-0.0899952905574	12.4177602268	5.10744269794	-2.45978770711	-0.781691231824	0.829878558699	0.768396290774	1784.68599199	465.198080609	True	
0.502130976452	8.03941445795	4.24540880703	-2.53087781269	-0.78878277165	0.801000350414	3.89510743278	3782.54070415	460.546099803	True	
4.66853585679	11.3379466836	6.01289217649	-2.41643373767	-0.770630161494	1.48555703923	3.79851835226	4246.12007446	455.940638805	True	
3.35344023411	12.1042650719	4.98213225714	-2.4369389132	-0.888647034604	0.106310158302	3.33833493385	3901.27524331	451.381232417	True	
2.28540524517	12.3395418355	5.42917869595	-2.23995681723	-0.63193462953	-0.292403148635	0.0373494342522	2796.10328316	446.867420092	True	
1.652254089	9.0904801018	5.80121843859	-2.38447264921	-0.466838946271	-0.451298043492	0.751797232847	2635.76444395	442.398745892	True	
-1.58044511612	13.774736009	5.74449651407	-2.48848348138	-0.732110561611	1.03281858587	0.0612478486066	2552.91800855	437.974758433	True	
1.04243450126	7.06579020027	5.19176517103	-2.45564204995	-0.479627496677	0.341167260066	-0.498437984593	1952.38652938	433.595010848	True	
3.03018617744	5.19529933682	6.14526419335	-2.43135165665	-0.729574861008	0.113209461278	0.277548355585	1784.99403041	429.25906074	True	
2.74060111184	0.513911823619	4.64196954369	-2.25255008983	-0.665331914097	-0.435263465991	2.25425675974	3673.65624072	424.966470132	True	
2.46026664462	10.1268587776	5.15112440657	-2.46016242766	-0.849890652407	0.509814975286	0.725292875243	2621.01170233	420.716805431	True	
2.94844887491	8.27551726258	5.34570929565	-2.50138252636	-0.798777725931	0.547695667587	0.754265660122	2401.78826153	416.509637377	True	
2.48110649402	6.83555037274	6.37846255207	-2.28633209533	-0.565185707668	0.662302893972	-0.3659490771	2269.58627098	412.344541003	True	
2.48867758089	5.54648498874	5.09730142166	-2.53194689193	-0.653170808252	-0.235585729091	0.595862122288	2199.69884894	408.221095593	True	
0.410772896842	8.51076106841	5.31306047654	-2.40209285497	-0.678801192863	0.216158026642	0.098118916754	1790.20317117	404.138884637	True	
3.36527525034	3.51132293958	6.00499610147	-2.35458301553	-0.468398557034	-0.413051789822	0.155833483372	2754.30623928	400.097495791	True	
4.48317724948	3.35900564567	6.35476759196	-2.45246349757	-0.79168309598	1.09660735292	0.308065133637	2637.46257941	396.096520833	True	
3.2941301384	10.5342508227	6.92953372085	-2.55807631153	-0.195783594444	0.269065199227	-0.605258381174	2689.35563078	392.135555624	True	
1.48971966968	14.0075366782	5.22576588184	-2.49273109166	-0.771643209449	0.944501562266	1.48981932823	2946.87037746	388.214200068	True	
1.11230979632	11.0008664328	5.13936407609	-2.30838522278	-0.581199777117	-0.300389852209	3.2894955059	2165.94998122	384.332058068	True	
0.795047747768	13.8890245859	5.13438303898	-2.41123959178	-0.810542931957	0.229752448502	2.01391577007	1583.5045469	380.488737487	True	
3.47980463056	13.8395495692	6.798757893	-2.31982781884	-0.802318060637	0.627669384646	3.66005797255	3290.18761072	376.683850112	True	
3.64425197867	10.1037335894	5.90712442197	-2.38666449307	-0.776295374588	-0.0133335903686	3.24167985927	2347.43971719	372.917011611	False	
3.43126969527	8.18716766882	5.96106186789	-2.39915279532	-0.834719253127	0.952458392896	2.79449986032	2643.94097858	372.917011611	True	
1.88803992446	14.1561371229	5.58615150516	-2.2115321231	-0.78938442998	0.505504944216	3.95642034912	3064.23956204	369.187841495	True	
1.84123769822	8.51855712948	5.57569254799	-2.34415597961	-0.889580319594	0.999648202688	3.14808793507	3065.55941965	365.49596308	True	
2.51199838101	7.26060491361	6.09860957532	-2.46727550671	-0.809865223769	0.67966888268	3.54931980743	2006.34073766	361.841003449	True	
3.33355114655	12.8267699867	6.53091358187	-2.32468991275	-0.860702499883	1.40951596972	3.83533496535	3770.32661927	358.222593415	False	
4.51073560045	13.1583162188	6.44076718652	-2.48658599681	-0.843631129128	0.39875929642	2.51993665084	3178.91287109	358.222593415	True	
3.0513172655	8.25590322029	6.09264102362	-2.42256458641	-0.783364146351	0.329606580798	0.850356332256	2013.70168002	354.64036748	True	
1.76804933655	7.25380541141	5.54685263637	-2.41246247785	-0.851174383729	0.531219520799	1.87882901787	1887.48838757	351.093963806	True	
3.60934067236	3.07302141947	4.93342597763	-2.3891006025	-0.698383113585	-0.256529149996	2.37966212519	2072.07457982	347.583024168	True	
3.54039542141	3.45346307517	6.01242501006	-2.2185716169	-0.80177325804	0.415011604997	2.30049645167	2664.8704987	344.107193926	True	
2.27439407322	5.73626896722	5.91600541437	-2.2952299553	-0.815725514905	1.37985605064	0.887948864987	2655.18511772	340.666121987	True	
1.35310333579	7.57501291673	5.95453853263	-2.51660791093	-0.730647598267	0.874040517513	0.0695721199052	2152.84076882	337.259460767	True	
2.74298907977	8.27627856212	5.10725828478	-2.37976919405	-0.76011981092	0.537613557698	-0.0260470646536	2622.58368795	333.886866159	True	
1.49837580421	7.68967271703	4.96272272486	-2.51992068376	-0.449810567517	-0.57736338731	0.952822551444	3149.80528512	330.547997497	True	
1.32535267355	11.4881548866	6.25317688178	-2.3648699959	-0.375281810095	0.595807335538	-0.546663261703	1762.7145387	327.242517523	True	
1.61941245376	12.3885595662	6.12460253748	-2.47105687645	-0.793112758803	0.834256997952	0.879755460985	1928.436195	323.970092347	True	
1.86179966403	13.1793419591	5.30045335587	-2.38036801085	-0.56301907642	-0.446055621128	1.41974770377	1965.04596646	320.730391424	True	
4.87028468274	14.2160614205	4.55888791143	-2.56129016333	-0.813823920009	0.152445328878	2.30203280942	3941.21093496	317.52308751	True	
2.35917492224	12.7553314306	5.79531182011	-2.45766204963	-0.738520340352	-0.0935728271174	3.87655410171	1763.50466128	314.347856634	True	
-0.582203150312	11.9788479768	4.87043681742	-2.45052867841	-0.798949737369	0.453284925008	3.38468809512	1906.17047331	311.204378068	True	
-0.390087650367	13.4140151465	5.30944711993	-2.41810739077	-0.813148486372	0.800456527219	3.04447482459	1484.48383125	308.092334287	True	
-1.22953681278	11.4826335496	6.11341801795	-2.39399905144	-0.812013180488	1.36070113851	3.20029734704	2290.85445501	305.011410945	True	
-1.80649470884	10.5823741547	5.38397874359	-2.44681871158	-0.815315977159	1.41615231055	3.90991033704	2278.21389033	301.961296835	True	
-1.41266188368	13.9236952791	5.20669959172	-2.25504159139	-0.799702193759	1.0205446293	3.7629844204	1982.93209872	298.941683867	True	
-0.28821744318	14.5788578602	5.39633066747	-2.38335472777	-0.876310382134	1.02144953545	3.29808855316	2205.48842021	295.952267028	False	
0.203458708982	11.3591787794	5.05003966307	-2.34474710762	-0.806773061194	0.706877765221	3.88577040937	1811.37558612	295.952267028	True	
-2.30467992285	13.7191283509	4.40547564296	-2.52513618091	-0.754717031645	0.922501337186	3.88748539922	2677.02978082	292.992744358	True	
1.54678578082	10.0356123381	5.73264766822	-2.43417096725	-0.660519224232	0.058991013927	2.31553966286	2416.37746143	290.062816914	True	
0.0186123352254	14.0363741222	5.46519390172	-2.40196566118	-0.838366418923	0.762984066942	0.698384990884	1715.30064372	287.162188745	True	
2.13013843985	13.2703165554	6.14222484511	-2.50574066155	-0.52111665	0.140153669344	-0.448291552675	1810.96818244	284.290566858	True	
-0.712321006623	10.6989392892	5.1924806448	-2.37907744891	-0.776110744961	1.06823662836	0.552521407265	2001.33378629	281.447661189	True	
0.363783023039	12.9661519958	5.5178458377	-2.47849120111	-0.817204087513	0.754404693468	1.28578851283	1631.64222417	278.633184577	True	
0.324160000808	11.0144098872	5.60648036783	-2.31576566998	-0.758517336677	0.362205437164	2.01479962231	1793.81731413	275.846852731	True	
1.28704567406	13.5566368454	5.19920384856	-2.28079198582	-0.75415717979	0.0544621163416	1.48460114957	1855.21069996	273.088384204	True	
3.13935211904	8.59145750044	6.27305399249	-2.53298975658	-0.77963544647	0.896447463332	0.604900108658	2775.61948582	270.357500362	True	
1.48837696317	10.659700722	5.491707264	-2.39402905385	-0.860905986308	0.958329551405	1.60015229759	2439.40072106	267.653925358	True	
0.778685246883	14.4857968998	6.28304820336	-2.46547738787	-0.771977653416	0.437326197799	1.61322262834	2086.22383854	264.977386105	True	
1.15827943364	13.1389043683	5.38269702495	-2.35964552958	-0.742711221227	0.150943521894	1.19208749843	1480.63328779	262.327612244	True	
0.995730287373	10.406124154	4.94895266296	-2.38731560852	-0.650547102678	-0.210841867399	1.35569452514	1719.97862685	259.704336121	True	
1.02905070775	14.5166783252	4.74520459301	-2.37977455181	-0.695900447792	-0.129194168117	-0.128039691182	2697.5469841	257.10729276	True	
2.28278814435	9.37872315824	6.31003607576	-2.41756134886	-0.394359511671	0.786620445246	-0.603580140706	1803.7673656	254.536219833	True	
-1.37961895656	12.3644828784	4.81248062971	-2.44565526393	-0.798118177203	1.28533392881	-0.142993801102	2825.48136275	251.990857634	True	
-1.45722748496	12.5309598344	4.73491729796	-2.4722634953	-0.754848055573	0.581885278429	1.59177034839	2391.53608096	249.470949058	True	
1.44697982062	12.1289841782	4.95523184242	-2.49500678964	-0.792440262665	0.219777204729	2.76636226776	1872.90723422	246.976239567	True	
0.264067962551	14.1351596787	6.02594963042	-2.43452175161	-0.749123405767	0.831711002645	2.06443238087	2067.38285654	244.506477172	True	
0.746373661726	12.0312980806	5.76566179075	-2.31762883522	-0.743140789586	0.284969538308	3.84852319204	1794.72797232	242.0614124	True	
0.415764985878	10.428269291	5.29637926898	-2.43363745138	-0.735702608665	0.320100635064	3.99324966863	1703.52759498	239.640798276	False	
-3.11004217755	14.7248439953	4.6784072635	-2.43385871148	-0.814905363639	1.63745831632	2.60230296822	1915.52783466	239.640798276	True	
-4.17793098091	14.8581143484	5.6211884	-2.36255094005	-0.806745958529	2.2566343753	0.951113030469	2240.46020767	237.244390293	True	
-3.37619559874	13.836664348	5.35423183498	-2.40878873197	-0.858198728729	2.05699937738	2.72064534986	2279.32729087	234.87194639	True	
-2.00804028314	13.5341070181	5.04106942342	-2.46612226879	-0.78081203236	1.35025216074	3.35350618606	1913.332083	232.523226926	True	
-1.4406137009	11.8413492625	4.23102621001	-2.47878331344	-0.753842352313	0.621713015398	2.83559106135	2364.77061276	230.197994657	False	
0.165405851088	12.6792641251	5.09236980219	-2.36709618293	-0.751454649902	0.255847067	2.01382865168	1515.74062802	230.197994657	True	
2.26700585525	13.6053670837	5.76704679425	-2.4151918644	-0.57295233825	-0.468284425282	2.25995106493	2166.15328523	227.89601471	True	
3.02144556239	13.5542683504	5.6116935166	-2.40712330062	-0.808944398751	0.334545720118	3.44318260577	2173.25939376	225.617054563	True	
0.0310630683032	14.1135264047	5.86155035072	-2.41494179598	-0.738694738383	0.668049384547	2.51857446199	2034.87921871	223.360884018	True	
-1.62296721569	12.4357630214	5.88253777045	-2.38137405931	-0.820306315558	1.16835220619	3.2444360124	2520.85989417	221.127275178	True	
-0.143623534584	14.647289477	5.35255596708	-2.3403559707	-0.772498629693	0.500466791406	3.15851869999	1553.59249849	218.916002426	True	
-0.543058256144	10.6796070306	4.53348940332	-2.35390616321	-0.818570287335	0.693290523454	2.9194436483	2130.17829855	216.726842402	True	
0.704355313045	10.8519517927	4.74401345576	-2.38427868449	-0.769025306132	0.239272921265	2.73968482168	1685.31711491	214.559573978	True	
1.95186098583	13.649981474	5.15697838971	-2.44759134666	-0.562256176877	-0.398710629428	2.27273270326	1938.17193322	212.413978238	True	
2.48782218492	14.6713030684	5.55192397403	-2.47285980682	-0.740564272857	0.303713892559	2.67048076691	2282.22642588	210.289838455	True	
2.04625704269	12.4659966841	5.73472715947	-2.52498619915	-0.727130626128	0.0104909456406	2.35182510616	1979.36873688	208.186940071	True	
2.15587316866	14.2705189092	5.76539400828	-2.48811121882	-0.786269765566	0.212651816904	3.84157816402	1769.41014705	206.10507067	True	
0.619863183436	11.9391039546	5.39340070769	-2.45836953951	-0.807928830406	0.702457339675	2.90924117702	1604.98588404	204.044019963	True	
1.83356156329	11.9791568551	5.46860528718	-2.46407021728	-0.740407523622	-0.09945956056	3.95717934467	1614.0988865	202.003579764	True	
1.69776983239	13.9153924575	5.72911717795	-2.40599046835	-0.759746316582	-0.0192479684169	3.58328712604	1593.12896705	199.983543966	True	
2.7509176812	14.7058295454	5.95963197414	-2.50461169146	-0.666014942896	-0.154685666466	3.46337709866	2352.47434177	197.983708526	True	
1.52332864628	13.0477393129	6.11988327768	-2.48201359364	-0.763288821281	-0.0148702531965	3.89460763573	2291.9472045	196.003871441	True	
1.75263238983	13.4781099195	5.73590705949	-2.35214650828	-0.79964472671	0.534180070597	3.62519203737	1858.18725862	194.043832727	True	
0.0405095967162	14.3605449096	5.57586790794	-2.50444077325	-0.816883863905	0.932194164239	3.06586212324	1821.75749554	192.1033944	True	
-0.823491269428	12.6828285272	5.34003421029	-2.36785572251	-0.782502862819	1.11176243642	0.881957360976	1763.81866858	190.182360456	True	
-2.70391043765	13.0173573013	5.24390373535	-2.42296852611	-0.784303235419	1.89650267245	1.18131680866	2204.73037626	188.280536851	True	
-3.37351599962	14.5787122831	4.89814695806	-2.35848562045	-0.679232999176	1.92883306035	-0.254957590502	2058.20030287	186.397731482	True	
-3.02402837405	14.3736232003	4.38800609751	-2.35569554256	-0.851018426765	1.79852291583	2.77763240292	2656.08622521	184.533754168	True	
-2.00586412163	13.5324185585	4.86409323552	-2.45767803588	-0.748858814843	1.01284197984	1.46089765114	2026.09683749	182.688416626	True	
-2.25596476584	14.4537629912	4.82673798862	-2.4587939069	-0.809447148359	1.2861963481	1.93306100743	1864.3863707	180.86153246	True	
-1.76862849112	14.7645691884	4.88616472693	-2.35600166696	-0.548665297206	0.684573930684	-0.201673668595	2534.22044547	179.052917135	True	
0.197114128083	13.1611322167	5.31279911711	-2.506735	-0.752986432335	0.500745879903	0.336466250049	1704.74958732	177.262387964	True	
-0.953674938107	14.5321819601	5.36431878279	-2.35880353487	-0.811015145307	0.945683935166	0.490088101826	1651.80601507	175.489764084	True	
2.40208138404	8.16493287627	5.53488238244	-2.58608505882	-0.764589200973	0.642178464544	0.378972279857	2849.15815846	173.734866443	True	
1.91224945072	7.09515262459	5.55795111859	-2.41785245021	-0.769285875982	0.694922342302	0.342916176399	1835.28523374	171.997517779	True	
1.19191717984	7.82978148197	6.00244616149	-2.41626127045	-0.712817478436	0.334795584563	-0.143367442514	1739.57731195	170.277542601	True	
1.89094774558	8.72760375419	5.78992056989	-2.43760981729	-0.765424467791	0.461077483543	-0.0219314488068	1731.48566001	168.574767175	True	
0.975066578088	8.98774785792	4.8623799835	-2.42238004755	-0.752482301166	0.309603960459	0.135574894099	1792.75563355	166.889019503	True	
1.11694590274	9.59096276312	5.25203338072	-2.50479388585	-0.788842183667	0.27415745247	0.503421791847	1789.33285634	165.220129308	True	
1.37898049962	7.34918984074	5.79156161435	-2.33469016132	-0.23094176152	0.742553920655	-0.647108576332	2282.97098833	163.567928015	True	
1.340654093	11.772290946	5.4673056753	-2.46360656775	-0.67146541087	0.0748638797085	0.0199471603972	1490.80596923	161.932248735	True	
-1.18806925443	14.0985600087	5.55029833104	-2.35916958635	-0.764042946163	0.866292261239	0.372990357814	1854.16946273	160.312926248	True	
-0.816499685704	13.2137491777	5.36789278793	-2.39400159121	-0.771672558685	0.771349373684	0.84276084911	1592.92746295	158.709796985	True	
-0.226105404925	10.7698103169	5.34475190275	-2.40057073136	-0.780909073732	0.940682938868	1.14385619869	1876.29737635	157.122699015	True	
1.30168536634	12.9975418791	5.72670014094	-2.42768130568	-0.540112755968	0.0452891462527	-0.233168898286	1687.73687017	155.551472025	False	
1.32914892774	10.8054763057	5.58494967724	-2.40189567726	-0.68981240537	0.585277896877	-0.188682507703	1585.15037062	155.551472025	True	
1.12612187332	8.61779932235	5.6837392667	-2.37711450379	-0.774693880982	0.391953428168	0.598999517268	1451.17728874	153.995957305	True	
1.95215767609	5.4088327503	6.20570621485	-2.3716857901	-0.719189708715	0.504712484524	-0.0883951632956	1983.99618701	152.455997732	True	
1.1976945422	7.86964825395	5.74574835185	-2.42245300603	-0.390381324538	0.184386043666	-0.56219758859	1723.02964896	150.931437755	True	
1.5420025021	10.2558423503	5.22907189859	-2.45101510948	-0.69244003371	-0.0724131339543	0.0277062253263	1685.12966415	149.422123377	True	
1.74796318925	12.1849795842	5.74329467039	-2.42491926224	-0.746481193637	0.344982796637	0.0803171214565	1515.43792003	147.927902143	True	
1.80102567502	12.1653821855	5.764882641	-2.43023242284	-0.782660838054	0.0697109569479	1.45295033578	1599.49561332	146.448623122	True	
2.10034000687	14.8376325342	5.63379731593	-2.46066369866	-0.742517945596	-0.0522896722462	0.828188125481	1671.02142055	144.984136891	True	
2.54490003719	13.667070978	5.59899489288	-2.42413494474	-0.771095274241	-0.0194816877757	1.75079002046	1802.35892107	143.534295522	True	
1.2592012563	14.7340568195	5.17177680512	-2.41407030424	-0.717087737506	-0.0367613112937	1.49750492321	1485.1855286	142.098952566	True	
1.18189792301	13.5181001852	5.18890874419	-2.52632955049	-0.788671545592	0.481603759678	1.27897705694	2004.23141509	140.677963041	True	
0.99874892344	9.38015077555	5.19288674523	-2.40940793115	-0.718250674308	0.00591961516199	2.09369686391	1522.09956544	139.27118341	True	
2.1917047366	12.0319587057	5.37742527428	-2.48483605084	-0.766018153506	0.0381107527228	3.56160736619	1738.17192783	137.878471576	True	
3.08108577324	13.8913157003	5.28837692221	-2.49943879869	-0.738172181815	-0.0886557039968	3.24577591807	2174.87615396	136.499686861	True	
1.02233149882	13.5045794035	4.27470184057	-2.45408679167	-0.656023644549	-0.203227448529	3.99140216675	2301.89798837	135.134689992	True	
1.71156987759	14.5119770745	5.18685987233	-2.43905351045	-0.710634965218	0.0534911912954	3.33033355583	1825.06801781	133.783343092	True	
1.64079828576	13.7703975875	5.51512918388	-2.36219905654	-0.776185587957	0.0210727797308	3.96670321461	1591.46325135	132.445509661	True	
0.865309103747	12.9200352842	5.07216154956	-2.39103786139	-0.749665929626	0.149980114597	3.1285494598	1459.45534875	131.121054564	True	
0.749907999982	12.5187277868	5.65735999636	-2.46931623223	-0.811830943704	0.41587353118	2.86340960164	1570.62961055	129.809844019	True	
0.694290850439	12.1627770796	5.06439464453	-2.37845100611	-0.786424062592	0.20747419451	1.98713843961	1472.14442673	128.511745579	True	
1.49355694731	14.3053977387	5.5111491202	-2.42414558272	-0.651937462251	-0.165347538404	2.08023537424	1790.8794904	127.226628123	False	
0.33819110794	13.9203636867	5.30088943061	-2.44266335062	-0.727027957328	0.345136809701	2.60500048027	1751.2365184	127.226628123	True	
1.18434102856	13.8207733685	5.61516750777	-2.20926200531	-0.72896976507	0.167303644081	2.96101667815	2472.02661825	125.954361842	True	
1.3042641923	14.1244986328	5.89434714462	-2.46955715958	-0.755063492388	0.133582971709	1.73040863357	1735.604926	124.694818223	False	
1.04752380032	14.798959034	5.89127460199	-2.32921654594	-0.742096666103	0.148441841539	1.98082135769	1811.7832577	124.694818223	True	
1.37544650488	13.1705005355	5.73844339147	-2.45820602534	-0.783417247303	0.246386609414	2.07613363787	1499.49837834	123.447870041	True	
1.06715723816	14.2606025049	5.78173017388	-2.43912007227	-0.808649748017	0.767589243093	3.11277926234	1671.79122577	122.213391341	True	
0.210436968256	13.4712935723	5.0472371452	-2.36223465844	-0.806990129894	0.510334982291	3.42271628269	1574.97538354	120.991257427	True	
0.18344417289	14.2660119116	5.07241350693	-2.39797804908	-0.795383929681	0.333687654886	3.57021749932	1503.45153381	119.781344853	True	
-0.831285416133	12.6849052966	5.06088698753	-2.40671190667	-0.799754885136	0.848366289105	3.2972203664	1566.50367491	118.583531404	True	
0.998344592288	10.1992631216	5.43263925607	-2.40649533504	-0.777724841667	0.3239750411	2.03483186632	1385.92293322	117.39769609	True	
1.82564049023	7.28107733465	5.43546435958	-2.40051789307	-0.805327713941	0.0720288017838	2.14980333835	1642.85192981	116.223719129	True	
1.58198980641	8.54377971021	5.69681619792	-2.41950558323	-0.798428961803	0.398869548156	1.98529710996	1478.59438419	115.061481938	True	
2.51082280061	7.64180351096	5.2736848553	-2.39628683377	-0.733134554558	-0.136226248602	1.1884935858	1722.5807303	113.910867119	True	
3.10866968909	5.51253784272	5.56644193268	-2.41928449341	-0.749165637744	-0.0217589729299	1.74835498256	1736.286111	112.771758448	True	
2.57180511005	5.74359463784	5.80257114689	-2.40582469691	-0.78102922144	0.265405031086	1.74167197575	1558.56350505	111.644040863	True	
1.66800245934	6.60218733547	5.34974257082	-2.35520026267	-0.771584727162	0.248655899436	1.67326939072	1502.87383006	110.527600454	True	
3.05843914218	5.10405805135	5.42253687526	-2.32378778902	-0.817280659372	0.00289130219137	1.36231031451	2249.91185148	109.42232445	True	
2.48216692198	7.64263020131	5.42546654477	-2.40039922618	-0.725224590403	-0.0842745389773	1.83385318823	1655.01857127	108.328101205	True	
0.960549045462	8.43022949361	5.03003205548	-2.39319818265	-0.780712867177	0.134543800305	2.28894214027	1544.83279666	107.244820193	True	
2.00122217389	5.22780657462	5.76552908434	-2.38708141321	-0.787230531596	0.546240226571	2.99224029296	1810.9924282	106.172371991	True	
1.47164307703	9.77305830082	5.41003824316	-2.46191866663	-0.775441968781	0.122852483083	3.42679397225	1476.44221203	105.110648272	True	
1.90796129496	10.8411054814	5.71114913639	-2.39187200604	-0.775103845465	0.0651392385827	2.44207030733	1521.41557008	104.059541789	True	
1.25610609322	13.2119752738	5.42012842514	-2.37810338156	-0.752140292802	0.389042453376	2.11023198662	1761.50218263	103.018946371	True	
-0.366253960969	11.4036207739	5.16159820826	-2.35870395829	-0.774778517346	0.546432008784	2.66998493469	1615.073956	101.988756907	True	
0.656777393096	12.4382622965	5.54849268058	-2.3557766909	-0.827955627004	0.485608130625	2.88791602272	1545.34153578	100.968869338	True	
0.574053934232	11.1862905914	5.38218720602	-2.35677335639	-0.823049289288	0.491417761793	3.21681060978	1541.60939775	99.9591806447	True	
1.34719960008	13.0033978542	6.02413133888	-2.41611456574	-0.789222180354	0.549662598604	3.52762734502	1575.45524436	98.9595888383	True	
0.624503955549	14.7465272817	6.17511641017	-2.46056273132	-0.809570461258	0.827845710856	3.54174468058	1723.23551733	97.9699929499	True	
0.559652185515	14.0018554893	5.81943502267	-2.41259420087	-0.820256640409	0.686611620064	3.99210672363	1485.59868549	96.9902930204	False	
1.91624631013	14.5240203171	5.46464609518	-2.43155052705	-0.775652858291	-0.103330878457	3.59553586818	1803.46592916	96.9902930204	True	
1.7004568755	12.1695766946	6.01601127921	-2.43710086571	-0.788066757032	0.339324851806	3.87653730241	1575.6816979	96.0203900902	True	
-0.0459425644738	10.4718415134	5.71803607639	-2.41857620959	-0.829918707926	0.660414400774	3.90554261805	1903.86146575	95.0601861893	True	
1.45438149639	11.1150730461	5.49995446014	-2.37792989121	-0.765817872056	0.0779152076041	3.95403636089	1412.31403972	94.1095843274	True	
2.06875074839	11.912724607	5.7544748472	-2.49123112425	-0.785556946602	0.216882524958	3.875878641	1722.18868275	93.1684884841	True	
0.253616169677	11.1916797787	5.42768370767	-2.40394135844	-0.779631293168	0.589562841262	3.79701039368	1502.12182928	92.2368035993	True	
0.595809184649	11.8563400114	4.9594463032	-2.47922628819	-0.730148143971	0.216314734673	3.42860221472	1779.17002103	91.3144355633	True	
-0.00686843569857	10.0872176779	5.23499247333	-2.40570275806	-0.773111178085	0.388009842558	2.64428232566	1674.02263478	90.4012912077	True	
-0.665135410825	12.4262357832	5.35032736048	-2.2705981757	-0.833090362814	0.8689319854	2.04135173649	1997.31228227	89.4972782956	True	
-0.409704861964	13.9723177019	5.07451321237	-2.46384490164	-0.769496659009	0.877980113663	2.81212977603	1965.47541486	88.6023055126	True	
1.47751327312	13.2901328413	5.29065860482	-2.45160318977	-0.723320374032	-0.0145949725307	3.25944253406	1526.54573672	87.7162824575	True	
0.942823019236	12.534432145	5.43811291363	-2.43044929849	-0.741875660723	0.327852166043	3.03510372409	1600.00266744	86.8391196329	True	
1.34902360069	12.2115755654	5.58923636298	-2.3931166415	-0.811745497179	0.493303989608	2.43725540126	1531.59889854	85.9707284366	True	
0.959180536317	11.9043767463	5.81136982802	-2.40618432174	-0.775668821496	0.544789468201	2.0293696028	1511.90189981	85.1110211522	True	
1.70638150824	8.89614624928	5.53806350928	-2.33033423163	-0.692739666706	-0.245375559116	1.230863982	1853.54471027	84.2599109407	True	
1.20229860955	8.86288594673	5.46715800907	-2.43786607227	-0.782161737436	0.33733530023	1.20242668057	1448.00554503	83.4173118313	True	
0.9897402235	7.53914491116	5.44904382757	-2.31412849508	-0.755150707733	0.315229727955	0.478218765957	1616.16863024	82.583138713	True	
1.68029058013	11.2895143159	5.72350202867	-2.47922394043	-0.764879704505	0.561817395716	0.36883989605	1711.75470868	81.7573073259	True	
2.21472247943	6.77595542459	5.81629333822	-2.38450062305	-0.673480674519	-0.17114069252	0.777433210808	1728.66994258	80.9397342526	True	
1.1804164053	8.72361548336	5.45236624274	-2.44792449051	-0.749551449244	0.227281260322	1.29902575569	1528.24598213	80.1303369101	True	
1.76004551899	8.91329076263	5.36274041378	-2.40203041908	-0.764294152952	-0.0275825548047	1.34830658397	1507.28662862	79.329033541	True	
1.4544761706	11.6998225925	5.29740765152	-2.34468367152	-0.802030446469	0.263014419236	2.04827035542	1652.16349021	78.5357432056	True	
1.06910048991	11.4701282783	5.56582953403	-2.4433695715	-0.776760990533	0.398959772402	1.61887776047	1426.14157929	77.7503857735	True	
1.66329397555	11.8108322544	5.91332340745	-2.43518353917	-0.805985102303	0.285711910512	1.39415837012	1586.59947519	76.9728819158	False	
1.21369677094	12.0859468331	5.98526589251	-2.43291644358	-0.801662967731	0.574978634338	1.37980759523	1525.0112358	76.9728819158	True	
1.46104983774	12.2378529141	6.03893132163	-2.43118602872	-0.763421810388	0.143819322191	1.30758393723	1690.09619766	76.2031530966	True	
1.55601107269	10.3133844109	5.47929217946	-2.44982195406	-0.765857865583	0.309173747015	1.48048873071	1530.34493024	75.4411215657	True	
1.54829999008	10.6449781574	5.05527080396	-2.38817380041	-0.775494683697	0.109743845775	2.43638128953	1582.60791357	74.68671035	True	
0.904843978125	8.38453605751	5.24289086512	-2.38001401662	-0.79889096445	0.287560652115	2.91959876385	1504.38822572	73.9398432465	True	
1.00341362145	8.81556552189	5.44424576083	-2.48201916568	-0.760496661027	0.333859331208	3.21019556524	1691.79948813	73.200444814	True	
1.58325631338	9.80789146408	5.0921339812	-2.42392169415	-0.773026154525	0.274635911775	2.41479109121	1675.14350148	72.4684403659	True	
1.53903105315	10.0965515514	5.34399559638	-2.34037113669	-0.764696162102	0.0288440419617	1.9523550075	1535.59003951	71.7437559622	True	
0.710494185584	12.047307334	5.53681287489	-2.43931580018	-0.76126325692	0.31412782212	1.88826644044	1456.05134446	71.0263184026	True	
1.72076026718	11.2787433795	5.45640163834	-2.36461713065	-0.745034001292	0.0501056170187	1.92870195189	1510.85538839	70.3160552186	True	
1.63115518862	9.79744511694	5.69445043489	-2.40531262576	-0.777584161198	0.206634126426	0.714957568889	1442.4779085	69.6128946664	True	
1.69684760996	7.79049146573	5.58043440765	-2.37172310669	-0.736134125234	0.0615820893737	1.70290442281	1502.52900897	68.9167657197	True	
1.10433844781	8.79444898953	5.39592913139	-2.41974985308	-0.76771991082	0.0438315427792	2.43465471599	1565.94959981	68.2275980625	True	
1.60379990041	7.29636609113	5.2588005863	-2.44531528664	-0.76735297091	0.227741427214	2.67083320532	1554.36910856	67.5453220819	False	
1.91318641259	9.18394161141	5.12851387525	-2.44805010803	-0.700124289598	-0.134127510185	2.80664320774	1618.90695994	67.5453220819	True	
1.27655348281	8.81345223436	5.39441684986	-2.40029412553	-0.830350219116	0.362268276917	2.522634796	1635.71739748	66.8698688611	True	
0.47214483215	12.2775654756	5.25695795224	-2.36977499901	-0.775918005999	0.337905174703	2.49423034079	1394.0006933	66.2011701725	True	
0.641434403455	13.1177888319	5.30921870841	-2.3522946486	-0.790530896948	0.477919584529	3.54425718322	1510.17326283	65.5391584708	True	
1.04860086372	11.408294829	5.27700035043	-2.38786703183	-0.768992705929	0.342833652333	2.94917644381	1483.86740029	64.8837668861	True	
1.35635646947	13.4065279462	5.70628093014	-2.42667108726	-0.765550469701	0.114909104593	2.2671145738	1482.04679194	64.2349292172	True	
1.46319297322	12.6699728964	5.33149633956	-2.43994101718	-0.752143056095	0.129392880999	2.04790178726	1470.45156325	63.592579925	True	
0.454399800116	12.5435824893	5.4244188471	-2.35795607101	-0.809688727211	0.411421525388	1.95218510517	1463.91281259	62.9566541258	True	
1.01394339318	13.0288583024	5.12345270422	-2.35021897976	-0.761582569204	0.201838609062	2.0556620978	1558.35680335	62.3270875845	True	
0.553658610453	11.2354653844	5.39768209006	-2.3513544287	-0.788550445428	0.483981247203	2.3573285481	1467.46452239	61.7038167087	True	
0.381284956029	11.7805078369	5.3407031985	-2.43264151992	-0.809282719399	0.53817553738	2.52358346205	1438.88939673	61.0867785416	True	
0.673903028625	14.4633693607	5.13051734628	-2.37119598659	-0.791917615775	0.492144414606	2.46403719083	1630.13744578	60.4759107562	True	
1.3975029147	13.9174798981	5.46961834894	-2.42699389575	-0.729553832993	0.167094102631	3.06102669344	1616.16737936	59.8711516486	True	
1.24699715433	13.8882265814	5.03951957142	-2.43370869547	-0.671123247619	-0.171128791068	3.19812028741	1640.61493443	59.2724401321	True	
0.534235753606	14.6916645055	5.37249410991	-2.36324943076	-0.807068132653	0.335801100204	2.94767214231	1492.05569243	58.6797157308	True	
-0.72171840576	14.7574628634	5.43499412629	-2.32091903299	-0.800592700088	0.759535319663	1.93189004533	1657.71271274	58.0929185735	True	
-0.890893266509	13.0978544743	5.25278776882	-2.42734356353	-0.786374939565	0.89707560206	2.96581260346	1581.97800903	57.5119893878	True	
1.58931198095	10.2926243842	5.27817286456	-2.44484789801	-0.747444577913	0.066173157945	2.50011744568	1464.59946057	56.9368694939	True	
0.99236830094	10.6653505105	5.8787046983	-2.43574132617	-0.777444872018	0.441313581612	1.86052787966	1548.06384184	56.3675007989	True	
1.80356696077	12.1846273331	5.68955522452	-2.39869237728	-0.787051920996	0.39414480412	2.120616135	1603.67547878	55.803825791	True	
1.9665236692	11.5643844882	5.75217506437	-2.45257134045	-0.823441556428	0.427672340608	2.66953155178	1732.16775561	55.245787533	True	
1.60652411281	7.84110592398	5.67257712943	-2.39362745511	-0.777266652124	0.421381667535	2.19454848532	1536.85006709	54.6933296577	True	
1.60076821515	7.6918658349	5.33615427295	-2.39298034485	-0.797939412008	0.185203809529	3.46804928649	1487.36480194	54.1463963611	False	
2.05123979571	8.02317771497	5.8869471826	-2.39505639234	-0.801109652066	0.410847958138	3.95620996781	1609.36726654	54.1463963611	True	
2.10266999853	5.9546788443	5.57553508117	-2.38707119867	-0.741973818566	-0.0228431085642	3.5656257981	1479.11736308	53.6049323975	True	
1.75293878822	7.43370289236	5.42119154075	-2.40598198153	-0.832799110779	0.405956471517	3.55811321622	1704.47648249	53.0688830735	True	
1.18320799475	10.1618342001	5.62483286103	-2.39745109286	-0.785861446375	0.428073285241	2.84051617346	1438.30275669	52.5381942428	True	
1.22620562975	7.87845561754	5.55095416749	-2.40981363387	-0.736410400999	0.180512081223	2.25698887363	1586.23422204	52.0128123004	True	
1.98570264901	7.55261267495	5.51257357883	-2.38239647325	-0.700679610782	-0.0275595430222	2.40744828658	1683.86968278	51.4926841774	True	
1.46196190667	7.24477644574	5.37057470934	-2.37099905665	-0.756034387607	0.0737830961023	2.62461861356	1438.19676321	50.9777573356	True	
1.60499924588	6.62454926852	5.33014626895	-2.3868618785	-0.809981094267	0.205192194941	2.39149263113	1546.49498344	50.4679797623	True	
1.41431614912	8.01065530077	5.1593247687	-2.43578565344	-0.775116318139	0.173175392535	2.24071772247	1500.17520802	49.9632999646	True	
1.2734690759	8.01354839982	5.39909519632	-2.36671181304	-0.777284983705	0.230041394148	2.05677117991	1435.22408678	49.463666965	True	
1.37879066069	9.39554721575	5.22481080848	-2.38702787121	-0.759599156074	0.0865302079708	2.74543413794	1422.54394793	48.9690302953	True	
1.60074523295	6.84484289563	5.38457867754	-2.36930099095	-0.76019735492	0.0371995236889	2.73356845883	1449.98613247	48.4793399924	True	
1.70098102411	7.6328192292	5.66900089685	-2.37160716256	-0.75581152528	0.177801295003	3.61015467286	1493.69265851	47.9945465925	True	
0.868038107079	9.10340563189	5.53460607487	-2.41591406273	-0.79689440279	0.395210314147	3.53833308738	1459.43836139	47.5146011265	True	
1.54886091819	6.0089549213	5.14896958174	-2.3805693904	-0.75259686262	0.123571161844	3.60548263755	1563.8674912	47.0394551153	True	
1.43862298554	7.50502145047	5.34594377645	-2.3954890279	-0.766384137954	0.0894497583984	3.9255802348	1420.78603272	46.5690605641	True	
1.54890668715	7.54334068083	5.056763814	-2.43244771693	-0.719850336406	-0.131172128685	3.27234903431	1569.21511402	46.1033699585	True	
1.26196065722	9.70602201774	5.04188693904	-2.41901454454	-0.769788746856	-0.0363302591996	3.49703330897	1605.68500912	45.6423362589	True	
1.29729193253	8.62734946144	5.14775311888	-2.40953472138	-0.769792072084	0.234004602709	2.73671885498	1509.6005615	45.1859128963	True	
1.71929729327	8.1071101612	5.88957297123	-2.42178739515	-0.788220487436	0.227694479643	3.09006427181	1529.68799046	44.7340537673	True	
1.1461540814	8.93150731503	5.73892196977	-2.40072829875	-0.756919073222	0.279971811239	2.68613143175	1544.48100483	44.2867132297	True	
0.504683237412	9.5713140347	5.32038687747	-2.40839405242	-0.778116580526	0.342811222477	1.98455541193	1501.27142437	43.8438460974	True	
1.21965660304	9.5595194756	5.6150371139	-2.42714835451	-0.773979387756	0.439066542316	2.21029808366	1519.68830529	43.4054076364	True	
1.33906733992	7.43103656387	5.28301680596	-2.42938439416	-0.797248206492	0.281079087226	2.63784244108	1498.02536125	42.97135356	True	
1.88446687911	6.27059781517	5.66752096222	-2.39872447069	-0.780245647917	0.286054872996	1.87086452824	1457.08795505	42.5416400244	True	
1.31433155761	7.4326262927	5.62578563965	-2.35150942148	-0.782209300449	0.22341647435	2.01838936388	1488.99308422	42.1162236242	True	
0.909196001985	8.32539743479	5.57912268818	-2.37838395836	-0.782008622764	0.39484155779	2.06573727683	1482.8901239	41.6950613879	True	
1.40913985766	9.48001755427	5.50980206161	-2.45459172145	-0.779348326093	0.325110006442	2.55332566192	1485.84386444	41.2781107741	True	
0.848854902402	9.69301597228	5.31244904927	-2.45619968889	-0.758126265995	0.174931847358	2.88611631838	1533.47948987	40.8653296663	False	
0.627734722988	8.9869842783	5.06888276244	-2.35515461337	-0.761472475258	0.211745586042	3.2516650456	1574.57401071	40.8653296663	True	
1.10084169383	9.1264650808	5.35424065267	-2.45714033315	-0.786525784495	0.286195277392	3.59402470988	1489.67562819	40.4566763697	True	
1.09848483977	10.2852017835	5.62553139852	-2.36782766615	-0.747826988685	0.12308351414	3.31272194772	1518.58323965	40.052109606	True	
1.83997365348	11.2512905781	5.86215715938	-2.40392503901	-0.781020530829	0.254425437804	3.58283238981	1512.80380091	39.6515885099	True	
1.43245838214	10.4744423148	5.33905458543	-2.44469128622	-0.777474609881	0.125249412173	3.77354552206	1430.34102763	39.2550726248	True	
1.81418269088	10.2315824773	5.44828619095	-2.4303244167	-0.760113529426	0.0487355283963	3.89381684222	1444.26277922	38.8625218986	True	
1.4170650149	9.00043819574	5.6589995918	-2.38880424967	-0.800472369862	0.27941782713	3.92525607261	1454.93990039	38.4738966796	True	
1.52822370614	10.8572098564	5.56215229231	-2.40932367319	-0.757273770365	0.144950406909	3.42404274652	1401.94075064	38.0891577128	True	
1.15950383	11.2347560137	5.22382724826	-2.42328241078	-0.783359024833	0.197141005824	3.72849953514	1403.52247181	37.7082661356	True	
1.25422697812	12.7660796006	5.58844356335	-2.39349137925	-0.773518034092	0.251595650184	3.352249488	1387.73776427	37.3311834743	True	
0.804588072465	11.5834038314	5.66471550475	-2.37089592334	-0.785744388102	0.355630075985	3.64098181346	1414.74475893	36.9578716395	True	
1.02611127914	11.7861036526	5.28537185739	-2.37523568109	-0.795073428615	0.337196180534	3.69443686572	1441.20561023	36.5882929232	True	
0.640348948835	13.8429834236	5.23813035987	-2.41942308122	-0.75860701662	0.199024448365	3.64922534837	1414.94885197	36.2224099939	True	
0.898987948185	14.2881064359	5.46872785899	-2.3928686049	-0.771960173514	0.419688692102	3.24149619431	1467.78493481	35.860185894	False	
0.897691232891	14.6667911057	5.25907921865	-2.37503950305	-0.747461306688	0.0745795728604	3.45649869215	1445.58509577	35.860185894	True	
0.502159754996	14.0139733984	5.19550880605	-2.38150276311	-0.779938833584	0.359114249441	3.99297742826	1415.15631599	35.501584035	True	
0.908703815836	12.6644284155	5.33924898954	-2.39542247998	-0.761283842489	0.19101793406	3.41226672778	1369.62734038	35.1465681947	True	
0.772025216189	12.0418850745	5.77246484805	-2.38132838661	-0.802171310967	0.471592388804	3.48164865157	1424.43043865	34.7951025127	True	
0.89275569299	13.2207889048	5.76975487703	-2.43635246339	-0.801669172615	0.478034138645	3.40130457089	1432.22765133	34.4471514876	True	
-0.0780136286214	14.2062645077	5.41070922714	-2.4332201194	-0.789613952007	0.623953744858	3.74235006878	1451.48251099	34.1026799727	True	
0.907071069575	14.5858682648	5.43436112995	-2.4191079605	-0.762082502304	0.204892759941	3.29940441987	1393.24909998	33.761653173	True	
0.54279093808	13.3380673852	5.24584921429	-2.35782469088	-0.768857514173	0.286267567697	3.0571405549	1432.20369237	33.4240366413	True	
0.744562475974	13.8617674387	5.63342756366	-2.42317634786	-0.796026428919	0.45114123983	2.00653910268	1386.49233349	33.0897962749	True	
0.224881896116	14.1742653835	5.55894819697	-2.39237298936	-0.773937998403	0.498734802195	2.62270022404	1448.07711835	32.7588983121	True	
0.981983369454	14.5097369353	5.53650145883	-2.3523884188	-0.793724146319	0.427468224559	2.30668108106	1498.81455965	32.431309329	True	
-0.0882285170709	14.8068425728	5.63252211965	-2.4546075925	-0.824888626418	0.968940690396	1.91221206987	1642.67287401	32.1069962357	True	
0.350008952654	14.2520187413	5.43084267869	-2.37705470167	-0.80819845757	0.492321031645	2.60463760828	1420.23964842	31.7859262734	True	
0.591717286588	13.763349573	5.28010573916	-2.35665156948	-0.796073204177	0.367563029924	2.90557048675	1448.35873245	31.4680670106	True	
0.125490111289	13.7148417535	5.18585587003	-2.40304671323	-0.789156446772	0.429741507374	2.4601210866	1419.06537072	31.1533863405	True	
1.00869848719	12.7849361296	5.3759112423	-2.39545374232	-0.756646644249	0.256116380064	2.28542368404	1421.91642802	30.8418524771	False	
1.57518491242	12.23503152	5.46807975539	-2.42462426627	-0.790271905272	0.164094052633	2.77651893494	1461.88531366	30.8418524771	True	
1.49636598119	11.2978107663	5.61500355154	-2.3589399367	-0.792332408446	0.328794813057	2.87849685642	1499.55432331	30.5334339523	True	
0.578805379822	12.857578407	5.49460209884	-2.38287337472	-0.799692533409	0.407118728061	3.13948171847	1376.81387458	30.2280996128	True	
1.00307526048	14.2505850181	5.4255709966	-2.42153801544	-0.774338614157	0.169576760503	2.79524362797	1399.29829914	29.9258186167	True	
0.916570223351	13.8885770151	5.44439372776	-2.41392570341	-0.778843614554	0.331497602766	2.97632209182	1372.6556521	29.6265604305	True	
0.89472037673	14.7125566227	5.59571967648	-2.37334203881	-0.769443774188	0.315125259001	2.76352142495	1425.82997168	29.3302948262	True	
0.912419449079	12.4119955243	5.66533934686	-2.38597041212	-0.793736171873	0.433352832179	2.90114671131	1376.43986105	29.036991878	True	
0.578892871218	11.7599367886	5.32870353544	-2.38851772955	-0.792873233175	0.25208741961	2.57611432556	1446.31584907	28.7466219592	True	
1.03637365749	10.0326280124	5.38955332121	-2.4230467718	-0.790385370409	0.308105102229	3.213478673	1395.32709105	28.4591557396	True	
1.39310912563	10.3397056553	5.62015875481	-2.38464598143	-0.797921098734	0.271310562457	3.28573014018	1425.12517178	28.1745641822	True	
1.27713331009	9.40179926399	5.39301847734	-2.40009382848	-0.762904765273	0.201310378458	3.1823489063	1405.45739394	27.8928185404	True	
1.2916352784	8.20396245086	5.183231258	-2.38791783105	-0.729237421651	0.0197474675664	3.42096180937	1488.98324931	27.613890355	True	
1.45452436202	7.09409611285	5.27304584382	-2.37823541854	-0.766675937558	0.0404676818646	2.59921724694	1468.13833932	27.3377514514	True	
1.54878767727	7.8772638617	5.37436539891	-2.42003397572	-0.781108766101	0.252123300184	2.62153203521	1449.28655625	27.0643739369	True	
1.53085692341	7.35925775725	5.77248640116	-2.39119167783	-0.783116597919	0.313395610721	2.28437866957	1454.11010453	26.7937301975	True	
1.53537818845	7.42517590399	5.32246510805	-2.39447234539	-0.765762512743	0.128619337723	2.57751703865	1419.25933387	26.5257928956	True	
2.03171837659	6.30400246191	5.29750967406	-2.37374401391	-0.760493316829	0.0527581317465	2.06525599672	1483.03192148	26.2605349666	True	
2.12529067013	6.04186647752	5.61643085713	-2.37218376835	-0.779369804139	0.191152122488	2.21569751266	1450.29160667	25.9979296169	True	
1.27313054481	7.70207917621	5.38873094837	-2.41677932509	-0.784197289322	0.247507898898	2.56841714031	1429.14503517	25.7379503208	True	
1.70936090979	7.44078939039	5.38096214415	-2.37291966941	-0.723072359159	-0.0530281395809	2.72352229234	1490.09911835	25.4805708176	True	
1.53464088173	8.31259285389	5.3140615266	-2.42292158622	-0.757764632993	0.141756351096	2.51361411171	1449.81848532	25.2257651094	True	
1.15693849836	10.0518217211	5.41369701285	-2.4121735602	-0.771467442507	0.19874818623	1.89069874377	1370.62330129	24.9735074583	True	
1.31196779728	10.9379070094	5.43285775269	-2.40444435505	-0.76510678174	0.0962748813962	2.44362619068	1373.50559391	24.7237723837	True	
0.665574331239	10.6731032131	5.32224089965	-2.39048639693	-0.791768272922	0.374239660034	2.28762615245	1395.7475809	24.4765346599	True	
1.02319298603	9.65178788298	5.47755467838	-2.4082387224	-0.792067715641	0.320130893118	1.85829359725	1404.70858809	24.2317693133	False	
1.13174165561	10.7082536321	5.50007911611	-2.39989236391	-0.774061847735	0.150734597476	1.62459803748	1393.30747029	24.2317693133	True	
0.618752898292	12.0219255332	5.39786748502	-2.32532997099	-0.786160261057	0.395028162261	1.78048487048	1494.18455191	23.9894516201	True	
0.916110206446	12.3934050359	5.15552827241	-2.42254960519	-0.762638745185	0.169495633857	1.87240883337	1404.65795777	23.7495571039	True	
0.81931461593	13.1088316769	5.49364571622	-2.40808407024	-0.776000468246	0.353863379771	1.80992264868	1361.57036671	23.5120615329	True	
0.781169349907	12.741431371	5.48494138455	-2.40770232454	-0.78298981897	0.439835578063	1.5368763103	1370.95722568	23.2769409176	True	
0.580771527478	12.4133450403	5.26910116786	-2.43120378949	-0.778525045153	0.338924437461	1.10011297671	1386.20829183	23.0441715084	True	
0.17848852924	12.0263713949	5.22055645157	-2.35699819347	-0.78351949427	0.526395225084	0.29833939571	1548.77330112	22.8137297933	True	
0.763165884384	11.1986998912	5.36881263266	-2.41709816685	-0.765383230294	0.3049910325	0.400934359566	1385.33660043	22.5855924954	True	
1.06816400307	10.6000327254	5.50475607841	-2.42348905496	-0.699452659301	0.106269813446	0.198016896285	1453.76756537	22.3597365704	True	
1.09993859555	11.1388578647	5.71807101874	-2.42257777769	-0.781072716469	0.517089888613	0.412470109111	1429.13264879	22.1361392047	True	
0.869502810403	12.0083129523	5.36272744871	-2.43836922628	-0.771849219694	0.219951731331	0.749073362947	1410.9930636	21.9147778127	True	
0.909509485265	12.0287854802	5.515571758	-2.40487241981	-0.780459104381	0.355067928646	0.828501493041	1343.46675545	21.6956300345	True	
1.07040248197	11.9812565385	5.458247152	-2.39450739011	-0.762049947825	0.199014318611	0.812562437906	1354.54998058	21.4786737342	True	
1.17285391542	11.8187283302	5.60070545352	-2.40528943943	-0.764649886902	0.337723770552	0.757950330657	1375.99440077	21.2638869969	True	
0.820995132518	12.2459586134	5.57715145691	-2.41329494752	-0.779460613006	0.512566218028	1.03030054596	1403.79837331	21.0512481269	True	
1.13785747817	12.737338996	5.3925832999	-2.3988582722	-0.747467517959	0.106788826269	1.13574263836	1388.24827532	20.8407356456	True	
0.996083669614	12.824960757	5.56752810109	-2.40783240948	-0.795305023162	0.307486872886	1.00419016524	1399.49119288	20.6323282892	True	
0.589308233497	12.3004707301	5.50935020997	-2.40533525021	-0.786913990248	0.427998115908	0.662777663903	1368.89187668	20.4260050063	True	
0.743934432376	12.8365311141	5.53559387489	-2.38942377551	-0.758592115023	0.424273153016	0.23622127399	1365.40388466	20.2217449562	True	
0.785535735622	12.2672228869	5.58093194207	-2.40811747606	-0.70294352203	0.398738050937	-0.0373848884482	1347.37835632	20.0195275066	True	
1.30895400829	11.9229755585	5.48464589207	-2.39873149317	-0.704569653702	0.15381755238	0.0989391576404	1382.80789499	19.8193322316	True	
1.36083831267	12.4042825337	5.74840819733	-2.39684068819	-0.699666555998	0.357485610622	-0.112144008419	1405.59461295	19.6211389093	True	
0.743656820244	13.1782417011	5.66531167576	-2.39280727078	-0.699557324199	0.487171711246	-0.061714021751	1374.59119884	19.4249275202	True	
1.11535239661	12.436607517	5.80318608393	-2.39383974763	-0.697591191128	0.452828943982	-0.105297932519	1382.33395272	19.230678245	True	
1.1213933677	11.614976343	5.50052537559	-2.4150040156	-0.698383423512	0.183871154751	0.0666960816043	1368.81242016	19.0383714625	True	
1.02093645865	10.6635958632	5.53430166938	-2.42004599245	-0.744831673853	0.401548560524	0.242129329274	1386.67400739	18.8479877479	True	
1.02804500353	11.2822266196	5.64233396372	-2.38230785042	-0.73037502578	0.33822116179	0.149311868161	1375.08588796	18.6595078704	True	
1.00501534704	11.9111212392	5.52465907349	-2.41402929808	-0.739629278745	0.289719378139	0.20207391414	1347.12888794	18.4729127917	True	
1.10427891103	11.5068833095	5.45797978597	-2.42496014663	-0.724107453672	0.29546374568	0.0754054828779	1363.60740047	18.2881836638	True	
0.800669333805	10.7833664814	5.3535910539	-2.39380295836	-0.751110663017	0.244956696278	0.535338132841	1379.49737837	18.1053018272	True	
0.863201186775	10.8026946904	5.2895112982	-2.37492849883	-0.75557785705	0.263912792021	0.474654008635	1396.82981681	17.9242488089	True	
1.20398672409	10.2310641338	5.35218020874	-2.40562245084	-0.761996582254	0.133221378787	0.570822028586	1406.23739433	17.7450063208	True	
1.47235544485	12.0373934048	5.4790268012	-2.43234479296	-0.721730028861	0.120067872307	0.372475346072	1420.33180644	17.5675562576	True	
0.917442446666	12.0264603798	5.69266897881	-2.40663813371	-0.740798859286	0.459351427956	0.218651132101	1374.78703759	17.391880695	False	
0.88982128527	13.3827751317	5.44450346319	-2.4306997581	-0.751134026914	0.278204188045	0.712443756034	1395.76455861	17.391880695	True	
1.15875848845	12.7174462922	5.46561728059	-2.4015577918	-0.764556040379	0.305966854803	0.552822155262	1381.00961195	17.2179618881	True	
0.900235747479	12.2497063531	5.48690785214	-2.38475564012	-0.773713515226	0.306306629085	1.05453700671	1351.91537863	17.0457822692	True	
0.996031289232	11.9835061106	5.31797981438	-2.40912196231	-0.77777215763	0.101248113059	1.15506509742	1470.86705714	16.8753244465	True	
1.07151462412	12.3063520298	5.42826045488	-2.38773468919	-0.779041974274	0.236311382541	1.37697450625	1362.00908343	16.706571202	True	
0.737034608103	12.106839781	5.3665378409	-2.3909043228	-0.774212168727	0.29030107891	1.43055702158	1349.91662974	16.53950549	True	
0.788884023008	14.1219667784	5.37988090876	-2.39430560882	-0.766039833339	0.207833522229	1.74807412217	1383.88963732	16.3741104351	True	
0.763064364582	14.3863067494	5.44734494924	-2.37509893854	-0.791747410641	0.329242696728	1.68475124505	1394.59483382	16.2103693307	False	
0.83085335501	14.2326951122	5.30059180337	-2.38365867973	-0.782586671274	0.317979759192	1.50719630726	1402.33469278	16.2103693307	True	
0.605498082668	14.6563529176	5.61748474242	-2.40766682884	-0.783185981302	0.440357254839	1.31048402606	1386.7411457	16.0482656374	True	
1.04880588204	13.7586011897	5.66492736249	-2.41129145039	-0.77135370103	0.256428053845	1.41796404651	1403.69830806	15.8877829811	True	
1.14850670118	14.1300418097	5.33490392882	-2.37949361763	-0.762470483858	0.186296832243	1.26207187516	1420.01940219	15.7289051513	True	
0.378554055943	13.6173885648	5.5217765212	-2.38217443851	-0.800641110689	0.444900971142	1.18271987968	1423.4629789	15.5716160997	True	
1.02749098607	12.812638627	5.39326789932	-2.3860783178	-0.76780396158	0.228084253339	1.25640187871	1370.69254386	15.4158999387	True	
1.01184956358	13.4016884071	5.45935944356	-2.38811189537	-0.778431258984	0.31930362504	1.28304548499	1381.281545	15.2617409394	True	
0.918382977755	12.5862066507	5.46409943823	-2.40496584525	-0.773437749565	0.332598775141	1.27131084695	1356.49465203	15.10912353	True	
0.614678934256	12.4899722657	5.69812697872	-2.39257626118	-0.801540297537	0.531195116689	1.38191986625	1392.35072687	14.9580322947	True	
0.773277949787	11.8758712088	5.68724639609	-2.39465795077	-0.802195173024	0.608200405138	0.956862596281	1432.45708932	14.8084519717	True	
1.06684028388	12.3049253453	5.47906705147	-2.3932345447	-0.776256937033	0.258904011577	1.20628391452	1352.63053779	14.660367452	True	
0.5833492194	13.0265065543	5.3027797958	-2.44532970233	-0.784056715443	0.370137009317	1.21863979345	1413.28853083	14.5137637775	True	
0.736390278292	13.4779800313	5.49354444429	-2.36830567339	-0.770231657842	0.257810815031	1.55719733285	1409.10980271	14.3686261397	True	
1.13528037817	13.5190640706	5.47138154194	-2.430739844	-0.768291916246	0.20866090763	1.44908261449	1387.43392649	14.2249398783	True	
1.17479714294	14.242329376	5.46369393701	-2.40982444251	-0.791892349657	0.271376151294	1.34536721761	1408.32396428	14.0826904795	True	
0.794118618032	12.7526866231	5.52161682953	-2.4035100088	-0.778258745254	0.285424987486	1.2621087093	1366.49537582	13.9418635747	True	
0.871626558095	11.6525221396	5.50945387112	-2.41225118875	-0.78522897878	0.419292902255	1.02360195762	1356.30599917	13.802444939	True	
0.905627384514	12.4044075525	5.23282727714	-2.42199196089	-0.759430303336	0.235070219609	0.912863278268	1390.19169821	13.6644204896	True	
0.409072410542	12.7219925568	5.37849142211	-2.36693012338	-0.774222919667	0.36735875932	1.24217650814	1398.92679172	13.5277762847	True	
0.272973753872	11.8285398479	5.32355269743	-2.36956383519	-0.763856067162	0.417590723618	1.04622457972	1442.71537534	13.3924985219	True	
0.496119693625	11.9731288391	5.35572864593	-2.37785957646	-0.783149332063	0.374922180555	0.944412156022	1377.54106947	13.2585735366	False	
1.08984305455	12.0187397561	5.42239249118	-2.39920809628	-0.786084744024	0.258253511475	0.804517555276	1387.17768023	13.2585735366	True	
1.25848420611	10.97869466	5.6593584286	-2.40538155765	-0.7775505844	0.21557316459	1.09644245436	1393.71973939	13.1259878013	True	
0.856773872602	11.6050796533	5.41791940811	-2.44565047148	-0.789308347795	0.374385394734	1.27558088618	1395.9578321	12.9947279233	True	
0.853691033656	11.5833830665	5.42442631259	-2.42464258836	-0.776065232511	0.297074678481	1.04106875223	1355.74790789	12.864780644	True	
0.633714479417	12.05763169	5.57785501182	-2.40688072999	-0.766850844505	0.312320253728	0.739839663234	1417.00100057	12.7361328376	True	
1.26920612117	11.8012621072	5.51314378722	-2.39710740484	-0.754910387839	0.110218104975	0.85956130336	1385.61559735	12.6087715092	True	
0.968009451617	10.600065557	5.33487799996	-2.39920334063	-0.765510613364	0.23345925939	1.00571281171	1363.65889128	12.4826837941	True	
1.25395831319	11.2434337501	5.52723208779	-2.41142147315	-0.78224850039	0.257050693876	1.49980903084	1357.13837173	12.3578569562	True	
1.34136665103	10.7347466344	5.70026186985	-2.38235337017	-0.787766406574	0.329877696746	1.787277635	1414.04565591	12.2342783866	True	
0.918486026637	10.9624851891	5.3833967388	-2.44211849946	-0.79391719237	0.361646534843	1.74762658327	1406.07525199	12.1119356027	True	
0.670076069264	11.5578659218	5.23727693576	-2.41789983627	-0.785031893224	0.320084240103	1.6159639856	1375.0017185	11.9908162467	True	
0.80723255805	11.9039541722	5.387460125	-2.38163003199	-0.761724946313	0.216693669004	1.75322191093	1375.48561334	11.8709080843	True	
1.2460320102	11.6122053466	5.35034124021	-2.41934519762	-0.76704701101	0.15992022015	1.46545101524	1369.10865072	11.7521990034	True	
1.13519077066	11.416564406	5.56254034465	-2.39759382307	-0.76587243849	0.222645471169	0.937921798397	1358.34689268	11.6346770134	True	
1.12184884676	11.8693738173	5.52843651882	-2.42602809705	-0.772042396891	0.314748578928	0.732273358451	1359.46849657	11.5183302432	True	
1.26359077318	11.258006512	5.40786339599	-2.40221284667	-0.776282252234	0.25511582703	0.631962815328	1387.38965634	11.4031469408	True	
1.01279106717	10.9983733436	5.51304714128	-2.39883512271	-0.778489734455	0.30171283088	0.908464772761	1354.15202246	11.2891154714	True	
1.2776381429	10.1394405934	5.45368604839	-2.40684262154	-0.771979543456	0.237680448314	1.16534031786	1370.72599555	11.1762243167	True	
0.866788683576	11.1321528695	5.20087266227	-2.41997797867	-0.765028196286	0.18511761316	0.926223592234	1389.35422356	11.0644620735	True	
1.31306902558	11.2128848317	5.5040051945	-2.40235043196	-0.748963916151	0.0923782738336	0.993807244487	1383.19047252	10.9538174528	True	
0.946820735363	11.2073098081	5.36722796972	-2.39595202181	-0.750850833937	0.139701063916	0.904858438803	1380.43349811	10.8442792783	True	
1.00297469302	11.9353674311	5.38646036201	-2.40733551386	-0.739246074213	0.257042964268	0.319544988543	1355.6127389	10.7358364855	True	
1.17364525325	12.3016764432	5.57384927409	-2.41272249587	-0.743804711108	0.229291334831	0.370327495194	1361.02456651	10.6284781206	False	
1.19366360559	11.0349122708	5.54784701254	-2.39876673303	-0.742643420513	0.239454442832	0.51102492571	1373.64147709	10.6284781206	True	
1.16725392174	11.1135892127	5.49618052114	-2.39491510236	-0.766806715924	0.259499662527	0.543715537903	1358.43848041	10.5221933394	True	
0.856106900865	10.8412411974	5.61506407624	-2.39322969376	-0.711017175809	0.386697306049	-0.0650415997698	1397.38348514	10.416971406	True	
1.13200516346	10.8110699466	5.63653301599	-2.4165321775	-0.704393927897	0.371595864512	-0.0557685800318	1367.5369986	10.312801692	True	
1.10527713237	11.5657851352	5.61146310993	-2.43216020327	-0.724721899716	0.372975922656	0.00356624155411	1370.52817548	10.209673675	True	
0.942360879891	11.739379356	5.74986796334	-2.41421103935	-0.742276165233	0.46340088775	0.0709511214257	1377.29396991	10.1075769383	True	
0.778725313467	11.6796976055	5.41450897779	-2.38607527757	-0.747174484517	0.299327769989	0.216280292888	1376.15676985	10.0065011689	True	
1.05053552114	11.3288927917	5.63639817002	-2.4108873899	-0.740469532261	0.368535104129	0.185417810287	1355.28196167	9.90643615722	True	
1.25432535615	11.3227581868	5.67976185473	-2.41026847347	-0.748057230294	0.366951109412	0.311328506711	1380.70799769	9.80737179564	True	
1.40057977032	11.3895628517	5.75847170273	-2.41169890834	-0.744547503168	0.368996457741	0.111404366046	1402.2182104	9.70929807769	True	
1.05118966266	12.450592446	5.59974466828	-2.38397346015	-0.718715959163	0.23017211681	0.143438125886	1382.08404714	9.61220509691	True	
1.13679499029	11.9757428904	5.63139534922	-2.40842139343	-0.752650226549	0.290825574998	0.32062099989	1356.76131848	9.51608304594	True	
1.065503265	12.2047636331	5.43778805346	-2.39424884084	-0.743205962674	0.226851210299	0.387411124077	1358.23342463	9.42092221548	True	
0.318831473521	12.2872729842	5.25657021209	-2.41956298763	-0.776132194224	0.429489660853	0.62908331665	1396.83610301	9.32671299333	True	
0.659780524294	12.1873955683	5.4991584777	-2.41864431938	-0.77690906795	0.462626297369	0.620311636292	1357.26453738	9.23344586339	False	
1.10594045704	11.0906595949	5.45626348981	-2.391545777	-0.752269489319	0.237411767146	0.436939757391	1354.82795134	9.23344586339	True	
1.13289937545	11.1168485713	5.50926510918	-2.38597519143	-0.745120098414	0.309565264387	0.24502191556	1370.17083445	9.14111140476	True	
1.29266404296	11.5548053814	5.54976190408	-2.41752076455	-0.733781652504	0.240560823871	0.220286338928	1359.77644808	9.04970029071	True	
1.19946337928	10.6465397734	5.63044041166	-2.41076297983	-0.754947107859	0.345624082162	0.452493614328	1383.60603368	8.95920328781	True	
1.16023577866	11.4396352486	5.505663387	-2.39943492659	-0.764453908602	0.253328918158	0.762881196414	1349.3918953	8.86961125493	True	
1.37553867153	10.5704973969	5.51406815743	-2.42446341623	-0.762796135855	0.167970019002	1.03180075241	1375.147753	8.78091514238	True	
1.38804665027	11.1390669157	5.38303624434	-2.41503265803	-0.757088170019	0.204891130706	0.687713938393	1390.60464832	8.69310599095	True	
1.37242578557	10.6932638503	5.45161509867	-2.38933252226	-0.771642146215	0.215106843795	0.745283389978	1386.36045327	8.60617493104	True	
1.08170263623	10.698109478	5.54536865018	-2.38308788586	-0.762424449443	0.248719470593	0.868430332602	1379.64231761	8.52011318173	True	
1.37309129056	11.0593598678	5.57219769896	-2.42609703879	-0.767032515355	0.2211468532	0.918293207116	1375.24840066	8.43491204992	True	
0.983028363856	11.13734451	5.47378779416	-2.41076665788	-0.781145234088	0.314883077536	0.923999191822	1351.28889468	8.35056292942	True	
0.933532180548	11.5675804182	5.46729709107	-2.40211535634	-0.778837333115	0.310810142041	0.992104492163	1341.55675245	8.26705730012	True	
0.940503207253	12.36156883	5.46148268258	-2.40852871187	-0.78153837566	0.288857032361	1.18391022858	1346.85255042	8.18438672712	False	
0.668842206314	12.0669639021	5.49460650492	-2.41433029491	-0.775257550541	0.333863338283	0.999479286639	1366.64562197	8.18438672712	True	
1.22154365365	12.0408009593	5.56400529466	-2.41146543156	-0.761966438441	0.297027784581	0.728502359287	1372.64832125	8.10254285985	True	
0.675199475125	12.6559686551	5.53431791097	-2.40646706326	-0.777645905194	0.461574309454	1.18940002993	1372.21474103	8.02151743125	True	
0.844666612041	12.5920873311	5.49266079341	-2.3895930672	-0.777115850949	0.319997751386	0.937962773545	1350.10903939	7.94130225694	True	
0.875468952168	13.1486176217	5.57207323073	-2.3991699629	-0.776824436612	0.398427932983	0.760232359562	1359.82833495	7.86188923437	True	
0.766361404102	12.1310044029	5.60414046192	-2.39653644663	-0.775302553285	0.398436034488	0.565273483998	1357.46303972	7.78327034203	True	
0.917321182252	12.6471046326	5.50572007722	-2.41071760903	-0.770289827712	0.31646341985	0.697347390957	1346.96244681	7.70543763861	True	
0.821182820698	12.8391713031	5.47405803557	-2.43050107496	-0.775907811873	0.385586506319	0.557456016543	1370.63796783	7.62838326222	True	
0.930525630904	12.7313862078	5.59580095751	-2.40138349219	-0.765410532783	0.335259855505	0.775828040308	1361.70819286	7.5520994296	True	
0.698019537053	12.3056253138	5.44566380295	-2.40068609165	-0.760875993556	0.351039192219	0.585996346506	1348.23529912	7.4765784353	True	
0.732083887855	12.2690875454	5.38653166362	-2.39606005273	-0.75990020181	0.316084743223	0.533783617617	1349.3968983	7.40181265095	True	
0.770270172002	11.8218550743	5.35602820671	-2.39297094134	-0.767137974826	0.294360520499	0.530829085048	1360.128047	7.32779452444	True	
1.00373517511	12.3724204498	5.48554240358	-2.39739921273	-0.758692780187	0.325724733506	0.466861819449	1354.43148727	7.2545165792	True	
0.823619238756	12.7969315516	5.4280458973	-2.39826192403	-0.745622883417	0.30279535075	0.342985538123	1354.05049361	7.1819714134	True	
0.852336822265	12.851385638	5.50229463195	-2.41627319144	-0.747185451167	0.385580965401	0.232832444923	1353.61927261	7.11015169927	True	
0.803299124468	12.5087131753	5.5813682472	-2.39828760991	-0.781731793786	0.372235281778	0.680688890721	1359.85694284	7.03905018228	True	
0.702107313596	12.0203233966	5.57042064383	-2.41290525228	-0.779732214998	0.427713281711	0.639806652142	1358.31588158	6.96865968045	True	
0.971073913342	11.8381867178	5.5565344592	-2.41737222535	-0.785535558633	0.430869526136	0.748682107061	1366.867087	6.89897308365	True	
0.914700777125	12.557948958	5.47608583903	-2.40336286146	-0.76504509144	0.301821806412	0.596321706226	1345.501818	6.82998335281	True	
0.86184435929	12.5153486867	5.57500554685	-2.40142420395	-0.726573019674	0.366499371947	0.014834185205	1359.6284715	6.76168351928	True	
0.921162200247	12.1428586087	5.5859793862	-2.39537460787	-0.73992567804	0.350623226293	0.180239931621	1347.46595038	6.69406668409	True	
0.842939745766	12.2224467342	5.57113937184	-2.41511319873	-0.680545763716	0.358638487661	-0.130633395599	1351.32939482	6.62712601725	True	
0.841348262459	12.0579203993	5.58956622155	-2.41449680977	-0.68795952133	0.411924989387	-0.156019807516	1355.32907759	6.56085475708	True	
0.9048796549	12.3774660705	5.64208662171	-2.40298016355	-0.714494652364	0.360083743152	-0.0527093364121	1366.11805848	6.49524620951	True	
0.971726866873	12.9388862731	5.59443895994	-2.41189420584	-0.684957359414	0.336092580164	-0.132001419229	1359.66720902	6.43029374741	True	
0.935819964884	12.1792750307	5.61974995577	-2.37925093732	-0.716837682006	0.409428350956	0.036422844806	1379.96340174	6.36599080994	True	
0.946267384956	11.9649671444	5.65190033826	-2.41304672845	-0.719023231375	0.400633503344	0.0317763726731	1347.93256327	6.30233090184	True	
0.907515739898	12.2858198337	5.63111863045	-2.42085595372	-0.681176637918	0.342867348885	-0.146684904359	1358.78474269	6.23930759282	True	
0.944156370304	13.543729151	5.57848226213	-2.42736916326	-0.731596533763	0.337389821572	0.140818673862	1367.81375825	6.17691451689	True	
0.763683540295	12.940912428	5.56080060413	-2.40516020784	-0.744084958118	0.366825763691	0.199272780653	1352.55847893	6.11514537172	True	
0.846981776911	12.3258883732	5.56813524574	-2.40878664906	-0.702429215511	0.344475559638	-0.00501551825257	1350.4244802	6.05399391801	True	
0.757368268841	12.5006050208	5.63344887506	-2.4000233011	-0.724491035061	0.474248495046	0.0317652751471	1353.27951492	5.99345397883	True	
0.765160025287	12.9459279613	5.55810800761	-2.38425886659	-0.747284377849	0.423311883618	0.156591029926	1369.25366297	5.93351943904	True	
0.59309286802	13.3544064667	5.76230976801	-2.40939126375	-0.7672256928	0.545095758921	0.273437736604	1392.48272623	5.87418424465	False	
0.645073490409	13.9430974918	5.65462835202	-2.41002412089	-0.767920640563	0.540589244675	0.487607506816	1391.63481851	5.87418424465	True	
0.536404539808	13.8469131187	5.56028125424	-2.38076984927	-0.771826201287	0.485236446453	0.517197109549	1381.12990345	5.8154424022	True	
0.760906817259	13.7840321724	5.53596100458	-2.4093196565	-0.764620106149	0.389717707561	0.40095937746	1360.55966769	5.75728797818	True	
0.883935485891	12.8725289454	5.64019356764	-2.39755771429	-0.770157918574	0.493683428504	0.357654654719	1380.91627271	5.6997150984	True	
0.903658858591	12.6703227349	5.47881006169	-2.40629371244	-0.754140534412	0.308407380104	0.440035475281	1347.42726018	5.64271794741	True	
0.605666597386	13.1207844092	5.48525792585	-2.40345808079	-0.776993007804	0.424510758723	0.837366275332	1353.73883615	5.58629076794	True	
0.807136619671	12.9540837552	5.44660211898	-2.40841415828	-0.775851604161	0.352140097208	0.793221901731	1349.92229078	5.53042786026	True	
0.687169188439	12.5071449837	5.51965285898	-2.4020853642	-0.773695490484	0.370453133036	1.14049527614	1356.59516283	5.47512358166	True	
0.916754601215	12.3442403952	5.51649519755	-2.41107136317	-0.786777151376	0.360096784749	1.21383019591	1347.45485966	5.42037234584	True	
0.807388494593	12.093420665	5.44520173622	-2.4394486445	-0.780330000193	0.371480579058	1.12301027667	1376.56704679	5.36616862238	False	
0.772424801003	11.7728551324	5.51524641475	-2.3758840098	-0.784683031161	0.373467229872	1.08746077788	1365.01391213	5.36616862238	True	
0.881702015925	11.9238602331	5.40886518123	-2.40999557833	-0.783115494361	0.313957501474	1.22935181602	1343.69027687	5.31250693616	True	
0.725474486797	12.0357233776	5.46014059126	-2.40538254062	-0.781353076725	0.339214253166	1.04419621159	1347.53988792	5.2593818668	True	
0.952514300691	12.0464960558	5.49924601891	-2.39822384206	-0.784550518849	0.301938628923	1.28105788132	1345.88271454	5.20678804813	True	
1.07966930425	12.0276336236	5.64666103489	-2.40375578917	-0.77673290963	0.337259402258	1.41264057569	1367.76418808	5.15472016765	True	
0.88939901931	12.1256973026	5.48249078791	-2.41648176358	-0.778584084225	0.322171304289	1.40251571182	1345.62512678	5.10317296597	True	
0.871649734182	12.3233175359	5.36681586995	-2.4089208782	-0.776687691388	0.252017170872	1.25268802134	1351.19187786	5.05214123631	True	
0.914916695065	11.778664353	5.35431899283	-2.40340704177	-0.777682122913	0.24737568336	1.62190694108	1345.32141068	5.00161982395	True	
0.898324103621	11.5233266728	5.33477436435	-2.39075701305	-0.774310669896	0.254490996386	1.68024548874	1350.41471561	4.95160362571	True	
0.727151963812	11.1574442153	5.43573675817	-2.40586890772	-0.783279592607	0.396732212695	1.43581943988	1365.45549942	4.90208758945	True	
1.14977079058	11.2617267736	5.4858047675	-2.40609524619	-0.78031491444	0.284300884466	1.35250919364	1349.59103466	4.85306671356	True	
0.994567054025	11.4429030205	5.50047167045	-2.39011728367	-0.772389781943	0.242462121452	1.36656055582	1353.71456878	4.80453604642	True	
0.710765847744	11.9166122326	5.42793915823	-2.37525758911	-0.795440709987	0.37702340418	1.57861856862	1373.05914172	4.75649068596	True	
0.851193841511	11.6288428654	5.48392446263	-2.38968079529	-0.796073514543	0.365543548515	1.55838541402	1360.96263128	4.7089257791	True	
0.817031521575	11.779011109	5.38523103272	-2.39556275258	-0.774588500409	0.283137083303	1.43333529113	1344.33769823	4.66183652131	False	
0.738201612624	11.6162935728	5.29859263772	-2.41873051266	-0.775953215856	0.319775535951	1.49882011791	1362.28438927	4.66183652131	True	
1.03466564309	11.8890222927	5.42202371065	-2.39531693525	-0.773756609509	0.210678567218	1.53657855226	1349.22901641	4.61521815609	True	
0.928740546895	12.1716921698	5.47767700272	-2.40174312906	-0.783864158052	0.325633168453	1.40314653264	1342.28178871	4.56906597453	True	
0.917177245739	11.6901969233	5.47830438911	-2.41274151367	-0.779983851821	0.305669599699	1.38676273016	1343.04677879	4.52337531479	True	
0.6916910313	11.7859934324	5.36522922566	-2.4102691892	-0.776615212197	0.34088737739	1.39636089484	1350.99675942	4.47814156164	True	
0.917981274718	12.4121835535	5.38138918843	-2.40718934606	-0.771652518138	0.258685625987	1.37129246097	1348.89133327	4.43336014602	True	
0.672664199712	12.3464764869	5.55313847597	-2.40208908338	-0.785759441584	0.407290226331	1.54317505359	1352.92770404	4.38902654456	True	
0.81961391576	12.8456297536	5.4518613385	-2.39793923094	-0.782736776386	0.299024667028	1.5728642059	1350.81286026	4.34513627912	True	
0.853444451103	13.5106383983	5.40848212323	-2.41130520852	-0.779840161649	0.329196679585	1.57593277176	1361.91684163	4.30168491633	True	
0.931161978171	13.5223592603	5.4561480852	-2.4001207895	-0.770347951206	0.22331122983	1.52233226105	1367.22627939	4.25866806716	True	
0.741383249864	13.447802756	5.44489206964	-2.39724571712	-0.786198528622	0.366954015853	1.47830219064	1356.24036452	4.21608138649	True	
0.720814096805	13.6761626692	5.50203785646	-2.39885706919	-0.781022003848	0.369437447539	1.41592645377	1358.93657851	4.17392057263	True	
0.759346886213	13.7156349632	5.50527750512	-2.40083944766	-0.783336953769	0.368030393732	1.26285568317	1357.78515393	4.1321813669	True	
0.847566785263	13.3165661768	5.49688831303	-2.38618966684	-0.769584165386	0.287144939149	1.09053204452	1367.50573044	4.09085955323	True	
0.857095777731	12.942244901	5.41708964766	-2.40296705827	-0.778974428052	0.283836825771	0.933875290543	1357.73171398	4.0499509577	True	
0.966892718047	13.1756068096	5.52930956532	-2.39467868395	-0.773299733644	0.261313055197	1.05275054393	1363.78631856	4.00945144812	True	
0.762233710906	13.3812266712	5.46495085816	-2.41345777147	-0.779779807193	0.344304996624	0.782835639389	1360.99520283	3.96935693364	True	
0.865651548226	13.2051928297	5.42514575466	-2.41265377284	-0.766578459638	0.274376757798	0.703148981002	1357.90594656	3.9296633643	True	
0.763439742335	12.5371762799	5.38261981401	-2.40241023162	-0.772814307801	0.352240312571	0.746503590472	1350.79397413	3.89036673066	True	
0.999323674396	11.2150649434	5.46500094628	-2.3968225061	-0.759147466536	0.243139362444	0.683218050882	1350.10577766	3.85146306335	True	
1.11414684415	11.1410505392	5.48798769273	-2.40260558029	-0.770984671853	0.250395508273	0.660171377396	1353.98745903	3.81294843272	True	
0.866559546018	11.4994652835	5.42261432338	-2.39557437291	-0.765789119601	0.334109034905	0.537131567799	1348.43884716	3.77481894839	True	
0.879748842518	11.8127101283	5.43322122596	-2.40463423116	-0.775619402164	0.345174384929	0.659829555944	1346.06163118	3.73707075891	True	
1.0826067213	12.0236777232	5.51812925087	-2.41008259857	-0.76934153948	0.354162241482	0.715343094845	1363.2541454	3.69970005132	True	
0.88543272276	12.3762878669	5.5353828329	-2.41137113502	-0.777313370156	0.372458847822	0.783065128572	1345.81910045	3.66270305081	True	
0.98734744567	12.3707315324	5.5421312242	-2.41176789397	-0.781620041033	0.327593217131	0.798013012181	1354.03909677	3.6260760203	True	
0.901523095022	12.2295071124	5.5088869556	-2.39694603522	-0.778978436166	0.334388658478	1.0460208514	1343.21771838	3.5898152601	True	
0.779883509569	12.082597626	5.45702621665	-2.39885992105	-0.786624608678	0.397866776339	0.986856029221	1348.11783221	3.5539171075	False	
0.679381074434	12.4482975117	5.49944570221	-2.39234939305	-0.78134465712	0.392945670121	1.04299641417	1348.06141256	3.5539171075	True	
