Parameter 1	Parameter 2	Parameter 3	Parameter 4	Parameter 5	Parameter 6	Parameter 7	Parameter 8	Potential	Temperature	Equilibruim
2.72666508083	8.46851513909	-4.74089150062	5.6052641183	-2.50824418447	1.29791193274	2.16745672378	1.10416330478	19276.2346232	18181.8181818	False	
2.70501036581	5.82861731499	-6.24421375077	3.60838188045	-1.81140401522	-0.873964682295	2.20951002696	3.89517015018	6386.26938065	18181.8181818	True	
0.762471978501	2.99875968766	8.85283114742	4.87560936883	-2.53263551731	1.3261603892	-0.878568487782	2.93718848657	7816.95137791	17272.7272727	True	
1.7871249487	12.6762721172	5.88185700844	3.20242245059	-2.300427476	1.3575665124	-0.227545885952	-0.13605231739	38928.9814248	16409.0909091	True	
0.810665916684	10.0370184746	-4.78823706851	4.47010662774	-2.09913755688	-0.793440340746	0.589393473739	3.29038575467	8086.63628734	15588.6363636	True	
2.4825739491	1.88042249658	4.37699784389	6.39430591812	-2.26385447632	1.44886987684	2.10202038397	-0.746934124247	16336.8594956	14809.2045455	True	
2.15180766246	-2.66690495921	4.2274014696	3.56688585907	-1.19469393925	-0.759495039293	2.26904668554	-0.285681922277	48325.8496979	14068.7443182	True	
1.05410074337	0.552146658921	-0.777982947385	6.75574553727	-1.55454898772	-0.487660908912	2.069894608	3.52548514478	34191.5807523	13365.3071023	True	
1.9162293934	10.7824491365	4.76832873539	6.1410289423	-2.24051440729	-0.724552412734	2.24752494703	2.83175867041	7717.44623537	12697.0417472	True	
2.84002690014	9.2929354124	-4.8967970414	5.27816702685	-2.59147260971	0.706378972284	0.0463223195326	1.25999454239	15611.7620586	12062.1896598	True	
0.663040065821	12.9804437775	6.60692838581	5.49314293106	-2.33696505659	-1.05210627256	1.16740728247	2.95749970752	11619.3345611	11459.0801768	True	
0.0626359031997	-1.59255304836	0.444770003112	5.36184384527	-1.81425291457	-0.853143761294	1.98574507254	0.0795242568186	24164.283762	10886.126168	True	
1.23571830455	14.311423448	-2.00305692093	5.54536045289	-2.69255345511	0.675740060582	-0.88290173997	0.834155837592	15649.6008544	10341.8198596	True	
0.148862014218	-4.73460070749	8.45723642185	5.41070423069	-2.30485939926	1.68880460486	2.88716875224	-0.509206858351	20471.3416876	9824.72886659	True	
2.26661378851	7.66362940859	12.0379200535	4.59746522658	-2.16579545199	-1.19932576051	0.877767457511	1.05472673968	24667.4648443	9333.49242326	True	
1.17584865745	3.95406994534	-5.17845601046	6.44646416112	-2.796282394	-0.213563184694	-0.482824677027	3.04485932022	14003.0717111	8866.8178021	True	
2.07219406071	14.7720957783	0.280683001055	3.87446717832	-2.54636964766	0.414832954692	-1.03942947453	2.06004250481	18195.0264635	8423.476912	True	
2.11964546263	2.00201204004	8.39543651611	5.95014998892	-2.6337720391	1.87981931677	-0.619534728992	-0.414219922997	7473.28822859	8002.3030664	True	
2.19919261574	-4.86254124065	10.1649348766	4.64351234682	-2.41920305477	1.96558133207	2.16016658631	-0.573133885078	18894.7306737	7602.18791308	False	
1.25417364864	-0.414467320605	12.7950366216	3.05008828024	-1.24623388339	0.577363321974	-0.538341702817	2.30770409396	16234.2253513	7602.18791308	True	
1.87322745534	1.0740299938	2.5116112364	3.16138431367	-1.48895329825	1.89811706453	-0.68296501863	1.3024304631	10450.0146407	7222.07851742	True	
0.759892833749	2.41625872525	-1.46401364236	4.30811005377	-1.97797264685	-0.717271572777	0.782119550941	0.968194781315	4345.61388382	6860.97459155	True	
0.62932955026	-1.480059678	2.16416843197	3.69197877438	-1.43759640208	-0.238136373503	0.891390676523	-0.261084256067	15819.7915616	6517.92586197	True	
1.14068455699	-3.91484263105	5.57829233505	4.9177999746	-1.20125446557	0.230896218594	1.06521613699	2.71029876713	18697.0416298	6192.02956887	False	
2.59538854053	9.96798742255	-2.52262236019	5.3247716008	-2.39788700582	-0.427946264107	0.601777669021	3.0020009652	23929.2989894	6192.02956887	True	
1.54489882819	2.80087247697	12.271691187	6.40738788204	-2.70614807669	-0.439398435493	-0.511604078673	-0.43677578679	8010.188078	5882.42809043	True	
2.68957564678	11.2153580386	-0.184325066059	5.17283127442	-2.19946702061	-0.86752230233	-0.0475652639341	0.61327588337	6832.00720381	5588.30668591	True	
0.408603381298	4.28793387477	12.4019042783	5.76589045827	-2.12216832311	1.41518787522	-1.00806077987	2.11219857184	17595.6849564	5308.89135161	True	
2.79735905596	2.14271882999	8.12954359763	4.89295970307	-2.46276595193	-0.920681011652	2.31315556187	0.770048226636	7328.07965142	5043.44678403	True	
2.81784890403	1.03382191448	12.035175767	6.82517579419	-1.29098706699	-0.688752464127	2.34922554049	-0.423795591388	10742.8555797	4791.27444483	True	
0.66667485352	3.07488615694	4.28628440747	4.66704148917	-1.51699752359	-0.817133142084	1.92081546767	3.14161357907	14213.9732986	4551.71072259	True	
1.81599878248	2.03584759672	8.14716167726	6.00035083201	-2.29430791479	0.49405126455	0.815974978445	-0.696545801863	6119.98914669	4324.12518646	False	
0.48261986078	12.3153560658	10.8642375247	5.09427269838	-2.48940532081	-1.07270209541	2.99534865015	0.432616103522	14109.4476106	4324.12518646	True	
1.30955323019	13.3084855796	12.1769136757	6.59138534674	-2.13438098192	-0.90362891552	-0.0755495532733	0.650762145468	9898.89643291	4107.91892714	True	
2.98121674774	8.19581807394	3.41809014382	5.18921754324	-2.26364015135	-0.367708362748	-0.487473322843	2.24702636343	6184.15822734	3902.52298078	True	
0.531150197235	14.3176795681	-4.61751806163	4.99632465546	-2.43698369773	-0.87129849935	1.18466816214	2.53443384109	4821.83527864	3707.39683174	True	
2.40135570254	6.20526445585	4.08151944897	6.89282974157	-1.28823059057	-0.557675357098	0.293206770162	-0.876132152459	22013.2851297	3522.02699015	True	
2.03617637347	4.86594030483	10.3894140057	5.02088084446	-2.19008865672	-0.721377711122	0.0777135854747	0.258848291591	4222.83322898	3345.92564065	True	
2.27844061896	9.78581653846	13.1765963658	5.22025496325	-2.5132160541	-0.551180080151	-0.429826536934	2.58615981897	4253.98644184	3178.62935861	True	
1.23174979257	-0.168916271659	6.70058696586	5.00854744523	-2.83004754441	-0.766679080156	0.703124467363	-0.163186408183	9492.89224273	3019.69789068	True	
1.8342658539	-0.257640978147	12.7435952818	6.08772665362	-1.7372376638	-0.703756018693	1.27524630503	0.989462567324	9127.75516463	2868.71299615	False	
2.49803022837	7.13146138743	9.60214016433	6.7320545822	-2.75927426426	-0.625558071207	-0.445784833957	0.549881335408	9159.68458434	2868.71299615	False	
1.47866909747	0.636542822653	12.3058428073	5.30658435746	-2.04233931287	-0.757313998697	0.443166004818	0.547303051799	3908.67173339	2868.71299615	True	
0.0745906797183	10.0132728535	-4.66619180476	4.69687773802	-2.33799059925	-0.76466646	1.62189811343	2.59787234619	5937.35092216	2725.27734634	True	
1.94117263709	4.09878249152	5.68183690005	4.82415807044	-2.04845911136	-0.791417051391	0.322149716942	-0.325196304746	6923.2703919	2589.01347902	False	
0.979757453038	-5.40264541503	11.3813172781	3.97342920771	-2.32613378238	-0.647487602733	2.76554143096	3.86430268478	7481.02955682	2589.01347902	True	
1.39682782512	5.52847955127	2.94331883574	5.25638229027	-2.33332931209	-0.857356198351	1.72769220268	0.384393946195	4101.83662881	2459.56280507	False	
0.934021232416	5.73246690112	-3.96909543168	5.01556039497	-2.30816728582	-0.668459974115	-0.194616460443	3.75786474888	3411.01320091	2459.56280507	True	
0.615924454782	11.1718586448	2.83333468419	6.26758849709	-2.59918312583	-0.648442643375	2.51807144192	-0.58143297019	6731.14014648	2336.58466482	True	
2.90364807034	12.0097712183	2.3639718306	5.51055754985	-2.38306661109	-0.887394611924	1.82552654353	0.148881239002	6301.33442027	2219.75543158	True	
1.75112836699	5.44389426164	4.21671659336	6.34587488128	-2.08292850474	-0.867546675227	0.606138393907	1.10695188172	5080.8259326	2108.76766	True	
0.366213000946	-7.40786299691	10.9023351084	4.49049579429	-2.26711254939	-0.62398280503	2.89143776163	0.503703873452	4564.13705399	2003.329277	True	
0.139728028038	11.5027060012	8.79367723003	5.9084450472	-2.48584464148	-0.842581557636	2.37489503413	1.77984156146	4978.69322652	1903.16281315	False	
0.884791971497	1.98065164413	13.752946184	6.08936324592	-2.58370348824	-0.804079456889	2.29611719617	3.50724090716	4673.40489802	1903.16281315	True	
1.82652123064	12.9445014764	6.60495771489	6.35087185038	-2.52600693595	0.187611487171	1.37505416324	-0.693891148667	5628.72541927	1808.00467249	True	
2.46016637887	6.13745325926	13.5332867431	6.43278036646	-2.6047600438	-0.827984289849	1.41647159129	1.14253962937	5697.47789584	1717.60443887	True	
1.31714660324	-3.08937428976	12.8582754483	6.47533533157	-2.53234470725	0.303589123221	1.33880673626	-0.556605470711	8773.78540265	1631.72421692	True	
1.06917117905	3.24396677725	6.78682491227	6.09410899929	-2.48687380026	-0.650475726068	1.07735392697	-0.497234241603	2860.85261001	1550.13800608	True	
0.0486663371764	7.08213453038	7.66360753122	5.97505641266	-2.73613996386	-0.186098090099	2.75899063102	-0.658078936006	8321.39397554	1472.63110577	True	
2.57863600514	3.17433172175	11.7810165133	5.6522016647	-2.03312409135	-0.772505744439	0.00604560216195	1.40267374503	3289.37889813	1398.99955049	True	
0.270343694515	12.2901549855	14.7330919242	6.57216057021	-2.39433824344	-0.715375841753	-0.519813993877	3.50790685024	6804.97040562	1329.04957296	True	
0.958523555395	6.12193733357	-0.395098300032	5.46260214799	-2.27339859908	-0.876820725469	0.852984779116	2.10095223562	3651.81348992	1262.59709431	False	
0.713660033372	12.5984678123	10.0287948527	6.59183015429	-2.56458421486	-0.46473645904	-0.698917461665	1.86678023054	6168.06645877	1262.59709431	True	
2.54181121136	4.49652787204	5.09984292804	5.92531540871	-2.36626893447	-0.347754978355	0.861066896365	-0.61317788908	3041.49836299	1199.4672396	True	
0.535352569707	-1.69552489948	14.1906328046	6.22846752231	-2.39907247478	-1.01614650953	1.22311027888	1.54125772593	8612.07998888	1139.49387762	True	
2.16032112174	3.88200425662	11.703613923	6.35361595347	-2.06528731579	-0.513378615231	-0.68550979296	0.900975084406	6671.46382588	1082.51918374	True	
1.91790883456	2.22226627552	13.8392625721	4.71339429792	-2.3639681113	-0.4213200819	-0.758374891952	3.97535406765	4992.85540728	1028.39322455	False	
2.36009620788	-3.01983073138	12.7596487803	3.75544066046	-2.44355603614	-0.471879465643	0.739774762923	2.41432668364	6350.14048131	1028.39322455	True	
0.884064237418	2.55743974043	4.57697011857	5.20251161697	-2.3015780686	-0.835702282736	0.86008241311	1.22257193887	2689.34675163	976.973563323	False	
0.625634377639	4.1389575178	4.9229907808	6.2454923949	-2.55392460101	0.204077635017	-0.808391102194	0.132125228275	5532.10275706	976.973563323	True	
1.75369110503	0.23450077714	13.744213543	4.3602039515	-2.16454639179	-0.693965510784	0.218705798004	0.725092518326	3405.29627417	967.203827689	True	
0.672414794951	-1.78767084373	9.87030449621	5.22109394697	-2.59208469852	-0.232005764774	1.29004126971	-0.493710717955	5285.18360887	957.531789412	True	
1.19493975202	-3.91984638697	8.90066261342	4.43400549011	-2.09517748633	-0.841343114863	1.84528559839	0.379895442954	7226.83332354	947.956471518	True	
1.69810129205	4.72503806528	8.59184905214	6.82252221612	-2.30002458156	0.881371950826	0.515705365055	-0.767705508386	6292.41840237	938.476906803	True	
1.59594357664	1.2680850262	14.6348908968	5.74569908278	-2.21454988209	-0.635954389198	0.341108197377	-0.0173553768913	2751.99878957	929.092137735	True	
2.40027503144	3.69030201623	14.3237851577	6.17820111342	-2.60224098498	1.8323218404	-0.822223183539	0.739140597119	7572.22433249	919.801216358	True	
0.917977131719	1.86800147329	14.5665619361	6.0134808014	-2.2720325302	1.97824476399	-0.76101585462	0.959820075804	5156.85991494	910.603204194	True	
0.660243082136	6.33734501096	10.7745740219	6.78616508513	-2.35775370792	-0.22534386079	1.57567073779	-0.650518885158	4343.10690869	901.497172152	False	
0.541203229772	11.1574807169	14.747122625	6.27859574579	-2.41984089403	-0.406592898986	1.15543378184	-0.736710814641	4537.43022755	901.497172152	True	
2.70609072684	4.12267421428	12.494964107	5.37372733444	-2.32616950601	-0.788144932005	1.02519110673	2.22438306409	3863.72152287	892.482200431	True	
2.53390361061	4.46580489307	13.7913865721	5.02651141862	-2.12037030428	-0.876268075142	0.0387200062104	3.0216647159	4747.1511421	883.557378426	True	
1.61297878756	2.51872945846	9.46093919501	5.95332282734	-2.56921838985	-0.915784792053	2.14387172977	2.84840697641	5567.27732172	874.721804642	True	
0.394593008865	-4.25470255045	14.9188950037	6.19577954709	-2.11320576458	-0.891527749396	2.88408472103	1.54482459257	5394.71382174	865.974586596	False	
1.96831890341	-0.229813565004	13.7704769058	3.46187525495	-2.37719840845	-0.444233398401	1.399560838	-0.715595129353	8539.47048969	865.974586596	True	
1.83460613219	2.14659117199	6.44002049915	5.12903766061	-2.30240687575	-0.842531290418	0.586914677037	-0.183706978516	4054.87027695	857.31484073	True	
2.39091663596	9.42506077141	6.74802471231	5.00929052143	-2.4340788156	-0.406666487468	-0.603017131126	0.414340557279	4397.93487143	848.741692322	True	
2.670661509	5.53642607598	14.6304337236	3.59819873269	-2.14932752723	-0.986675577842	1.31366519948	3.34817140398	9148.60726863	840.254275399	True	
0.565298290279	5.47985472444	11.4824359168	5.3512437825	-2.62014282888	-0.742601840551	1.69841207257	3.01252667691	6627.62903766	831.851732645	True	
1.82622497809	2.00505317136	12.1998190762	4.33286225926	-2.31720042303	-0.871321247579	2.95856199071	2.56146152093	5865.39361848	823.533215319	True	
1.09781885562	2.46173511919	5.49890688683	5.51431516242	-2.51417382068	-0.790610323704	1.1334638719	0.178194736305	2678.98394439	815.297883166	True	
2.36965725213	4.73914567406	9.31475358063	5.29529959166	-2.36233753769	-0.887630213326	0.413799739241	1.42862398076	3839.67527565	807.144904334	True	
0.831902824772	0.812988042175	2.7205755968	5.36246571705	-2.38318708045	-0.706501031936	-0.21253845237	0.636732318182	4084.68822225	799.073455291	True	
1.68000328565	8.42043110975	11.9463175075	4.61041609711	-2.22867673065	-0.728753578727	-0.092443083616	2.95718608558	5058.51297771	791.082720738	True	
0.735538332548	4.72549809591	13.5065193919	4.95263735119	-2.63469470939	-0.882769828392	0.753838311726	1.3900315503	5086.73395651	783.17189353	True	
1.13949820793	3.06756414434	2.12590009236	6.00438380495	-2.19840492526	0.0072701195414	-0.695796912876	3.30563421336	5187.76354156	775.340174595	True	
0.171277979949	0.990187171508	1.5831929994	4.44237528548	-2.0753362231	-0.629707424751	-0.255354907207	3.10300704486	2764.49630726	767.586772849	True	
2.17052076989	8.27127851513	-1.93380654511	5.75806864656	-2.46479384381	-0.825304371231	0.900878047259	1.81981571072	3637.2736564	759.910905121	True	
2.33672643891	14.3032678772	14.5544589936	4.65011407449	-2.31649397494	-0.85509124851	1.03350300534	0.896170772492	4633.7776352	752.311796069	True	
2.60045776509	4.21113765798	12.0869602455	5.17156122107	-2.41789028637	-0.178823624944	-0.549306410749	-0.259495632126	3529.22618905	744.788678109	True	
2.6787796816	5.29381920242	7.06958263672	4.72939264237	-2.22298706111	-0.891792206296	0.608571593995	2.9043861224	4416.01815939	737.340791328	True	
2.78712087649	8.07243178924	0.378310074407	6.13550632485	-2.51588675887	-0.512200340757	-0.536288931069	3.60671638328	4669.26738466	729.967383414	True	
1.31617544733	6.47914459315	-6.15931198826	5.94597412819	-2.36391810427	-0.745611579997	-0.170374143801	3.4923828231	4125.89975615	722.66770958	True	
0.716721513615	3.88903775038	2.67804272451	6.68314835372	-2.41622890793	-0.8308261933	1.50664651965	1.05689396128	3020.42253345	715.441032484	True	
0.528556027551	5.98479617399	9.67232258461	6.52072934508	-2.48827927794	-0.792176419228	1.28093435962	2.01396245352	3782.06877864	708.28662216	True	
0.508327952761	1.51954023087	3.93700134077	5.37902563912	-2.54137654688	-0.810929108832	1.76372383844	0.262726623561	3570.50374518	701.203755938	True	
0.849022275919	0.913854361793	14.5504344826	6.89027037527	-2.48513714964	-0.409700730528	1.56630566632	-0.570867622067	2157.4057042	694.191718379	True	
1.26122995198	-0.222389465117	11.7443111987	5.95759744039	-2.40812162961	-0.756678592898	1.40383908924	0.550662492549	2322.37614561	687.249801195	True	
1.87822995506	3.16718941578	6.72891159852	6.48155422353	-2.56549238249	-0.698221297212	0.0419054953074	0.0163071762634	3312.41791523	680.377303183	True	
2.13561541915	2.86204058771	7.36938934873	6.16908106526	-2.2944373998	-0.61428605888	0.343375822419	0.004210295647	3220.42178824	673.573530151	True	
0.04889885706	1.95390974552	12.5512955994	6.13090558898	-2.25272791302	-0.832315692257	-0.04728949814	0.373125149019	5216.28538524	666.837794849	True	
0.911694705642	0.00929150058117	11.193231262	6.78394722875	-2.44587826466	-0.891395356369	1.50389292774	0.708234426663	3422.17413687	660.169416901	True	
0.261470802134	2.61483384801	14.3510263208	5.63922002424	-2.43568520714	-0.718443839848	0.223207791596	-0.400332783748	3555.33114861	653.567722732	True	
1.42320168061	6.83137309174	2.87284747716	6.03601883144	-2.56408642268	-0.781863478307	0.850183722123	1.10278966089	3541.34732332	647.032045505	True	
2.02620475675	3.3055245919	12.155285879	6.1843905834	-2.30375402875	-0.164858926396	-0.733214610088	0.896485556089	3750.81075916	640.56172505	True	
1.84829866964	5.69509101459	14.642168596	4.90354811346	-2.49669455881	-0.879536966941	0.0473696634521	2.19433743156	4555.25882224	634.156107799	True	
2.54128904744	3.97758820056	2.65896732581	4.83969324751	-2.060767994	-0.742833160082	0.422951095909	3.27741236623	4584.27872189	627.814546721	True	
2.91980284027	11.669497107	5.74343382532	5.59845917143	-1.23386219247	-0.766164692619	0.461979842353	2.37361068057	8729.24377009	621.536401254	False	
2.29608762423	13.1794509179	13.7254334399	6.42863870299	-2.28405179176	-0.820506438037	1.62253751442	1.22886952834	4830.08286237	621.536401254	True	
1.95085702875	3.70606422758	14.3466067538	6.04770005447	-2.48130110733	-0.590785643101	0.759287273327	-0.379991534827	2643.95301998	615.321037241	True	
1.9046995483	1.97616672837	14.3920592008	5.24866207723	-2.29935837618	-0.64677470725	-0.0956301539409	0.0988676922793	1854.78259171	609.167826869	True	
1.03314563635	1.1711731522	11.9114024518	6.64934644229	-2.48091324589	-0.665618627578	1.2318890216	-0.399585187773	2114.6773424	603.0761486	True	
1.89442986955	1.01123478634	9.31236539037	5.51641129425	-2.43540983444	-0.849810021667	0.25227260191	0.627953771943	2945.53112373	597.045387114	True	
2.6623090605	2.59875148446	8.801145897	4.32099583441	-2.3078131916	-0.769733776058	-0.0239079129912	0.035363521655	3471.66086374	591.074933243	True	
1.39071130627	9.20611862427	3.18864199754	5.32360124721	-2.30028309638	-0.721394684793	-0.0806526064677	2.64639754833	4108.77605614	585.164183911	False	
0.302351656475	3.54907681685	9.39507737821	5.79043858198	-2.47927458749	-0.710910304791	0.179442168581	1.63086185991	3074.73423477	585.164183911	True	
0.135095760335	4.29887129725	4.63577151897	6.28571490793	-2.48330590163	-0.643786381513	-0.206866078318	3.6534540684	3262.96599608	579.312542072	True	
0.457347272088	4.08910438458	4.23853993758	6.52900604297	-2.58603926838	-0.549396782075	-0.564893044762	3.2491980867	4102.29676676	573.519416651	True	
0.0380159084572	12.3524762451	4.57173516037	5.97159950124	-2.37366295851	-0.878520259488	0.848709829725	2.28596144097	4513.97846177	567.784222484	True	
0.513795386473	13.4002071046	3.46396010149	5.52729032886	-2.4659760022	-0.849577899811	0.432261018988	1.10994525504	3602.50688441	562.10638026	True	
0.742885492481	10.037007526	-2.71653531632	5.31426947814	-2.47899901447	-0.844138742337	2.21796403428	2.07431626625	4049.8731271	556.485316457	True	
1.73131195192	1.37701162231	12.4872537842	5.86138658151	-2.33390661736	-0.532027644334	0.478732899184	-0.470522543248	1614.7882866	550.920463292	True	
1.0853864704	6.88531735837	2.67644123895	5.13466316793	-2.61315164663	-0.388867466774	2.77615013489	-0.58493291517	5475.60158807	545.411258659	True	
0.540724973396	0.647943025035	13.4643709931	6.04669371825	-2.41855241687	-0.477071546053	1.1336735943	-0.607153030954	2058.01613505	539.957146073	True	
0.392385960013	0.28577346594	9.44718230266	5.94335546694	-2.50433235929	-0.712133793686	0.860964060046	-0.0116821755723	1696.14945357	534.557574612	True	
0.948433076121	12.8604885409	12.4311653132	6.015879786	-2.5090827069	-0.58813213222	0.796674298884	-0.5868858318	3901.25940503	529.211998866	True	
1.92045832113	1.35923243094	14.2415868892	5.3326340811	-2.44246345005	-0.806514859281	0.563905495204	-0.0342037057602	2473.4730781	523.919878877	True	
1.56469151365	0.709876160897	10.7788706142	5.67153525666	-2.49534030341	-0.776705557641	0.500959342212	3.52996495264	1844.99538824	518.680680089	True	
2.62111998827	5.30956390658	5.52635150422	5.62472039484	-2.15915216799	-0.73996822089	0.0523416683917	1.07460556525	3610.62795449	513.493873288	True	
2.33139760816	2.54966936139	7.77274034773	4.653621657	-2.55781072904	-0.768408838447	0.333830932927	0.497071002845	3672.56108646	508.358934555	True	
0.948170299628	1.02646928421	9.3824208705	5.45414301902	-2.27249895552	-0.692602583679	0.564212806525	-0.165391609214	2326.86015661	503.275345209	True	
0.395881435198	0.328186640587	4.1678831831	5.30536166874	-2.36458924949	-0.778373278896	0.403223167022	1.50210288662	2077.1612474	498.242591757	True	
1.29014736401	0.136933376312	12.9020415987	5.34052264267	-2.4281054912	-0.731520232808	0.319826649592	0.162159258837	1470.65787811	493.26016584	True	
0.534483731118	1.54829656506	13.7121310431	5.54383678799	-2.41667330938	-0.655777482955	-0.0487319902141	1.58321540235	2301.07973213	488.327564181	True	
0.669826748781	-2.78658970326	14.3075882632	5.84822825315	-2.38439521116	-0.81244370609	1.89720380878	1.77821081421	1635.04194654	483.444288539	True	
0.602659372783	-3.50213929211	14.8748398434	6.02615369956	-2.3709752815	-0.817336479548	2.42790347444	2.52646741521	1911.31573334	478.609845654	True	
0.260777631969	-1.16211345694	14.3146690042	5.13091955547	-2.5984806922	-0.733297281943	1.6206177661	0.263835901902	3598.82909508	473.823747197	False	
0.900848041877	1.82112835319	10.6021741531	6.22686586342	-2.32291576811	-0.738678894219	0.0782811130192	0.481098094208	2143.13519633	473.823747197	True	
1.11465884432	1.37660407827	13.2641172114	5.38216437455	-2.47348656662	-0.233529237801	-0.636298137596	1.42291135202	3118.93128328	469.085509725	True	
0.13289143019	0.696862543962	7.01812282528	6.71583578172	-2.68006457036	-0.277164957621	0.38652797346	-0.528448986708	4927.61080652	464.394654628	True	
0.123493849766	3.12480551421	1.39606788503	5.58142903476	-2.25927924603	-0.698143512782	0.0516486837774	-0.0323057031454	3961.05044159	459.750708082	True	
0.340334744793	1.19166386407	5.88722872615	6.2937662499	-2.54590897726	-0.683279628537	0.623654644343	-0.33434398012	2279.1042222	455.153201001	True	
0.560019279826	0.10212147418	10.8235979143	6.7962921375	-2.53991863735	-0.373139127228	0.971022444866	-0.552770720557	2229.77046106	450.601668991	True	
0.411883098094	-1.17696009655	9.42423309079	6.16525060536	-2.49003190967	-0.746194080358	1.00176106119	0.0497602103234	2141.98964992	446.095652301	True	
1.02297571144	-1.20884767908	8.57703262558	6.44648167426	-2.32954967167	-0.238427082046	1.71404234496	-0.657388332093	3483.26080726	441.634695778	True	
0.655602881517	-0.696670621901	9.49793928365	4.40555569399	-2.23829896943	-0.775531658546	1.02391908245	0.874225928304	4202.25471301	437.21834882	True	
1.21800105067	0.731643352865	8.89695127893	4.58587844473	-2.20419184169	-0.679286721225	-0.303767767841	0.667044981209	3528.78277039	432.846165332	True	
1.11320620573	1.84250374466	10.7547998314	5.15695822795	-2.45135863361	-0.26156733257	-0.259459754908	-0.407179033707	2473.03443024	428.517703679	True	
0.746566836153	-0.0496940100896	11.5165765458	5.54018969519	-2.32757329446	-0.765885281442	0.506932296615	2.38147867332	1674.13541607	424.232526642	True	
0.819177118598	1.63654514841	14.4760487857	5.36384105415	-2.47384369388	-0.778570170719	0.193010256584	3.68623044343	1641.20546291	419.990201376	True	
2.05674579505	0.825836583186	12.2456832995	5.09933174585	-2.41444245441	-0.772639608372	0.193683950715	3.93643365566	1818.68291931	415.790299362	True	
1.82751683382	-2.34863156132	11.0570811869	4.36676150584	-2.43564594602	-0.817799734716	1.58226062136	2.88115275775	3090.32561062	411.632396368	True	
0.542136898005	-4.06577002937	10.5707613581	4.40708608582	-2.37416894168	-0.621766631258	1.29273687809	2.34688700698	2689.62328166	407.516072405	True	
1.44594388468	-0.669761072916	13.1256145847	5.59320647976	-2.39713636926	-0.795152481755	1.26982991282	1.18425521762	1782.32868515	403.440911681	False	
1.7534278292	3.74868808709	9.06555571799	5.95048779455	-2.46044473646	-0.673703231926	-0.285564970902	1.65158846775	2358.11321207	403.440911681	True	
1.02451227052	1.93657647206	6.59573853988	6.13755072125	-2.25761990002	-0.71868494769	0.325318919595	3.00171614958	2762.45802342	399.406502564	True	
0.95993480501	4.30467510333	7.95604447563	5.10284223624	-2.509066128	-0.828935430524	0.816986146203	3.61150219433	3367.68372216	395.412437538	True	
0.46022653505	0.45251214879	11.3568748129	5.32833978447	-2.48301626767	-0.867612881848	2.71696310167	2.44210523941	4490.43756778	391.458313163	True	
0.736308318903	1.48237538373	6.21486433563	5.66348644151	-2.29654169034	-0.735110855532	0.253092194934	2.83580813952	1984.87991937	387.543730031	True	
0.196344415449	-1.63916598067	14.9113082158	4.64758568934	-2.46735873889	-0.655773901811	0.702348227547	2.26507793397	2795.07496798	383.668292731	True	
1.2107796973	2.52853806773	6.80551800282	5.64491464475	-2.53316307783	-0.541814530349	-0.481462730321	2.82724138358	2403.73698946	379.831609803	True	
0.718466147027	2.74053011421	5.49648342676	5.16353656117	-2.44082450964	-0.653596253233	-0.383700502116	3.67840748457	2106.69813177	376.033293705	True	
1.06581757443	-0.111238239344	10.9574514751	4.60700813393	-2.36427012803	-0.729683786648	0.100734473525	3.76741485354	1787.69308626	372.272960768	True	
0.562810956447	2.43066720703	12.5687569296	5.48843603449	-2.47117034412	-0.616325718892	-0.253435076254	1.6518033529	2383.82708773	368.550231161	True	
0.478977573282	1.29923266656	6.37196568829	5.35434392059	-2.40477703853	-0.639821756067	-0.0201134037708	0.126358797722	1677.18504459	364.864728849	True	
0.885645258806	0.982981689262	13.5302550728	5.50854512278	-2.40642735175	-0.405537600181	-0.109046408673	-0.397329503053	1906.90554926	361.216081561	True	
1.99896499773	2.20001196784	14.6987262584	6.77904059942	-2.49393232717	-0.260401026797	0.384435248862	-0.647172713017	2033.84924061	357.603920745	True	
2.23545644089	1.62569390414	10.3594367135	6.34970440289	-2.461964062	-0.306344480173	1.03459375695	-0.646724110442	2257.66416003	354.027881538	True	
2.91255090573	2.7220993784	12.4583999644	6.82774504422	-2.43701191719	-0.314302007255	0.569163924792	-0.681468141905	2938.35403366	350.487602722	True	
1.72263030642	2.71445138414	14.3215911007	6.68639459446	-2.51995198749	-0.474430630919	0.519670659676	-0.438016404986	2501.35703153	346.982726695	True	
2.07494768143	2.1904112361	12.7990106163	6.4601202076	-2.26816547752	-0.817645853269	0.575064328579	0.592263416576	2520.46412134	343.512899428	True	
1.84325213118	0.985591907534	13.1590106194	6.63778726777	-2.27201354193	-0.811623541797	0.964428424681	0.709523563127	2547.5905362	340.077770434	True	
1.90898125166	0.518342277822	11.5589063786	5.65307170345	-2.45950819607	-0.7291744549	0.982903603443	0.178550142999	2340.02047629	336.676992729	True	
1.45784881896	5.86599818303	10.7293423496	5.40063050775	-2.47602959901	-0.330068202951	-0.417069263653	-0.37618036464	3763.37139003	333.310222802	True	
2.98851478495	3.94816408926	5.69080592628	5.07156346763	-2.29716173318	-0.673175957071	0.304248298734	-0.0377151510573	3292.92846846	329.977120574	True	
1.50747626321	2.26584114677	5.74603004976	5.3978887208	-2.33205963355	-0.781463562954	0.10924017347	0.775781406575	1605.56306485	326.677349368	True	
0.368592397024	0.0172772703805	9.19941794644	5.63793840444	-2.5535507016	-0.576922539753	0.393012747647	-0.375397823649	2065.81104212	323.410575875	True	
0.38219227191	2.90805320336	1.74012362184	5.71940896291	-2.58882308065	-0.785667435708	0.699819299432	2.83638867737	3119.19868849	320.176470116	True	
0.325144640354	-0.91508213309	13.6834033134	6.1022662115	-2.37737571882	-0.770960800022	0.867348466705	0.286302431963	1911.23247286	316.974705415	True	
0.580796501074	-1.91122450664	11.3016189596	5.80961934593	-2.34647138265	-0.782911495665	1.28379781633	2.35627129161	1855.38658885	313.804958361	True	
0.512347448952	-1.13959840186	10.7009132539	6.24181101886	-2.47405132744	-0.839112469073	1.57074909277	3.84665672192	1977.26189079	310.666908777	False	
0.726200711378	0.77942570747	10.3054046301	6.02476033716	-2.53606689388	-0.818516746627	0.891106102744	3.07587244876	1929.6752051	310.666908777	True	
0.540275636507	0.341244240061	11.4771319662	4.6106422931	-2.38676838784	-0.780937113697	0.556682113234	3.80413358079	2572.42392726	307.560239689	True	
0.39575515047	-1.86082153755	10.6634494935	5.16006029773	-2.47484917648	-0.831456187544	1.18711421832	3.37657914854	1754.19693458	304.484637292	True	
0.75518888487	-5.77813698133	12.9328905382	4.629674615	-2.43727027708	-0.829053980242	2.75665409783	3.67941858241	2171.18053375	301.439790919	True	
1.3252335123	-3.42740903238	14.94712468	4.83219723912	-2.4499728968	-0.761091283827	1.48967950187	3.64849217032	2007.3799415	298.42539301	True	
1.03099140763	-1.712532127	14.2849667207	5.49337658223	-2.4307224172	-0.834900875142	1.15678019572	3.62960488033	1621.17095176	295.44113908	True	
1.93196941983	3.75890353187	11.4936073551	5.98523062535	-2.43231618086	-0.572763120768	-0.385725007726	2.17313987575	2637.40730397	292.486727689	False	
1.57049545829	1.73817026139	11.5349791612	5.00555871282	-2.52667575555	-0.74250458482	-0.0734468537855	2.97165533972	1986.32639351	292.486727689	True	
2.53802366973	3.74558197697	7.38082714531	6.33799814106	-2.36111825564	-0.788684604531	0.207046566481	2.39869514698	3021.39315081	289.561860412	True	
2.14911809936	2.20096595613	7.62358479916	5.37878834838	-2.29723602735	-0.767358591681	-0.128853193781	2.77424326154	2088.80276075	286.666241808	True	
1.81016114548	2.63207633315	13.4892357027	4.54974999661	-2.42356834441	-0.531872993441	-0.483039649627	2.04323042195	2616.80324915	283.79957939	True	
2.07468009687	2.41333929486	11.5483252277	5.17062985666	-2.3110207022	-0.879530447849	0.386061130559	2.00668126532	3001.96025268	280.961583596	True	
1.59692756065	2.04748823133	10.0739966682	4.90473808807	-2.4082316817	-0.545867825014	-0.405390415897	1.24946208141	2025.0527419	278.15196776	True	
1.70854714939	0.336554268107	10.0783986265	4.89682988766	-2.33861375487	-0.737349916663	0.371739362708	0.214279238646	1776.90014178	275.370448083	True	
1.61069661334	1.39866110522	11.6536116243	5.89813364417	-2.50914719293	-0.695617285267	0.588752071583	-0.0541381857591	1844.71954504	272.616743602	True	
0.713342829577	1.4750448759	12.6459622152	5.92912134285	-2.43543439177	-0.565324171913	0.576714993195	-0.560702542223	2066.89715489	269.890576166	True	
1.18626464357	0.709945590972	14.9432522228	6.28729432071	-2.31878529722	0.438279241613	0.287965187056	-0.749007063343	3227.16306269	267.191670404	True	
0.655824091478	-1.24703313499	11.9268472622	5.41035846856	-2.46545150808	-0.727034448264	1.06084765666	0.388577451649	1757.78072619	264.5197537	True	
0.370464801771	2.70909577656	10.0907491898	5.58083764696	-2.47224037369	-0.587801174549	-0.374667039707	1.07203626711	2401.09834154	261.874556163	True	
0.47457183917	1.80685356	9.16423608026	5.32088636915	-2.52234204224	-0.770291008167	0.573743809075	1.22978038982	2418.43726129	259.255810602	True	
0.479607805167	-0.556717261867	13.8783216677	4.9605905194	-2.40496075049	-0.717835364886	0.20071826446	1.172656672	1794.22139552	256.663252496	True	
0.00895340989182	0.219233955583	13.942128852	5.37723922504	-2.54123312721	-0.70194063231	0.265657758485	0.931071328059	2298.2515096	254.096619971	True	
0.273040712867	-1.5151004398	14.780637934	4.82810979127	-2.44118443782	-0.662586310687	0.539942599903	-0.232764655245	2616.50465261	251.555653771	True	
0.799239017771	-3.21689874026	13.6786127816	5.66362941542	-2.35255808782	-0.0101487928401	1.84375718076	-0.742246332649	2690.15483374	249.040097233	True	
0.265181294849	-2.86512305996	10.7859184624	5.83441307779	-2.37381867494	-0.486570117104	2.25689391288	-0.508543122213	2110.14649621	246.549696261	True	
0.0861178568216	2.26029604795	7.08804025706	5.89829587701	-2.32685103442	-0.788486719344	0.911795442815	0.438721629478	3062.00642795	244.084199298	True	
0.512122642722	1.34588079116	7.67904703573	5.98208000993	-2.44202392527	-0.463141225876	0.507973181107	-0.530898978761	1535.48706719	241.643357305	True	
0.532089884916	1.62639602744	7.27325312962	6.05184279415	-2.42516248093	-0.433866916191	0.152341474323	-0.43747930953	1822.87405116	239.226923732	True	
0.571326557532	2.15264518268	4.94635049983	5.81477933032	-2.45423294678	-0.716904546366	0.238620167763	0.0516988709391	1477.20885949	236.834654495	True	
1.28533753861	2.40616534441	8.2875539939	5.62110703396	-2.43225812926	-0.705372814638	-0.0338912118311	1.38458717833	1737.62773617	234.46630795	True	
1.02343786008	1.40811949692	6.79664613413	5.2376954923	-2.44439879233	-0.773964648356	0.180553073086	0.485633397108	1466.80666698	232.12164487	True	
1.4956304452	-1.60405950836	14.0378582322	5.25350762465	-2.39329280892	-0.707491099358	1.04265917677	0.229036733305	1884.02054488	229.800428422	True	
1.50021924403	1.57786872749	9.12206869273	4.68941605439	-2.47293178828	-0.778421595368	-0.211854526404	2.27445538157	2540.33928189	227.502424138	True	
1.8889502511	3.9789091717	4.38552292146	4.6622229776	-2.3681713848	-0.666505428203	-0.286401481577	2.58857933305	2724.94553844	225.227399896	True	
1.85427842902	1.39397845028	7.70270828721	4.70266857908	-2.37782539973	-0.749286496073	-0.00611464620622	2.74025425442	1840.9000336	222.975125897	True	
1.14068439468	2.08487278735	10.4074462184	5.86432326139	-2.3994108187	-0.73015691609	-0.0225046430196	3.53114582022	1654.23810534	220.745374638	True	
1.99106889215	0.520304063391	10.2511868138	4.97461989764	-2.30314940883	-0.713128988909	0.229196321876	3.57678896398	2291.58413994	218.537920892	True	
1.51740471915	0.787040325096	7.3001717393	5.79618188141	-2.26079688716	-0.778011735999	0.408202861866	3.97449027884	2262.97337042	216.352541683	True	
0.950118904055	1.17004870621	5.05357030762	5.13053504231	-2.29527416969	-0.800159650222	0.608302462919	3.98144522023	2099.66753141	214.189016266	True	
1.49674529189	0.655191937287	8.59269507483	4.991134951	-2.43214894013	-0.696999314945	-0.171678249724	3.56606779172	2211.4148633	212.047126103	True	
1.5160436318	1.35592796653	12.6493804158	4.45898392875	-2.38099309031	-0.489369777266	-0.436918720559	3.62663766784	2457.23705283	209.926654842	False	
0.743106706112	0.374311265254	6.23611560014	4.73692207518	-2.48090443576	-0.774500775548	0.214920077918	3.92855937345	1856.19064357	209.926654842	True	
0.427778188257	1.13466446576	5.28753317617	5.5068986363	-2.35241914685	-0.816171628508	0.652954703739	3.91794634773	1609.80753158	207.827388294	True	
0.0610615392007	1.95529612084	4.19555223929	5.37956877147	-2.53990761923	-0.782215219593	-0.114730290584	3.13341283338	2356.43852478	205.749114411	True	
0.992155807174	2.52237003614	5.07475710713	5.2689210671	-2.31749183454	-0.705283864679	-0.129943299372	3.0684001696	1915.31591481	203.691623267	True	
0.650279231755	1.73516126688	4.44270615161	5.65411467713	-2.41312484622	-0.769626481739	0.187011614815	3.49607888932	1393.33659909	201.654707034	True	
1.1611499811	2.55844557045	3.64256756734	5.50652452529	-2.37719215243	-0.684339879557	-0.159666542515	3.57647166998	1778.04589253	199.638159964	True	
1.25507647605	1.1188868301	9.63181803726	5.23135848099	-2.49595344782	-0.78569527099	0.111541401147	3.87516405544	1634.5354185	197.641778364	True	
1.00905278566	0.63196819673	7.62261565259	4.07654702895	-2.43230232411	-0.736954129375	-0.197855014455	3.66629188263	2941.28934719	195.665360581	True	
0.532325706993	-3.09017815257	13.5574077023	4.69572994129	-2.4585031455	-0.703778901099	1.1935691376	3.86969387321	1887.58538557	193.708706975	True	
0.554396451512	-0.15439179119	12.6209228989	5.18055722074	-2.42384026199	-0.823981872089	0.909707836077	3.61898598807	1838.07277051	191.771619905	True	
0.398806776702	-1.25168707976	13.3181086168	5.34927825964	-2.39511542946	-0.782823231004	1.25551307426	2.53198205628	1907.0105795	189.853903706	True	
0.706283320892	-3.28313988275	10.1165281215	5.06114763821	-2.28880376836	-0.821015962356	2.02445409027	3.0652725733	2345.67571744	187.955364669	True	
0.769089765184	-2.36760095585	14.0921013647	5.61133062031	-2.37856904953	-0.790760839859	1.38516401406	3.89799779385	1558.42831317	186.075811022	True	
0.876400732959	0.782092077754	13.1159741408	5.28487894874	-2.43956335426	-0.744806118375	0.260525124781	2.9617299035	1518.76653079	184.215052912	True	
1.16398205549	1.57179230183	14.8401713543	5.89714474644	-2.41547759707	-0.790554656981	0.271657460157	1.97730038398	1526.60875914	182.372902383	True	
0.769145304011	-1.2907001961	13.2745361775	4.88625701784	-2.34672213588	-0.801550299801	0.851117928613	1.37561774262	1758.41365599	180.549173359	True	
0.489792716417	-0.662233641088	12.2845331995	5.83923066452	-2.43123447507	-0.772853984602	0.761201565849	1.56829770767	1600.58370865	178.743681625	True	
1.83660322996	2.2651085642	10.1153097344	6.25507580856	-2.30888758046	-0.790908663954	0.345982119774	1.77141705132	2074.81548861	176.956244809	False	
1.30849930248	-0.507308595615	12.3456627803	5.95501451441	-2.32239141618	-0.821962952086	0.766266869619	2.07152402738	2103.91631266	176.956244809	True	
1.18885084887	0.75373015778	9.10211794916	5.30743323896	-2.42372750499	-0.76096411475	0.436597675442	1.73767305438	1532.23248216	175.186682361	False	
0.455080396692	1.352352728	3.84687074411	5.30210159731	-2.49913832424	-0.705161975494	-0.103624602924	1.29350459027	1895.62874258	175.186682361	True	
0.0428371102966	1.35654512355	4.86250125764	5.44736979086	-2.45013046254	-0.416394987477	-0.3529804993	-0.116260765796	2373.9093435	173.434815538	True	
1.19413817274	1.34910556014	8.34276969508	5.83602118952	-2.35000215443	-0.740354829174	0.410442169571	0.544851260778	1647.59471123	171.700467382	True	
1.15947787098	1.52414047312	8.747161605	5.85364341423	-2.39223775468	-0.748839968691	-0.00985434149337	0.388672446083	1756.55737829	169.983462708	True	
1.52732707311	2.84422352567	4.75670502945	5.72169049199	-2.41314060981	-0.419777265632	0.0577012840742	-0.420469209879	2028.7186429	168.283628081	True	
1.32486737523	0.925152839534	6.90238159387	5.26000328909	-2.3952037924	-0.631554370548	0.155454047413	-0.272364188985	1706.25348314	166.6007918	True	
0.646278693101	-0.068552099383	8.30032597669	5.80259517853	-2.43062570915	-0.55247277634	0.904735429018	-0.524032827729	1558.65240832	164.934783882	True	
0.203927036694	-0.101574523066	8.53569322534	5.45132363153	-2.49261378108	-0.796395237251	0.612751534723	0.352920443619	1703.09265695	163.285436044	True	
0.306912065269	-0.770560505085	8.49559336906	5.38889299424	-2.42434672382	-0.75134047736	0.793044701483	1.15076003249	1698.74959643	161.652581683	True	
0.61080959544	0.760241784495	11.8379935712	5.88395134777	-2.45393942106	-0.777157882443	0.682453927319	2.76814047684	1659.16192987	160.036055866	True	
0.590469453191	0.202979094816	13.6634235508	5.81319229537	-2.43576509696	-0.826083575426	0.919344764071	3.34702185993	1620.80246427	158.435695308	True	
0.920804420559	0.13892176963	10.6792073172	4.95646093881	-2.40392912342	-0.752578079346	0.370165657664	3.39063134881	1558.03781786	156.851338355	True	
0.680411107035	0.838491769815	11.165425055	5.44239152602	-2.41958103098	-0.638292078771	-0.151867648051	3.88933741367	1867.301656	155.282824971	True	
1.34980383656	1.44545238316	10.0913506369	5.30658099687	-2.36146084347	-0.702087845059	-0.178784384817	2.99615084464	1565.50350471	153.729996721	True	
1.4596530904	1.28228623194	11.9282184805	5.09870525977	-2.39433014945	-0.754822331608	-0.0354224216051	2.71690702946	1482.18721198	152.192696754	True	
2.14010473164	0.965703548803	11.8756701853	5.39520097442	-2.40648483595	-0.762592430139	0.390100551841	2.14759936642	1927.8936791	150.670769787	True	
1.47970408119	2.32896510257	7.87394178045	5.4390412466	-2.49598048785	-0.759239557412	0.107841433479	3.05461821005	1786.7821266	149.164062089	True	
1.2521694486	1.8525910813	8.86531157073	5.78510394982	-2.35313019368	-0.740242616137	0.167999296777	3.49241204568	1720.70347101	147.672421468	True	
1.40180652002	1.63010019212	9.53548156906	5.14991991828	-2.43126474226	-0.801349283235	0.414933057522	3.8128519587	1722.12317829	146.195697253	True	
0.43237710816	-0.0113514643143	8.60468235195	5.94447728873	-2.44400794518	-0.760530572469	0.715379425067	3.29141846723	1749.63957273	144.733740281	True	
1.02273985006	2.19156417878	7.49904020683	5.9083772493	-2.45389345852	-0.811807088626	0.579141593704	2.77446482711	1750.06920226	143.286402878	True	
0.802160210755	-0.671085607129	11.6856903379	5.43862478927	-2.38787806901	-0.785157409305	0.616389630071	2.72272330369	1460.89027855	141.853538849	True	
0.507790188386	0.425074580607	8.64077208014	5.44599081693	-2.43698369798	-0.792257173455	0.410209906863	2.21270847023	1404.85588852	140.435003461	True	
0.379761450123	-0.25605602757	8.78515944604	6.01468945815	-2.50398163669	-0.775614155431	0.952360917254	2.52002431085	1891.92534518	139.030653426	True	
0.172998454364	-0.543029306543	8.87277574215	5.12131889912	-2.49891085437	-0.779956538599	0.545025096495	3.2008285338	1694.33378277	137.640346892	False	
0.600370177184	0.264906888339	12.5515379342	5.99914148289	-2.43346290214	-0.802159277838	0.701160824281	3.92061112196	1506.74346516	137.640346892	True	
0.660124449913	0.422499738018	10.8832623872	5.47596199116	-2.43111495796	-0.765421307006	0.320313650116	3.29324343069	1390.77524432	136.263943423	True	
0.825999560336	1.40032702376	7.57638467029	5.57892094453	-2.46711713303	-0.783995246357	0.236391821113	1.42612248518	1421.02048699	134.901303989	True	
0.913857423884	0.311965029651	7.04145655747	5.18799949403	-2.34227680113	-0.719535139255	0.0478840962121	2.67428544416	1811.14192921	133.552290949	True	
1.99213640806	1.82102276265	11.1205319241	4.94200950273	-2.36950539896	-0.658473205632	-0.242207116711	3.50279135009	1781.80015418	132.216768039	True	
1.51979954394	0.986905373083	12.6587852011	4.69255288816	-2.47606520685	-0.708259701059	0.0176267154748	3.50737056145	1906.44138685	130.894600359	True	
1.00531398887	0.539556605753	11.9850336586	5.04617011072	-2.47512117273	-0.834336049151	0.385546713558	3.79952584275	1791.7356352	129.585654355	True	
0.56362306943	-0.55802955205	8.198589618	4.85941426692	-2.41610972978	-0.764754371291	0.270044798839	3.85933745121	1841.37024328	128.289797812	True	
0.31208476582	-0.0458734459401	9.9293775162	5.03299861156	-2.4364950845	-0.719950840737	0.101407203496	3.7808365183	1721.75196058	127.006899834	True	
0.760244182577	-0.406560709023	11.9637578963	5.30226764441	-2.4166953284	-0.724081154024	0.355369455136	3.88736216538	1603.18695537	125.736830835	True	
0.123910977972	-0.810215783624	9.51554254721	5.17955105126	-2.41799825041	-0.755997981945	0.485278210944	3.9801251077	1695.4960689	124.479462527	True	
0.66733929685	1.13046488784	5.27289581962	5.42477663653	-2.3113636135	-0.81628638241	0.261545032173	3.09664343686	1725.78434537	123.234667902	True	
0.992459284167	1.75001170666	5.51485450135	5.22949396972	-2.42836799324	-0.762731762684	0.216695230109	3.00578604243	1488.44805439	122.002321223	True	
1.22954606553	1.97609672365	11.7123377392	5.20009729797	-2.48094118357	-0.711479071883	-0.136921662868	3.95929915842	1690.86453856	120.78229801	True	
1.05336047918	0.39172566311	10.9614718302	5.52588165363	-2.43723384888	-0.809575338437	0.373498354462	2.72076398423	1449.98281752	119.57447503	True	
1.28218408233	1.0758376236	10.4946732156	5.33966883099	-2.41933385171	-0.82369481782	0.400434587164	2.45487921482	1503.63155805	118.37873028	True	
1.40013408967	2.12307029671	10.4815497889	5.69246923787	-2.38995224245	-0.768450562835	0.239072800809	2.03705072906	1611.45096569	117.194942977	True	
1.07212723342	0.479843843645	11.7326071604	5.79676078124	-2.35633224553	-0.788889290961	0.355800636394	1.08201794837	1551.78552683	116.022993547	True	
1.00773187822	0.677316784177	14.4957759833	5.35923855582	-2.42600497189	-0.778992220485	0.391188961304	0.574778784311	1379.474958	114.862763612	True	
1.31908356081	0.232727152828	10.5212170272	4.60051090875	-2.34739878493	-0.729124258939	0.36759803924	0.450766578314	2034.60760847	113.714135976	True	
1.45216325887	0.888971224397	14.4509774962	5.38237086785	-2.34467346995	-0.736334977483	0.237908112336	0.801924736524	1516.12930965	112.576994616	True	
1.55063311688	0.24630403804	13.3576344804	5.39722037512	-2.43213460541	-0.686248984674	0.688643761082	-0.274810065394	1555.53119933	111.45122467	True	
1.55769481916	0.613862071188	14.5600542637	5.44351164882	-2.35028901166	-0.643356487913	0.307127588542	-0.244772043921	1516.99381755	110.336712423	True	
0.332080072264	0.347106897121	12.1859340885	6.07846779175	-2.5041416766	-0.453329095538	0.735266177957	-0.50497648726	1744.40163786	109.233345299	True	
0.417845604283	1.0188858621	7.42244941977	6.52685512676	-2.49585136102	-0.284087838232	0.87546380835	-0.638596522305	1663.38433175	108.141011846	True	
0.287892606447	1.62734490064	6.34039548849	6.19018283691	-2.5221677015	-0.611892367892	1.03546921033	-0.46405189487	2114.63954385	107.059601727	True	
1.0755915723	2.09621290857	6.23384925936	6.19446759952	-2.44031846885	-0.632606501571	0.960587046697	-0.373404460855	1703.41711	105.98900571	True	
1.13111539774	1.28827376877	10.814757413	6.34276063094	-2.393428848	-0.281065881743	0.971037306209	-0.699771171205	1784.47175399	104.929115653	True	
1.32113912988	1.10377519066	11.9032932184	6.14368522054	-2.39060135651	-0.506824923428	0.56713433915	-0.537842115449	1435.80221986	103.879824497	True	
1.44240551285	0.246515413973	11.7109124113	6.12137226704	-2.36181681541	-0.587279808968	1.1706526283	-0.510188874782	1977.38978701	102.841026252	True	
1.74364838819	1.62525238955	13.5290759171	6.90999755989	-2.47079821082	-0.0455903101827	0.644603327817	-0.724446524479	1673.21786457	101.812615989	True	
1.11131468268	0.532176228196	12.2930533651	5.69787035136	-2.40612009786	-0.6504955461	0.532492000222	-0.38238552898	1516.14634384	100.794489829	True	
1.49193794996	1.8564478564	7.87685682138	6.01394367995	-2.42631362679	-0.775363882741	0.341077741293	1.11612751212	1616.35731162	99.7865449309	True	
1.74607132135	1.69756021959	12.043238573	5.07655574217	-2.40766262389	-0.713550232641	-0.122083266155	1.00620105761	1563.27052396	98.7886794816	True	
0.964348636182	-0.677848508888	9.19344573111	5.34071287445	-2.38394547116	-0.737558496071	0.975954958063	0.285735453059	1780.7096132	97.8007926868	True	
0.544741885499	1.71562745271	9.8579530413	5.81437420254	-2.55207868071	-0.754370776598	0.0826178069634	1.21344174847	2031.87199803	96.8227847599	True	
0.809046021468	0.0980262834515	9.7919170303	5.14638778943	-2.39597785263	-0.598038414797	0.194881733139	-0.203916445572	1645.09058417	95.8545569123	True	
1.08826706954	0.861775190865	12.3764071671	5.51923417094	-2.48556188154	-0.727711775171	0.436123006126	0.199110862081	1480.81180021	94.8960113432	True	
1.13252064918	0.190992343632	14.0905505822	6.01242389499	-2.45508905015	-0.771493044591	0.686204459097	0.169200312556	1527.62241948	93.9470512297	True	
1.00531880257	-1.38158326377	12.6164848084	5.43557498287	-2.44747356481	-0.784343104006	0.92435297546	1.10521412708	1565.96978714	93.0075807174	True	
1.24958216905	0.263951020013	12.4429729693	5.44774980308	-2.32232518064	-0.749619845796	0.416455470922	1.00008458997	1585.4251904	92.0775049103	False	
1.20238296028	0.327232225182	14.572305799	5.60274580528	-2.47583946846	-0.819824944245	0.611307752224	1.12253722053	1524.28912589	92.0775049103	True	
1.08868668628	1.14259238417	12.9691775276	5.82958202961	-2.39853334417	-0.54241102587	0.556874864903	-0.478837535848	1505.82645445	91.1567298612	True	
1.5694875854	1.34597501946	12.1365440852	5.83151451852	-2.41594715794	-0.775298574636	0.419959667753	0.844898010294	1470.94821116	90.2451625626	True	
1.08524970951	1.37724481808	12.776201343	5.90252974428	-2.4550791843	-0.742365801346	0.33103384911	0.0228717702057	1508.45588296	89.3427109369	True	
1.00513009747	-1.40945136405	11.3642408949	5.25769842283	-2.45327765292	-0.523628651286	0.983151833926	-0.387998423753	1935.27822684	88.4492838276	True	
1.49753015085	1.65360986833	14.9655186055	4.94925505379	-2.45327629081	-0.627019469208	0.0380608995188	-0.124993005149	1837.18387622	87.5647909893	True	
0.938890184077	-1.15889765747	13.1380941997	4.85769781349	-2.3743856811	-0.757891231033	0.647131369093	0.604990207306	1592.74027864	86.6891430794	True	
1.10057277164	0.59991252539	11.6612940937	5.4388717074	-2.43779727311	-0.79940495985	0.578592733768	0.559472155182	1407.81110294	85.8222516486	True	
1.5021673065	2.18640178041	10.9068230903	5.37304347818	-2.4312722758	-0.750613182548	0.167472576334	0.523831456482	1635.35679832	84.9640291321	True	
1.67175529331	1.30488559118	14.7388204283	5.26638370245	-2.42212139268	-0.669020289911	0.131447192467	0.0243849858165	1510.28748672	84.1143888408	True	
0.654098332705	0.442286350635	11.3532452062	5.6668575365	-2.4321941361	-0.620505592958	0.655811731653	-0.344678733152	1460.60115189	83.2732449524	True	
1.66458178124	0.315812002482	13.7517585942	5.93894959879	-2.39027144829	-0.509795862289	0.905326150696	-0.505007496029	1529.36530455	82.4405125029	True	
1.59657412526	1.92605075093	14.5874010377	5.58103694738	-2.39313674605	-0.68535152497	-0.0438013359243	0.188331770782	1533.89479993	81.6161073778	True	
1.14524923354	0.290807083141	12.1023364354	5.23239596972	-2.42857326116	-0.761939181802	0.411406960867	0.148848395508	1428.2912426	80.7999463041	True	
1.57960744629	1.46349299006	10.8472792333	5.45083781216	-2.34147492143	-0.562401958132	-0.00533976741935	-0.284791895645	1628.25843043	79.991946841	True	
0.961573442229	-0.364514130986	8.7681479585	5.38206395778	-2.35399714231	-0.786257374654	0.835108921612	0.377954043023	1607.37964788	79.1920273726	True	
1.09273392424	0.7169758751	10.045252763	5.59944408683	-2.43723966055	-0.749058826245	0.308059596191	1.13189813189	1432.68172231	78.4001070989	True	
1.16936582049	0.0831908725749	12.5590636902	5.65802779363	-2.35682129322	-0.79477381626	0.537118190243	1.56422893933	1430.53048737	77.6161060279	True	
0.836312593194	0.238512907024	11.9326799202	5.79175500187	-2.35689077216	-0.777656032715	0.51458922784	1.4431684491	1525.67601359	76.8399449676	True	
0.614595917825	-0.500912160287	9.49107964622	5.35507007953	-2.37955730344	-0.783245473695	0.639634634724	2.15134130523	1495.45763663	76.0715455179	False	
0.355926271693	0.66116110819	6.28478963809	5.57180975757	-2.44057783813	-0.775876153946	0.52311660477	1.98736565808	1474.76659485	76.0715455179	True	
0.731367383741	0.987758749748	5.95137305749	5.21471303191	-2.46048020146	-0.704590638214	-0.045059445151	1.72921740605	1615.42752392	75.3108300628	True	
0.792086610091	1.10225501328	5.89342698444	5.41760356972	-2.41827480912	-0.80016776072	0.376115363008	2.49791958557	1366.31427025	74.5577217621	True	
0.914472352184	1.45440476861	6.4617018594	5.68104593815	-2.38620129381	-0.795982715183	0.327407184484	1.85462523489	1340.58072056	73.8121445445	True	
1.05389778312	1.74531406894	5.35473356382	5.26378156626	-2.35004872803	-0.736018332321	-0.000190708381287	1.01853966058	1460.03855687	73.0740230991	True	
0.978308975431	0.875031482657	8.9829866929	5.4427546834	-2.45920207298	-0.723258563254	0.361628673939	-0.0752856048267	1445.05681818	72.3432828681	True	
0.599150912878	0.00763950357371	12.3685720052	6.29772226481	-2.45358375183	-0.562802494538	1.02682131333	-0.359963165553	1747.16955524	71.6198500394	True	
0.341679653467	-2.85893765023	11.5414536975	6.0689215282	-2.39871011911	-0.673062941118	1.91408251791	-0.299554984213	1721.27934196	70.903651539	True	
0.872897083491	0.340419446564	12.6432820275	6.21951952067	-2.47047849894	-0.489441470661	0.880245667321	-0.5649271073	1428.36801278	70.1946150236	True	
1.21904492615	1.62165113786	11.7883164227	5.79708694145	-2.40404508273	-0.685574398342	0.250185734388	-0.0458322298403	1434.65205529	69.4926688734	True	
1.19670455288	0.4706186154	13.814830161	5.72077518757	-2.42036658769	-0.498387176911	0.594284358233	-0.484485976718	1402.72177976	68.7977421846	True	
1.14177533503	0.26913683174	13.0108934565	5.47484574327	-2.45255647872	-0.715630125812	0.694954145202	-0.0988237661982	1408.04681244	68.1097647628	True	
1.41252871083	1.36058953394	13.6981067562	5.824785112	-2.45878912708	-0.609236645109	0.0893253811585	-0.194252059771	1582.37850493	67.4286671152	True	
1.40147865025	0.759031847206	13.1190889714	5.75110068457	-2.40356322938	-0.62820540295	0.432739079664	-0.297305106217	1338.48371176	66.754380444	True	
1.65935533254	0.467051707403	13.3146494762	6.2024200305	-2.4711361413	-0.677600857496	0.927465203594	-0.255188423859	1773.20998602	66.0868366396	True	
1.85446539689	1.08844976038	13.9700338933	5.77526039373	-2.43392351032	-0.519550400929	0.595337714664	-0.47371920509	1559.62668336	65.4259682732	True	
1.42234356002	0.183812395558	13.0244797348	5.50380514639	-2.4398136389	-0.736051828506	0.540200163934	0.00849313463696	1425.39937166	64.7717085904	True	
0.553549406641	-1.24063853004	13.2785436473	5.34923188137	-2.42215340519	-0.72554964143	1.05394012294	0.0666959054753	1516.24122116	64.1239915045	True	
1.12808058644	1.14997114123	8.28682083413	5.7444838528	-2.42453014347	-0.713238550636	0.344153723292	0.053976298866	1348.10665962	63.4827515895	True	
0.797124757365	1.06293699742	6.27469586973	5.4705203452	-2.42357329054	-0.717177480065	0.0973407049884	0.206699083723	1440.7778408	62.8479240736	False	
0.76332075352	0.855164767262	8.43539410787	5.32004550528	-2.35597158435	-0.764749620477	0.284905589453	0.831176664925	1549.86083219	62.8479240736	True	
0.690957696574	0.0401245419661	11.5971602246	5.38919330902	-2.44664121244	-0.778809162356	0.52616783174	1.19289577776	1366.7540171	62.2194448329	True	
0.756471579795	-0.907114803514	11.5517862698	5.48301834584	-2.40897600679	-0.762763542317	0.636228057052	1.24388349958	1578.01536774	61.5972503845	True	
1.09076733276	1.01089281967	14.4570093446	5.59017799839	-2.38638798639	-0.76290027281	0.0727528041862	1.40649224144	1500.16919091	60.9812778807	True	
0.965941971234	0.0739689698373	14.1292977448	5.89479864494	-2.40136344577	-0.798428343829	0.626764986308	1.55579483565	1436.4563284	60.3714651019	True	
0.840651381864	-0.669789366563	11.087477732	5.38917135114	-2.43262955021	-0.792033186457	0.674715263871	0.871195298768	1449.41291826	59.7677504509	False	
0.907558834665	-0.601961791767	12.9116932961	5.59583985698	-2.40929082857	-0.736524335455	0.716549529811	0.0917311156707	1383.19706657	59.7677504509	True	
0.782985017164	0.303232580297	13.6588434259	5.72394130145	-2.35787764585	-0.763718157301	0.488125746539	0.584583508775	1532.81738061	59.1700729464	True	
0.867098938839	1.42570671632	13.7778756936	5.4937740881	-2.45324684095	-0.747740987546	0.237243740135	0.544290788865	1528.37818216	58.5783722169	True	
1.10726870468	0.24699085855	12.3643300512	5.10656792019	-2.39929763901	-0.766124653852	0.348809056072	1.09952036136	1371.48821812	57.9925884947	True	
0.921524035416	0.539947707887	11.0354113036	5.18429095199	-2.40946083678	-0.789169907645	0.42767516094	0.992343332167	1431.50070912	57.4126626098	True	
0.674198924721	-0.248584520062	11.3708624682	5.33921447753	-2.45089084487	-0.751748607264	0.574658641081	0.316307249699	1390.43575933	56.8385359837	True	
0.726696614461	1.03783625271	7.27543876779	5.70695635147	-2.3729015499	-0.710953168718	0.348728259971	0.0748834353959	1425.02542982	56.2701506238	True	
0.263788540308	0.138863114328	7.57187167454	5.8563082316	-2.40654127799	-0.774190565193	0.663169430011	0.229628733187	1524.14091702	55.7074491176	True	
0.608221927162	0.25072687384	8.09735744605	5.46596659981	-2.41900273206	-0.749675304135	0.553642271961	0.503499386585	1447.62391061	55.1503746264	True	
0.688410501334	0.554551973814	7.81394792024	5.81222578807	-2.42773508128	-0.716153660514	0.680968330197	0.0248525727027	1407.40657407	54.5988708802	True	
0.90149622149	-0.229507640037	9.40183031788	5.50910495935	-2.44593752379	-0.582598455773	0.926861762786	-0.412274754315	1619.43533586	54.0528821714	True	
1.20048348232	1.10721745121	8.25755136588	6.06805572361	-2.41203399901	-0.673033801327	0.649340594702	-0.243192035961	1409.53706021	53.5123533496	True	
1.02656637832	1.72942678507	10.5025983832	6.31693746456	-2.40241159387	-0.405541160131	0.672518218322	-0.624302408715	1629.91249833	52.9772298161	True	
1.29508769299	1.66117117666	7.75847751625	6.05973926923	-2.38931572141	-0.612719276205	0.403969474353	-0.302343479324	1443.55008793	52.447457518	True	
1.11832287845	1.37607989203	7.97490761029	5.69585266865	-2.41436019018	-0.643455064139	0.481996704335	-0.226818594075	1446.02665979	51.9229829428	True	
0.546221013688	1.20792866265	6.04301482893	5.88360059263	-2.40553760605	-0.774468118974	0.485960912451	0.126462481998	1464.57621454	51.4037531134	True	
0.432747769502	1.34531708135	5.34005118139	5.55350138745	-2.40349425046	-0.739441273746	0.35721680271	0.112437251625	1385.18257214	50.8897155822	True	
0.450542759026	1.58194750327	5.05002567457	5.67463388238	-2.44526451845	-0.737530254199	0.37827640062	0.162893458852	1404.74346802	50.3808184264	True	
0.735817671096	0.922942779157	6.20374169015	5.42016819572	-2.41688706547	-0.770133153315	0.374638112425	0.49057294771	1348.62195549	49.8770102422	True	
0.613999712476	1.66993905356	4.22824664387	5.42927224922	-2.46108514581	-0.765137225981	0.225929357741	0.687137479699	1490.08643675	49.3782401397	True	
0.534470048495	0.852222657094	6.16355404804	5.32053851993	-2.45440420692	-0.772335793227	0.431434676565	0.367042838888	1449.90633608	48.8844577383	True	
0.985311735331	1.7478619789	6.65742549238	5.84636240671	-2.4059674376	-0.724605757688	0.203757498766	0.311748727446	1425.16029945	48.395613161	True	
0.839068743755	1.52354616004	5.59888570752	5.32293681986	-2.42832063442	-0.629014743764	0.155590718549	-0.168208339865	1483.39495874	47.9116570293	True	
