9.468346909078104168e-02
1.002728225449557586e-01
3.954977426425867332e-02
1.002393622398904116e-01
3.765844634952307535e-02
4.413813084894135930e-02
4.427657001151804467e-02
4.650051093773792388e-02
1.048815965087906699e-01
1.100305933537781278e-01
4.155092421005172898e-02
4.365318126812715860e-02
1.000629270349529809e-01
6.847392892026535338e-02
7.546091514711569803e-02
4.731086912219613361e-02
9.456086068621584462e-02
8.508615322386786639e-02
9.988226128478686072e-02
4.212273446066001903e-02
4.215293694817343062e-02
4.302391332962460929e-02
4.208517840042210606e-02
4.022967672912568238e-02
9.102313474244194680e-02
6.374066585948467978e-02
4.094852934235432285e-02
9.293870014515538680e-02
3.827708198668917233e-02
9.076069787829837976e-02
8.913343722596733798e-02
3.893075439072167521e-02
9.840646008764658559e-02
1.119321819087218117e-01
4.461827953793781609e-02
3.900262116551840574e-02
3.722288584936438854e-02
3.759959945678887500e-02
4.010159923486703720e-02
4.903695574649440808e-02
6.763340968469874759e-02
9.447202579111368959e-02
1.318427780975417185e-01
9.497341604647391300e-02
4.486203200523634915e-02
4.558009972447107927e-02
5.502549293638685918e-02
1.096595963467220658e-01
3.921452777885500729e-02
3.880555760349298222e-02
