Parameter 1	Parameter 2	Parameter 3	Potential	Equilibruim
-1.97287471392	-1.35980090942	2.07645467245	26234.4179036	False	
1.75876285265	-1.80480343478	2.48832116377	29480.0058855	False	
-1.41880212735	2.83542207733	1.66697264092	43663.4672045	True	
-2.14615123733	-0.231667280506	2.02400930376	27544.451591	True	
-0.689046967498	2.33679286584	1.321847886	100906.734403	True	
-0.813864070048	0.241700408578	1.8533695017	39402.6361127	False	
1.93438062797	-0.817110663282	2.08740226417	72991.0356315	True	
-2.6608039178	-1.60947107403	2.54023256079	78751.8809207	True	
-3.0683545611	-0.0236614487273	2.42106101457	169592.928858	True	
2.26873634382	-1.74750603518	2.55117303776	39833.2301938	True	
-2.5132122724	0.491658465655	2.63029958346	35279.17227	True	
-2.47473076428	2.6178914219	2.91833722347	68848.6085048	True	
-2.60029922748	-1.46613547741	2.41904841608	63248.2729457	True	
-2.0670024594	-1.17245439269	1.71259937504	58713.3081977	True	
0.334260958324	-1.11387360436	1.94641051738	36034.6122947	True	
0.982545743768	-1.94274098883	1.75690817209	71921.9627946	True	
-2.09934118355	0.0905767897155	2.17648682966	28204.8279401	True	
-0.912290259443	-1.08332959198	1.63698055409	49782.7612022	True	
-2.56808336002	1.14164257518	2.22609520337	47417.1128335	True	
0.451268682315	-1.57446027295	2.0292618673	26457.4627197	True	
-0.86809209784	-1.78698492313	2.45787102637	27635.9807175	False	
-0.540980112136	-1.37754612838	2.09418324593	33898.4729055	True	
2.98067704347	0.753442404725	1.85134058409	41361.2135085	True	
1.30623787387	-1.23073083292	1.6061263585	55164.1434455	True	
-2.06756076309	-1.22855440731	1.88626501907	39740.528145	True	
-0.448755717511	-0.167741714727	1.98441379448	59858.7761925	True	
-0.0744177952922	-0.8186262143	1.89883344063	38608.0914327	True	
-2.26478877586	2.72174293545	2.22532087039	23286.7965941	True	
2.62520499738	2.33699312606	1.8917166464	46564.3495833	True	
-2.16745062167	-0.758805218819	1.87589119247	39905.8100794	True	
-2.89828738891	0.960631043021	2.4449818881	116004.414906	True	
-0.0166996310312	-0.138438043907	1.74164763292	37268.5456012	True	
0.28234421118	2.16138850882	1.52168858438	60114.6571605	True	
-2.62045854097	0.0250852326558	1.78777360625	97539.0667787	True	
-1.68344386868	1.45100714754	1.90841923814	34198.6646965	False	
1.66857034002	-0.453782592238	1.81821738449	37104.1071017	True	
2.45557036382	-0.958583972516	1.34484445848	99372.4532158	True	
-0.293322152523	-2.06932668549	2.3845555723	43459.1461192	True	
-1.77105826954	-0.142418267736	1.76528076934	38087.5266535	True	
1.39966748888	-1.40105082121	1.41187593891	93399.9368598	True	
1.82422955212	-1.84989417327	2.08260065613	32212.4292989	True	
2.57712553884	1.33296080457	1.77616373706	37345.171439	True	
-1.68943891534	-2.37255754898	2.0277904404	123564.249491	True	
1.75103659271	-1.73207579864	2.44279167946	30774.8243175	True	
0.578352982457	-0.556544764216	1.61702144965	47686.6410159	True	
1.0076045609	2.68466403462	1.67175665708	40935.960372	False	
-0.909892142991	-1.76431243557	2.20998889755	23574.887351	True	
1.78619295051	-0.887052365157	1.36626033526	94156.5090862	True	
1.13304923472	0.294732566157	1.73752298762	37477.9977379	True	
-1.06313904379	-1.05482899061	1.65201745393	47982.9510376	True	
-2.06210090969	0.546135540136	2.35026015059	48401.2585422	True	
0.458846286319	-1.37264044007	1.65981983583	50901.0327235	True	
1.50026905104	0.719233193179	1.46316410503	70659.4954859	True	
-1.2476511297	-0.399983098974	1.85018568265	35725.1728482	True	
0.578280316209	1.9357168242	1.74414235989	37391.5449651	True	
-2.22072590987	1.68703658844	2.20811712583	24011.9034413	True	
-0.114155310535	-0.517595749963	1.72863869751	37749.3136449	True	
-0.814667810043	-1.1584199997	1.23597434768	126172.553556	False	
0.419357212156	-1.82991629515	2.198893071	25559.7847352	True	
2.19338385834	-2.10665427214	2.18292207759	56506.1925736	True	
0.977070058047	1.63643787926	1.51709301993	60832.9714513	True	
0.654278692266	2.07460253029	1.47698498803	67993.9020659	True	
1.13402856869	1.2582827647	1.64039396	43777.0786553	True	
0.0411284761887	-1.61473985623	1.54676036727	77317.3992386	True	
2.45095343992	2.26976261794	1.63904277519	43893.1606872	True	
-2.4518251904	0.638710884517	2.64407916805	34466.9322225	True	
2.86914410741	0.605872921798	1.36088361108	91648.3617826	True	
1.7899720961	0.49132606908	1.72573519107	37854.2319218	True	
-0.363422771193	-0.923871907555	1.60824352698	51143.3313711	True	
-2.63047053123	-1.55948665553	2.56790838282	70125.2253291	True	
-1.21809242862	1.99929484905	2.13431249232	98168.0293906	True	
1.96885099503	2.37580228441	1.72031190737	38065.0379127	True	
-2.17734517295	-0.449943325237	2.25110683596	25228.8735846	True	
-1.93113575083	1.33658018356	2.09677060909	35341.1227313	True	
2.38217388938	-1.79855194206	1.93910870446	39226.058926	True	
0.544208078623	-1.69701132924	2.44227116345	33916.8957003	True	
-2.28386195881	-0.765307798839	2.06492333484	30959.3361373	True	
1.72328155982	-1.8466168649	1.90926913924	45712.5535245	True	
-0.590695349436	-1.28174054596	2.01256105667	33489.5857239	True	
-0.0769584312939	0.179375455567	1.58334330577	51030.1232409	True	
-1.49067987742	1.01847437665	1.81485456732	35010.7938782	True	
-2.14518971279	1.01514934542	1.77472099251	46790.7516557	True	
-2.67635633273	0.332455724757	2.86737747629	65353.4643827	True	
-0.868952565022	-0.701188562936	1.71571885015	39001.741754	True	
0.781851878541	-2.02188943998	2.66882260831	44389.4732615	True	
2.01096733304	1.52304200841	1.66909191712	41147.754046	True	
2.98061402146	2.93386237245	1.68275977874	40112.7253017	True	
0.533177746346	-1.25698566326	2.01393187758	35561.4128737	False	
-1.8276502295	-0.935765417673	1.92351021476	30362.6473906	True	
1.9236496032	-0.215769062968	1.63815427248	44497.2992403	True	
0.847767113019	2.62632308736	1.83740562437	40248.1036528	True	
-0.70061610207	-1.70791027792	2.21633923358	23061.8926945	True	
-0.692736630349	2.23906042104	1.79970606096	37302.7543064	True	
-1.43599403745	1.50027076615	1.91162504972	39020.9847345	True	
-0.121002858121	-0.386682213182	1.78254845058	36493.5650478	True	
0.814623653097	-0.969765188614	1.75123178877	36931.1692657	True	
0.246314436676	-1.70268519778	2.15540268699	23622.7003061	True	
-1.95861983893	-1.42749172267	2.25790147408	23191.4824283	True	
-2.35875340149	2.69400803464	2.58092614156	33371.7384758	True	
-2.24423387846	1.39689176102	2.1186961195	25179.5876068	False	
0.385048931474	1.45576782061	1.81157728426	38448.6048315	True	
-0.702697250974	-2.12742875364	2.75714297911	61282.4842415	True	
-0.229997066152	-1.81685095006	2.43723775601	26198.9610197	True	
2.0748359183	-0.184642116571	2.08407544477	94032.6223861	True	
2.5319829118	0.486108011139	1.75723443942	37188.3352894	True	
2.7452002806	-1.92449045947	2.18278276759	32839.5387276	True	
-0.979139987329	-1.37494745845	1.82918730786	34721.9969656	True	
0.582014724101	-1.48784163548	2.16811741039	32357.6370928	True	
-2.09173455852	1.80495058091	1.97131203901	29085.522475	True	
-2.14405099949	-1.29311854373	1.98135783462	35969.6766394	True	
-1.03549566735	-1.49551101668	1.88611234114	32660.4849513	True	
2.01445858875	-1.59682820079	1.9513918088	29686.3721545	True	
-0.146628038537	0.510823381363	1.82594831445	38880.3416515	True	
2.12738798297	-1.77952599669	2.17401733738	24346.4509489	True	
-2.52886134308	-0.712570106598	2.32924284761	39434.0457672	True	
0.670344898358	2.74773865464	1.78864920119	37599.5877772	True	
-2.44712663089	0.320647196517	2.23538961483	31118.1595182	True	
0.071266550256	0.645030650031	1.65308328395	42656.2781386	True	
2.62978220418	1.67228520867	1.76346517175	37251.4937152	True	
2.20738993944	2.86896873064	1.75492344581	37276.6835009	True	
2.8757976556	1.72556047649	1.74339871333	37412.855506	True	
2.67937264138	0.503283544169	1.66235475328	41772.4128917	True	
-1.98778906614	-1.66059677175	2.28738091783	25608.9507418	True	
0.688605175871	-1.29457872987	2.14014270203	46364.7770862	True	
1.78006534218	0.648929938284	1.69362796971	39424.542059	True	
-1.93393507598	-0.325818495488	2.16032934672	37725.3375322	False	
-1.94536692976	-1.36671413421	2.35972295948	28247.7277108	True	
2.69418823365	-1.83031574298	2.5410602107	32249.6899154	True	
-0.228289622889	-0.110260436162	1.59139234343	50261.8188415	True	
-2.09298450049	-1.06996435726	1.93463847704	34239.8609049	True	
-0.16917170558	-1.6350984748	2.15017662966	24323.6633004	True	
0.667404021091	-0.876035599377	1.92250197024	39927.4077099	True	
2.05269717939	-1.56587851049	2.01227385375	26920.1465664	True	
1.0135542897	2.62354577924	1.87821572844	44621.3074101	True	
-1.27694554802	-1.54580884727	2.02271996024	26747.27263	True	
-2.43215812508	0.97831681053	2.57362116789	30016.1473493	True	
1.22127902599	2.3823161155	1.68193274926	40174.4377007	True	
0.519367870192	-1.63565702772	2.2607972736	26857.9029039	True	
-1.37567864245	-1.51380818167	2.20766139469	27156.797249	True	
-1.54572549459	0.0609827166587	1.95684386014	39619.8507637	True	
2.05534138032	-1.72763086689	2.12990419432	24421.817653	True	
-2.23778308603	1.2356446995	2.13074190847	24752.5475659	True	
-1.91606581677	-0.764301471999	1.77470043939	41168.0913562	True	
-0.266656737781	-1.00095344967	1.89988601451	35602.1858955	False	
0.830716859392	-1.78040551145	2.32178461488	23317.7973	True	
-1.40491161676	1.27661350699	1.69837994098	40593.0717285	True	
-2.35292121648	2.8892062368	2.02435700766	35848.8237599	True	
2.81987777789	-1.1343424227	1.73433300295	38859.5710571	True	
0.0923391531074	-1.9004688157	2.4928303201	28903.7491846	True	
-2.18146830139	2.86568117397	2.41889442807	38514.1104925	True	
-2.4360963941	0.902123046546	2.43596296202	25954.8504499	True	
-0.163966045038	-1.73584988004	2.30865671561	23756.7733093	True	
2.68875507712	-1.27520715141	2.10174639222	43062.1619398	True	
1.87756700979	0.508560759521	1.98155140555	64699.8000593	True	
-2.42354774953	1.54630601019	2.29000345719	26825.7790001	True	
0.382591999544	1.45596476477	1.63411941655	44455.4981652	True	
-2.24547815761	1.69123968464	2.08054441911	26648.2806465	True	
-0.0454469744765	-1.91313021817	2.42362573877	27584.8909372	True	
-2.22717672513	2.10538916012	2.14721137323	24344.407638	True	
-2.58192129188	0.110976029483	2.60857617729	41144.2594011	True	
-2.11459314384	0.683328763191	2.14792258179	26961.9191985	True	
-1.91989594566	1.07365069079	1.88132222335	32091.9562145	True	
1.96241758591	0.618034908149	1.70036872053	39025.0219212	True	
-0.473465910941	0.775733229032	1.74682189882	37227.5771184	True	
-2.05495063061	-0.0938180392137	1.91010364214	31883.1522022	True	
0.156863292045	-1.6601186185	2.29738154388	26901.018234	True	
-0.30431951417	-1.52453682832	2.05632246646	26753.4097696	True	
0.665030441339	0.925973085992	1.76339938995	37208.9788749	False	
-1.66439945889	2.09149952704	1.84749978453	33829.705725	True	
-2.21694263965	0.358632943284	2.03173824382	28323.0758403	True	
-2.25080159621	2.02073891969	2.5474060311	42919.4120166	True	
0.750268668839	-1.62050962943	1.81355170717	41337.1152722	True	
2.06029894215	-0.465438248543	1.76421227573	36598.3953123	True	
-1.82154806201	1.33729193352	2.01315888844	35316.6883681	True	
-0.474966658919	0.877191842742	1.80359457045	37628.3187557	True	
-2.46187648711	2.54137336207	2.60589859871	32024.267578	True	
-1.23271608136	-0.772769527323	1.90047489067	35581.3467397	True	
1.53506600002	-1.81977112937	2.17530213674	25839.541625	True	
0.418020021598	-0.107120441064	1.73456576131	37502.891549	True	
-1.2478650574	-1.2250421117	2.00236718438	31878.4155289	True	
-2.44229950859	0.903426602388	2.18853069248	32858.4553789	True	
-1.60232247148	2.35634656677	1.81997665998	34534.4025176	True	
1.06414846972	-0.766365246626	1.69576082233	40219.1974722	True	
1.35851513629	-1.70865485156	2.14179726541	23892.3166536	True	
-0.416223787261	-1.74259492251	2.20272811055	23164.8579689	True	
-2.26860647489	0.916316478825	2.3504530181	25064.0998029	True	
-2.29464038175	2.29585124552	2.05105963521	30119.4862893	True	
1.14013050078	-1.83036797381	2.39874761728	24805.5870976	True	
-1.08435565091	2.39495170027	1.83614617643	37582.2618218	True	
-0.695276112489	2.44024255345	1.66640306317	41730.2728812	False	
-2.47568029561	0.757085311073	2.41848028659	28525.7931444	True	
-2.39285588528	1.55262520651	2.38096591826	24040.0678647	False	
1.49975173956	-1.80149856753	1.92374014671	40807.5958562	True	
-0.393941818878	-1.76247517522	2.28277885759	22951.6615547	True	
0.702443894649	0.583460340937	1.8550550357	41578.3557214	True	
-2.40685039632	0.301038542129	2.19535779137	29475.8969404	True	
-2.02937332047	1.65627511266	2.06408205433	28791.1076897	True	
-1.05464325136	-1.92778891403	2.39114919556	29282.9065274	True	
0.442848022909	-1.4291651483	1.91701129749	30131.4086822	True	
2.60441555693	-1.00432034634	1.69186794238	41680.0717806	True	
-1.39386643136	1.83572334661	1.78514552978	35769.224215	True	
1.11013307386	-1.6912331008	2.19798447065	23399.1036186	True	
1.042360468	1.22664652222	1.80652072488	38242.0129055	True	
1.90201556812	-1.64073549973	2.0380784927	26323.757028	True	
-2.55329426859	2.14961801886	2.46032457636	36333.5203037	True	
-1.05356280303	-1.85679954358	2.23601606814	27008.6795392	True	
2.72419620991	-1.6920415059	2.17875986847	23425.416081	True	
2.08569712329	-0.112338323748	1.80083096726	37350.3410165	True	
2.95703429137	-1.71723255452	2.19992337458	23129.1831713	True	
-1.57835508852	-1.49556931423	2.11907742893	24779.5116863	True	
-1.80806948885	-1.50903628657	2.2485050079	23477.1079415	True	
1.25624999426	-1.57196653062	2.08652290481	25810.7384564	True	
-2.47340250715	1.26787637061	2.34582478414	29451.4059041	True	
-2.30307876109	2.62618053997	2.2447217013	23119.8036112	True	
-1.37015146308	2.52699563037	1.82332234598	35630.0423442	True	
0.816223547832	-1.71433411882	2.26534020158	23529.1275018	True	
-2.36405749439	1.27380445752	2.40169736045	23871.71724	True	
-2.23009076321	-0.211850056611	2.17900988164	23794.2538353	True	
1.38008602551	-1.73614726084	2.33332799321	24556.0848093	True	
2.63908143056	-0.262482746476	1.83439881504	38537.2584863	True	
1.33702727093	-1.67430199831	2.30251660624	26368.3613109	True	
-2.31629228739	2.0376875267	2.5231841363	31985.8717411	True	
-2.3449573115	0.459480099196	2.3477679409	23154.8904088	True	
-2.38494739399	2.40936987718	2.23004674698	26242.2994983	True	
-1.86582760791	-1.60753300486	2.56773708804	36146.7885852	False	
2.7895102722	-1.90427178306	2.31650121523	26983.8281865	True	
1.64268055255	-0.977723306975	1.77614738797	35706.7715507	True	
2.25150153711	-1.73008893578	2.13847267884	24221.2777641	True	
1.03535881221	-1.62898960945	2.24330801224	26574.5676252	True	
-1.3493926065	-1.51779898583	2.14287359126	25572.7489213	True	
-2.32730178668	0.490896820201	2.29039174881	22979.5588765	True	
-1.2736159731	0.0742623561643	1.73940402417	37485.8317306	True	
-2.22377185081	1.41934179951	2.02100079404	29009.6524171	True	
-2.27000937617	0.546646618287	2.10492911397	26323.0633368	True	
-1.98264155879	2.20467154739	2.02595095452	29680.9571189	False	
-2.39192436452	-0.501967608926	2.2338124366	27819.3218085	True	
-1.66395916453	-1.5652809659	2.41891443209	31424.2944851	True	
-0.0964724274461	2.15466213326	1.7683921552	37176.5547238	True	
-2.29009210888	-1.68669027592	2.25861096604	42875.5149704	True	
2.48009926101	-1.32167381142	2.0372581815	34203.6532357	True	
1.21457001719	-1.75863155291	2.20025353268	23311.5152724	True	
-2.18006225077	-1.17571069607	2.2137877276	23576.1626003	True	
-1.71652188128	-1.09809138123	2.03139929377	29489.5566787	True	
-2.31807420914	-1.25494686721	2.25398626194	28549.0342763	True	
0.0455665076608	-1.60020561815	2.15150759992	25357.9446239	True	
1.9178752686	-1.71423070253	2.14492195988	23868.0592456	True	
-2.0431542118	-0.856930448529	2.06687041274	26192.8220495	True	
-0.462520746254	-1.74334986407	2.19706572755	23258.3196787	True	
-0.156076087462	-1.74668997311	2.20499404983	23145.9190549	True	
1.30720547251	-1.49040255954	2.18181975092	33165.9737577	True	
0.990120080022	-1.99897944337	2.49823565596	34863.3650906	True	
1.27714215897	-1.6979073765	2.15056063827	23690.483243	True	
2.37116671095	-1.89972163547	2.38558998422	26435.7122283	True	
-2.18557671756	-1.10532588623	2.18116286304	24099.574715	True	
-0.510627410246	-1.53149820388	1.84592692412	35729.8992602	True	
0.987187738036	-1.42968281212	1.94472877666	29394.5654791	True	
-1.11328350213	-1.29464876111	2.04097691297	32262.3536293	True	
-2.2395316351	0.858296357345	2.1456406242	24403.1891243	True	
-2.20752183429	-0.565190222406	2.41655002782	30912.9260065	True	
-2.37751543233	2.04297624316	2.18662577493	27550.2807116	False	
-0.946749770945	-1.67531300656	2.20125500097	23313.8053135	True	
-2.34939617255	1.05099803789	2.2152194265	24954.089839	True	
-2.38996121455	1.2216061852	2.26490575918	25427.0685123	True	
-2.23406341985	1.19050428595	2.26160113663	24200.6058842	True	
-2.21069418104	-0.670140172235	2.36650814164	26797.0424175	False	
-2.30439183055	-0.801998895062	2.09618224586	30406.7055546	True	
-0.128013045084	-1.89561084387	2.53613588001	30881.4578235	True	
-2.23455533686	-0.765103670894	2.30515510774	23380.6708395	True	
1.02955709197	-1.61689037432	1.99776170475	27689.7581276	True	
0.176711328274	-1.72466947154	2.35087772589	25649.2117843	True	
2.79929623285	-1.76547283117	2.08414824695	27338.2594826	True	
0.198593032758	0.715791644218	1.75618993319	37190.4161218	True	
-2.20136113841	0.503911114278	2.17850923024	24317.8858831	True	
-2.39740833786	1.70102820281	2.422319856	24515.0273134	True	
-2.35228508764	1.98298752325	2.39823440155	23858.9667811	True	
-2.32464741596	2.42714646203	2.34209501256	23165.6401602	True	
-0.848680258048	-1.9213499173	2.44382857123	28824.579493	True	
-1.12094372271	-1.61517261513	2.07725749904	25225.6635392	True	
-2.21245835075	-1.34155788127	2.22348855476	25912.6895693	True	
-1.54542536536	-1.59189448753	2.27634008434	24486.1121456	True	
-2.10330194597	1.26585476297	2.07953115606	26700.4366138	True	
-2.31967485311	0.665643020969	2.15198657773	26075.8809981	True	
-2.29238675386	1.78285208617	2.23562126125	23154.8839111	True	
-2.40278709644	0.611467165004	2.38684177391	24407.3920923	True	
-2.20685246473	2.62498871888	2.05156052728	27063.402082	True	
-2.30543689845	2.15234156112	2.21587044355	23600.4434966	True	
-1.88917171538	-1.66465277642	2.35347172819	23859.1365689	True	
-1.96398119285	-1.37038246334	2.29720156885	24742.7552156	True	
0.657831823626	-1.4761949195	1.97183804456	28434.8783522	True	
1.7977704093	-1.52037585929	1.98391078833	27850.9325775	True	
1.99576531337	-1.78889432954	2.28543222842	23015.2664487	True	
2.50106784466	-1.8669368158	2.46480084828	27183.618484	True	
1.76509367768	-1.83939709048	2.46702391352	27304.6772717	True	
1.00217357423	-1.69354502833	2.16983656705	23471.2169837	True	
1.71473303532	-1.831971161	2.28685453169	23847.4031624	False	
0.616885651465	-1.77763083435	2.28840850362	22977.8674127	True	
-2.27844925675	-0.936405945613	2.29707535523	23100.1315295	True	
-0.780201222913	-1.65101754673	2.10025238695	24651.5446178	True	
-2.2506418973	0.581221376999	2.28986823652	24069.3803782	True	
-2.29572663009	-0.798019516048	2.19652323759	25143.5280817	True	
-2.29127849736	1.51481737412	2.14490571801	25298.9999751	True	
-1.9204937878	2.91902903882	2.02213070129	31740.8059544	True	
-2.21916303458	2.05802622271	2.09071582044	25757.0620592	True	
-2.10349650711	0.48362529572	2.0724453256	26644.891674	True	
-2.3686384754	2.79325792409	2.43730618314	24698.615734	True	
-2.29216055157	0.15339878002	2.25530165876	23002.2843714	True	
-2.14206207021	2.67235411336	2.28367718372	31341.9708744	True	
-2.41225897114	2.33430775451	2.41388156263	24807.1717528	False	
-2.26664381576	0.51087350473	2.15126591709	24570.047724	True	
-2.17717615269	2.96903586221	2.14848535501	24932.3566139	True	
-1.68064191989	-1.64611189977	2.33093337938	23552.3410318	True	
-0.295445458913	-1.77675211901	2.19734847354	23801.8603222	True	
-0.933621286493	-1.58839303029	2.15632917212	25027.779506	True	
-2.17847008167	2.04624549871	2.20008305795	25327.4832118	True	
-1.77208471975	-1.52991699382	2.18687817988	23377.8720275	True	
-1.94320913718	-1.62134160661	2.25121468112	24359.7881835	True	
-2.14799198462	-1.05394224117	2.13200810932	24755.6153361	True	
-2.30197270833	-0.363226113521	2.10482324951	28195.8631938	True	
-2.26868275354	2.28106104988	2.28434395174	23466.768551	True	
-2.2360054288	2.61257620825	2.07355284001	26719.2327128	True	
-2.27594849671	1.67280616944	2.15263702849	24660.7837767	True	
-2.15626207576	0.416350670494	2.00484599171	28351.81103	True	
-2.32677058063	1.78675125394	2.37482677471	23710.1838153	True	
-2.26562951833	2.39663816287	2.2558174455	23275.487236	True	
-2.42494147055	1.18774191142	2.29221221271	26876.7363277	False	
-2.45693416139	2.41108267591	2.33080685055	28323.0179333	True	
-2.28914583031	1.4610944492	2.27576799051	23015.3287222	True	
-2.36200135558	0.032940798669	2.31854416683	23505.4039678	True	
-2.26025760352	0.0726986216837	2.14897677663	24596.7541387	True	
-2.30679519366	-0.276300954504	2.29190667367	22909.8314753	True	
-2.42267373614	0.827899346761	2.43002133732	25345.4665745	True	
-2.26911727645	0.400394402913	2.22229176547	23262.8378045	True	
-2.24778997701	1.00655144695	2.24318893903	23549.1868535	True	
-2.41269818346	1.07521734592	2.26117877205	26989.2575249	True	
-2.45094042417	0.42818219569	2.47286593297	27140.1238637	True	
-2.2119867999	-0.96912215944	2.34342970719	23952.5195766	True	
-0.268872465361	-1.88286422369	2.28789847177	26301.5580144	True	
0.147740347253	-1.81301504395	2.33751300762	23557.0846311	True	
0.62456224521	-1.72956176156	2.10269834429	25380.5932836	True	
1.58096519818	-1.81412736965	2.25363515449	23676.8526236	True	
0.422364315538	-1.78927791296	2.17549951845	24635.0937678	True	
0.584033174851	-1.53901291645	2.0339958059	26726.2245783	True	
-2.29163738757	-0.422704044425	2.40121936722	24989.6459196	True	
-2.3650917216	0.445096589717	2.34551548989	23382.6984503	True	
-2.28976185032	-0.834165050755	2.38130127892	23691.5957669	True	
-2.15985158668	0.26729969083	2.17041049769	25380.2460629	True	
-2.34470786406	2.56723309532	2.33808476488	23084.5077531	True	
-2.39895448304	1.41482818425	2.50484078581	26833.3693169	False	
-2.23178669068	-0.519784474299	2.15888773186	24204.7379772	True	
-2.10451872192	-1.04845673443	2.23009651222	24096.7817472	True	
-2.14576218647	-1.47761397133	2.37899361634	24163.7022874	True	
-2.18167746787	-1.19778988314	2.35445310169	23585.0405961	True	
-2.18987317751	0.669993178059	2.22524817354	25245.2510378	True	
-1.85497539603	-1.69562796446	2.17522070989	27791.4236444	True	
-1.98245801601	-1.43438078679	2.2782523527	23104.4439634	True	
-0.776722398483	-1.69208160953	2.16642186017	23479.7413746	True	
1.38558909804	-1.62180532699	2.13736449722	24691.7219165	True	
0.675822933523	-1.81892957575	2.37707887046	24250.0972701	True	
0.279559842145	-1.54397544817	2.1058629359	26725.0036851	True	
-0.36915724228	-1.71736337122	2.21658584237	23037.5344402	True	
1.25165494778	-1.76582737119	2.2303642407	23017.5910742	True	
2.55308158736	-1.70214927133	2.10965699753	24635.0042035	True	
1.06225122415	-1.75532536995	2.32595712652	23772.7497717	True	
1.80656814489	-1.73940466065	2.19617035928	23176.7942852	True	
1.87415019663	-1.75236145654	2.17256005886	23747.8526889	True	
-0.132862039634	-1.85780193929	2.47480140815	27552.9719363	True	
-0.834707819223	-1.7252744143	2.21622911478	22996.9078233	True	
-0.737557368999	-1.58502262033	2.11014601209	25136.6582369	True	
-0.108791580977	-1.74824190762	2.2035364598	23175.6426259	True	
1.70727808072	-1.70115769844	2.10804111783	24670.540403	False	
2.73782861677	-1.60935808082	2.12893849904	24974.5253762	True	
2.59776761814	-1.77168290049	2.19523647066	23629.8001427	True	
2.31972484298	-1.74011471104	2.21087067576	23026.9422312	True	
2.42960256813	-1.75066997753	2.23843398545	22892.1516653	True	
-0.173546466178	-1.80055390569	2.32771165665	23371.5980936	True	
1.01923302479	-1.78783780821	2.33309588124	23455.3307713	True	
0.62673549741	-1.63088608122	2.06291199339	25494.3939921	True	
1.91678214374	-1.70573656373	2.24260438405	23420.7714529	True	
2.77255913025	-1.78332701629	2.15593423931	25028.9373038	True	
1.5789476716	-1.81657772862	2.30122066877	23397.2870649	True	
0.492888269736	-1.75964615476	2.20188789505	23308.1168355	True	
-0.65567034798	-1.71919998121	2.09736273934	25603.6924695	True	
-0.254642679199	-1.70957117622	2.09993851462	25139.6050079	True	
-0.855312332369	-1.72925034005	2.26140020241	22946.5697515	True	
-0.582650579883	-1.63865942431	2.2990760949	27828.3815382	True	
-2.15632829168	-1.40253359335	2.28699379257	23708.6076153	True	
-1.49470646041	-1.71956860852	2.24591036581	23218.2772445	True	
0.893835509161	-1.75178030875	2.1592716292	24067.4564957	True	
-0.798916017631	-1.70969600227	2.11866257023	24743.4414384	True	
-1.27895678262	-1.63900325117	2.16974569155	23537.107235	True	
-1.26446051875	-1.7602200414	2.17606825202	25007.7044884	True	
-0.155450451814	-1.72686608614	2.11970700369	24792.5883836	True	
1.84567433192	-1.82304226435	2.32562547198	23573.2782864	True	
2.71595192796	-1.72703972224	2.24782339242	23075.504035	True	
0.101644127931	-1.80352298053	2.28889843039	23206.0758926	True	
-1.43949349856	-1.61861353432	2.24320638416	23710.0991892	False	
-1.61100550236	-1.61815405585	2.23636495175	23030.4024391	True	
-2.23210833343	0.11704211536	2.16969565253	23948.9677574	True	
-0.885300144222	-1.79762973742	2.29748066196	23324.2845222	True	
-0.474420059763	-1.73986359417	2.1168606535	25295.4622858	True	
-2.31026243905	-0.560413711068	2.33957448621	23086.4427934	True	
-2.26696700356	-0.901247282557	2.2375987067	23567.8164036	True	
-2.31779920734	0.0180587130609	2.18700137847	24880.5743822	True	
-2.24153375047	1.42381514951	2.13765724726	24603.7023267	True	
-1.36587541448	-1.68404961813	2.33002692638	24217.7175029	True	
-1.06831838476	-1.79173353624	2.28658272447	23399.8280902	True	
-2.37681582425	-0.592246819958	2.40536538079	24442.6898728	True	
-0.675363282813	-1.68132470022	2.21745238347	23448.6921875	True	
-0.23743387938	-1.62822886589	2.21412149386	25405.8457531	True	
-1.02178237221	-1.69736134384	2.27664163055	23496.4177892	True	
-1.60131932985	-1.58574974989	2.2742031591	24139.6865408	True	
-2.31699336992	-0.606229765107	2.3317191903	23076.7365608	True	
-2.38177045356	1.34644379464	2.37786277377	23761.9554072	True	
-2.33243699935	1.22878148811	2.31888263379	22963.5307265	False	
-2.21066539068	-1.04533736142	2.27890839538	22893.1674865	True	
-2.27615783224	-0.316838481596	2.20989099061	23505.3157347	True	
-2.31495334079	0.154005382142	2.23173274139	23559.5611065	True	
-2.28125230941	-0.227346007935	2.1616308572	24775.53826	True	
-2.21779220268	-0.472335983524	2.23039494886	23550.1654954	True	
-2.29486720129	-0.0300177576709	2.2648012596	22956.3291345	False	
-2.36553180318	0.883477299784	2.34845834783	23364.5324288	True	
-2.30633393817	1.30487053146	2.2437223409	23162.7679538	True	
-2.03762286146	-1.11107001361	2.24039394399	25682.9596685	True	
-1.1243130354	-1.76639415721	2.28911985402	23058.4694944	True	
-1.63525175595	-1.64983314841	2.17022051778	24042.3822677	True	
-2.00110904498	-1.51417830523	2.33641100943	23231.8160679	True	
-1.01397209499	-1.68479239867	2.21391209374	23159.6302243	True	
-2.34937435107	-0.224334119686	2.41714759729	24246.4794073	True	
-2.1166900028	-0.969956219112	2.19136290583	24024.6528153	True	
-1.50330445097	-1.71551791908	2.28447336662	22976.9007443	True	
-2.28896482627	0.066645322134	2.24847737177	23043.8460847	True	
-2.28470348576	0.779602493118	2.32588488396	23687.9509918	True	
-2.31127635819	2.17042723052	2.28641215363	22905.6186176	True	
-2.31332939694	2.2833137752	2.30484680545	22934.3115759	True	
-2.38387529372	1.68081569248	2.37278755211	23781.7565299	True	
-2.35817108014	0.925897773405	2.37914973176	23508.4909196	True	
-2.31840869381	2.6821211454	2.34686826215	23316.4989456	True	
-2.24320298119	2.43290119593	2.13818638448	24602.368325	True	
-2.35078194939	1.04476874044	2.24998069971	24051.1841479	True	
-2.22949324802	0.0637726449942	2.16516780565	24018.6055461	False	
-2.30491109151	1.41515729654	2.19746064367	24015.3681096	True	
-2.37810766099	2.53347152676	2.28645823165	24306.9405836	True	
-2.29980895931	0.914499017202	2.33484638947	23462.3831442	True	
-2.21556450901	0.335554728161	2.19155014977	23996.9884047	True	
-2.25921122426	-0.458968091919	2.22021946882	23266.0267497	True	
-2.29598802976	0.137746348608	2.3058338389	23048.6888107	True	
-2.01196851726	-1.47816741444	2.23062683287	23317.0247777	True	
-1.76689258015	-1.58466881148	2.19050391786	23423.2519423	True	
-1.17569791129	-1.77107067723	2.36173645108	23881.0036551	True	
-0.0451265896995	-1.7057875447	2.17761156917	23335.7227308	True	
-1.57752009931	-1.69056980926	2.2850443394	22929.5271258	True	
-0.979580612297	-1.75124472051	2.23741852518	23029.9346701	True	
-0.654831541069	-1.76084570134	2.27570436397	22911.9874199	True	
-1.40527712976	-1.73619379449	2.28004069384	23026.6459728	True	
-0.496630323631	-1.6400110561	2.13061670698	24237.8402358	True	
-0.472138697158	-1.77117653998	2.27349770075	22926.4592571	True	
-1.1942682378	-1.77243915742	2.30102316578	23190.6652759	True	
-0.81735465679	-1.70079376338	2.18338943378	23275.2188182	True	
-0.801793926082	-1.78859514867	2.23267558681	23653.3461116	True	
-0.668460649279	-1.67780294005	2.18302513004	23439.3239493	True	
-1.06441582457	-1.8112915396	2.37711962324	24287.2169521	True	
-1.69780610883	-1.72741976808	2.36845627002	23994.0601606	True	
-2.34050363058	-0.352064057027	2.31279953367	23251.621269	True	
-2.1431154312	-1.23351096912	2.3421642123	23737.3129438	True	
-2.25832141301	-0.91439949495	2.32629963396	23036.2412028	True	
-2.24666772719	-0.560338294857	2.33079776492	24119.5238791	True	
-2.30785170159	0.316056619795	2.26868266166	22965.2651369	True	
-2.29673796746	0.751372366616	2.17739169603	24398.5236555	True	
-2.3140612225	0.402263981958	2.29927673145	22906.0156313	False	
-2.27030353288	0.14843166005	2.24715180764	23117.8828331	True	
-2.27862007301	0.543173367819	2.34373186667	24320.6215299	True	
-2.2344347977	-0.22626857907	2.19713854375	23574.6670107	True	
-2.29510992074	0.451940603198	2.23877989793	23146.3150902	True	
-2.34831963081	0.564756693943	2.27914131612	23466.4368124	True	
-2.21244034784	0.866614929453	2.21566379401	24265.8550988	True	
-2.33451184354	0.415736344745	2.31594267855	22982.2261643	True	
-2.28276785148	-0.302085461921	2.26590586876	22949.1436247	True	
-2.18775317184	-0.173689372306	2.12154797003	24847.4905076	False	
-2.16614325287	-1.16625587416	2.29323982864	23004.3661353	True	
-2.33655957027	-0.0533389550948	2.38087637228	23589.5142135	True	
-2.33604402582	0.324088643202	2.26445119063	23415.2654881	True	
-2.2993941935	0.95799749186	2.24898947862	23059.6717718	True	
-2.30882935415	0.738591807813	2.302409538	22941.3567173	True	
-2.31371071722	2.26337195987	2.20117039562	24125.7018381	True	
-2.32584501395	0.555253200373	2.27591395613	23061.6951502	True	
-2.23207785131	-0.866236861704	2.35922919318	24324.1344825	True	
-2.08051094979	-1.3476002062	2.22124796006	23208.859644	True	
-0.79076917595	-1.72504253531	2.29895664423	23527.8487387	True	
-2.13610314549	-1.2845756581	2.30551038129	22974.9014127	True	
-1.47522099466	-1.60562239195	2.14788354429	23826.1551499	True	
-0.918519754498	-1.75862292921	2.27782491769	22926.392839	True	
0.49153226023	-1.71833002618	2.22113072782	23066.3687574	True	
0.0189268145238	-1.74740599379	2.31818096735	23722.2175138	True	
-0.718881762754	-1.76358251694	2.25073203413	22959.6875749	True	
-0.0868680652561	-1.71167711786	2.19967486184	23146.1670002	True	
0.929518021013	-1.78566206215	2.23070526083	23308.892119	True	
1.23460112467	-1.77201080406	2.24973826821	22938.9051356	True	
0.491677335832	-1.7251340747	2.27607429359	23433.8263762	True	
-0.618207663526	-1.76078885807	2.17737435083	24010.3437463	True	
-1.01485709826	-1.77668209528	2.22661004834	23676.2166548	True	
-0.901734611517	-1.72962265598	2.25778761082	22912.7486917	True	
-1.11025456495	-1.763663469	2.24637689795	23227.742618	True	
-0.91008241558	-1.6802658227	2.17414791468	23410.6687498	True	
0.482295775236	-1.76256860906	2.26656371716	22888.481708	True	
-0.282085680094	-1.7228854476	2.20130442167	23094.6987541	True	
-0.874334844731	-1.7501338637	2.24491884081	22925.8774637	True	
0.344419399409	-1.72274573567	2.17754512855	23347.1263492	True	
-1.81186348272	-1.60094026982	2.28992738574	22931.2428298	True	
-2.2242789166	-0.910764664395	2.29287571818	23054.4927733	True	
-2.29280989783	1.06481707752	2.23698670316	23144.2951124	True	
-2.25284346987	-0.897177620371	2.25762080296	23050.99269	True	
-2.13183565228	-1.2517773074	2.2504863096	22947.4721922	True	
-2.21352484794	-1.15421869057	2.28482334194	22979.4006453	True	
-2.36699473027	0.415059551662	2.31169946066	23609.1742607	True	
-2.21684536547	-0.95974593322	2.22683839005	23196.4635298	False	
-2.17797914756	-1.14064877653	2.28753876845	22942.1720236	True	
-2.31369027978	0.566551328772	2.32315062056	23045.0415045	True	
-2.22915647648	0.329547687654	2.28636438798	24823.2444582	True	
-2.30323231217	0.098441073322	2.22654374523	23452.0795305	True	
-2.33163440376	-0.0228180028638	2.26742880838	23360.0241104	True	
-2.32071907492	0.350132011424	2.29446112575	22921.7517589	True	
-2.28935245545	-0.0884657562972	2.28556588607	22954.4392084	True	
-2.26624473386	-0.817455301727	2.27875479149	22922.6519076	False	
-2.29224547881	-0.387310823606	2.24016235914	23241.5376763	True	
-2.18466455603	-1.13794383353	2.25387548994	22965.0417795	True	
-2.25312026616	-1.06761307947	2.30291958189	23066.3677226	True	
-1.45213406954	-1.66298202685	2.26372773144	23087.4534283	True	
-2.01239738094	-1.51568058906	2.29269504234	23038.2785694	True	
-1.3813374077	-1.74371948995	2.28347232968	23067.3533739	True	
-1.30020522597	-1.73652498015	2.22660368765	23296.2155874	True	
-2.16854834855	-1.14421878181	2.25960738399	22931.9245443	True	
-2.2778343867	-0.712108481857	2.26568742964	23011.0350895	True	
-1.79454881661	-1.47488325749	2.14684164174	23977.8534917	True	
-1.40340742517	-1.63267353783	2.21032049136	23300.511513	True	
-1.46930976408	-1.68487369442	2.2762300274	22946.6419423	True	
-1.8669966841	-1.61167837216	2.2278593105	23689.7375876	True	
-1.70660428175	-1.56727970746	2.1950978739	23266.3946881	True	
-1.17542630013	-1.70466168368	2.21980234228	22981.7206142	True	
-0.891547799421	-1.7450032901	2.29016477012	23035.8864186	True	
-1.52232969012	-1.68159578408	2.27521372721	22906.3028701	True	
-1.42193417066	-1.67548377295	2.24806656141	22930.9553052	True	
-1.20311745423	-1.7219261756	2.23338988632	22951.1720473	True	
-1.81994665001	-1.5743586997	2.25309272387	22888.3932896	True	
-2.31805438839	-0.337334203726	2.35338229793	23241.9957434	True	
-2.30252009785	-0.516381792677	2.31428519407	22939.8011986	True	
-2.27241719913	-0.491767108418	2.27451913801	22940.4306367	True	
-2.29628140463	-0.263294786325	2.2727956623	22932.5393	True	
-2.1608402704	-1.23588596835	2.25183078318	23030.5113882	False	
-2.22037695225	-1.14902413233	2.32013300425	22993.6744138	True	
-1.92077440503	-1.5661368084	2.28605781816	22941.8744515	True	
-1.13869286909	-1.75839542041	2.29076464844	23007.9066113	True	
-0.180145575779	-1.76976959138	2.23487870644	23055.6636915	True	
-0.149872350189	-1.75076811808	2.2760261541	22983.578772	True	
-0.185696749298	-1.68612632941	2.1495007625	23717.3675953	True	
-0.902365949411	-1.74532880846	2.21592043798	23155.6917404	True	
-1.15320242962	-1.69582656121	2.19604988187	23167.4024467	True	
-1.38488690819	-1.66639633015	2.22069978841	23019.3128397	True	
-1.4471722802	-1.67668185654	2.17612683656	23641.2850621	True	
-1.62969508607	-1.68482470705	2.25598645029	23048.704631	True	
-0.633731929139	-1.7377971977	2.24390191069	22889.4365468	True	
-0.0054216282053	-1.72958569237	2.22966752784	22963.1219244	True	
-0.711825720982	-1.72526944751	2.25837372206	23014.9387178	True	
0.152203999775	-1.75163506343	2.26707555956	22927.2734229	True	
0.803483874791	-1.78883821735	2.28458375653	23015.8221456	True	
1.47614708221	-1.74486914556	2.2330983255	22908.7064656	False	
0.0667404091374	-1.69356280788	2.20330890507	23342.0395452	True	
0.593905346735	-1.73852216284	2.20227285612	23104.8718301	True	
1.12509127232	-1.7338825717	2.25051261306	23003.4116885	True	
1.52632115555	-1.77262309656	2.32700542689	23488.488196	True	
1.27526388162	-1.76904917309	2.25508750581	22899.7738336	True	
0.76119430682	-1.73697071971	2.27311290125	23162.2894062	True	
1.84835891832	-1.75143532356	2.23482239632	22904.7423752	True	
2.24313613245	-1.75371860139	2.27521717588	22979.9962687	True	
1.61904127556	-1.808069366	2.29486018446	23249.6589231	True	
2.17349586767	-1.76943204196	2.24186872004	22960.7553974	True	
1.99598702376	-1.74130384449	2.26058946106	22988.1311203	True	
2.16219365519	-1.80323437093	2.29983381817	23186.5877443	True	
1.88325708788	-1.73171690889	2.19596875675	23145.2123126	True	
1.76289945221	-1.72714788244	2.22954663791	22998.567442	True	
0.814920573912	-1.74642257503	2.26305802949	22951.9691868	True	
1.4606330216	-1.79288375168	2.29481997152	23070.725215	True	
1.35119775587	-1.76104298146	2.2394369641	22916.9713151	True	
1.89468859208	-1.7606473602	2.27128080299	22912.5050541	True	
1.41013129025	-1.74637113848	2.24268637916	22891.9972064	True	
1.63615161668	-1.75979234236	2.27524772514	22938.5478092	False	
1.29662647502	-1.77106122992	2.2533805684	22916.6855171	True	
0.900444152678	-1.73296347818	2.25378945893	23034.5072506	True	
0.48846719196	-1.77109165699	2.27017000038	22902.8452029	True	
1.2742216845	-1.80734067344	2.2778991258	23283.9927325	True	
1.39201586749	-1.75204130204	2.25422491503	22884.3107114	True	
1.84371459668	-1.75112490062	2.23742701893	22895.2631578	True	
0.934313353642	-1.73713997356	2.23068374338	22933.2189082	True	
0.91936316324	-1.73802371823	2.25530119191	22985.4517835	True	
0.630232004838	-1.75088033017	2.25944622828	22902.0993739	True	
0.986883648385	-1.78031345926	2.31041984695	23164.5056994	True	
0.511649054721	-1.76658223541	2.2702301484	22896.8337088	True	
-0.200929862515	-1.77998133875	2.31179022153	23168.8271825	True	
-0.353076493207	-1.77009409286	2.22827778268	23153.3699362	True	
0.0361223242559	-1.76333443254	2.26252521413	22881.4615618	True	
0.704183626666	-1.75397571422	2.22476376561	22974.818624	True	
0.0820243273194	-1.75696215226	2.2581764809	22876.0868224	True	
-0.245111466021	-1.75583482534	2.24109984127	22903.5358028	True	
-0.354566865662	-1.75945141678	2.217370012	23143.9141909	True	
-0.700267581972	-1.73228065604	2.21763439432	22990.3103971	True	
-0.857285717739	-1.75667492087	2.24030064038	23005.7424592	False	
-1.99136714709	-1.5529712726	2.30800688203	23161.6688848	True	
-1.89819684885	-1.54814010958	2.24902124057	22940.8105524	True	
-2.04313838853	-1.32231396137	2.22709352871	23138.0735545	True	
-2.1908155673	-1.22723725276	2.28697511845	22983.8949187	True	
-2.11719671687	-1.40555927671	2.31987583448	23081.4660717	True	
-2.24199932293	-1.17477414569	2.30947523185	23274.146427	True	
-1.56866912083	-1.68769284439	2.23451032971	23119.8955107	True	
-2.15719384416	-1.21258179887	2.28439972372	22903.2866698	True	
-2.0283422868	-1.22420586387	2.18356498522	23855.2791665	True	
-2.21734835749	-1.01568619815	2.29293794062	22931.8795799	True	
-1.72810240469	-1.66932062345	2.30163254867	23044.5556491	True	
-1.79810274709	-1.59864831305	2.32056783093	23350.8292055	True	
-1.32487293042	-1.73839368933	2.26564248979	22992.6712189	True	
-2.08496292799	-1.38898522127	2.29984720677	22920.9651199	True	
-2.29371223529	-0.704039724805	2.30016338828	22950.6486268	True	
-2.28611037335	-0.535734450161	2.26940512999	22953.2281484	True	
-2.0997304032	-1.24089757739	2.25593933933	23107.6072843	True	
-2.26758980597	-0.930356911047	2.2954294545	22973.3638962	True	
-2.10334987603	-1.31051054918	2.26400587419	22896.3809865	True	
-2.19156628388	-1.29155508166	2.31920623699	23150.3077587	True	
-1.75136461071	-1.58680673467	2.26039656872	22981.1102521	True	
-1.46021756664	-1.6819015975	2.25290641188	22883.2342947	True	
-1.93670648028	-1.48962197638	2.23588336993	22968.2157268	True	
-1.82371516705	-1.59236723767	2.26875945076	22874.432804	True	
-1.99864645796	-1.42482296681	2.24788977813	22944.9500541	True	
-0.93231724103	-1.76599935793	2.26174781975	23002.317214	True	
-1.76530583906	-1.65805603635	2.30484257322	23059.7127013	True	
-1.45672754207	-1.67337573411	2.22385816889	22974.8110499	True	
-1.363685311	-1.74578745044	2.26878890877	23121.923121	True	
-2.15275608336	-1.25951409	2.26452366661	22940.3027579	True	
-2.19925985882	-1.13161969605	2.26700778178	22936.9481692	True	
-2.09344047326	-1.35646072527	2.27455661527	22876.5467049	True	
-2.22158201461	-0.869958224919	2.23223152203	23113.2616329	True	
-2.0004040607	-1.53957759343	2.30366418705	23115.5615732	True	
-1.56727719377	-1.68783259979	2.28130845239	22910.8444826	False	
-1.54466508096	-1.70092852544	2.3058067614	23051.6319143	True	
-2.04331380902	-1.45788028265	2.28741074271	22919.0742533	True	
-2.24842025675	-0.924704068011	2.28138828454	22899.818837	True	
-2.07631986546	-1.28229886817	2.25185246309	23103.0315152	True	
-1.78852361217	-1.58542875544	2.24472052223	22907.4820081	True	
-2.05344929244	-1.41990513939	2.26702860112	22900.5478808	True	
-1.92942418422	-1.50904749016	2.25679875798	22888.2603629	True	
-2.27401481681	-0.659914483917	2.28586598026	22896.0616383	True	
-2.24833419993	-0.851795602875	2.30032900561	22960.3503713	True	
-2.24648046924	-0.913810179469	2.33376565323	23240.2235584	True	
-2.16139218431	-1.23752712862	2.29394788893	22894.7884496	True	
-1.74496464122	-1.6344410163	2.28642600559	22913.8909968	True	
-1.34499464596	-1.67605555952	2.21689391604	23016.6020231	True	
-0.957482848684	-1.77744202972	2.30267447991	23116.5469657	True	
0.1189247397	-1.76443503706	2.2562846517	22884.5551299	True	
-0.357383521417	-1.75554212637	2.24359490842	22897.1401425	True	
-0.389479431956	-1.74853600401	2.24064014427	22889.9377905	True	
-0.890619568294	-1.74905047353	2.24498359793	22922.9100111	True	
-0.831601339124	-1.76763718565	2.25877406872	22992.2135517	False	
-0.746042395486	-1.7133610383	2.22227434258	23005.7846387	True	
-0.605415438472	-1.75497046027	2.25528665876	22879.3500738	True	
-0.31860184308	-1.73750634966	2.23474193384	22911.4789332	True	
-0.668488716325	-1.76239175979	2.28255939517	22940.5899278	True	
-0.669709397013	-1.74591016485	2.23393380686	22927.0815116	True	
0.0877127305013	-1.7343249724	2.20096502646	23108.2077347	True	
0.257724673364	-1.74866750424	2.26762885478	22954.9393791	True	
-0.0834203466752	-1.7853727513	2.25383787122	23097.1329779	True	
0.146343243643	-1.77878506739	2.26621954009	22949.0996238	True	
-0.106664105717	-1.74924959088	2.2474478593	22878.7547258	True	
0.447933026569	-1.74483659351	2.24673412551	22897.5426478	True	
0.829067497398	-1.76103473231	2.25476096883	22875.1297476	True	
0.222479633531	-1.74768672159	2.26516635217	22946.006458	False	
0.326838603522	-1.77009822418	2.29556114628	23044.4922774	True	
0.0942171009821	-1.76763824943	2.24066490699	22968.7137178	True	
-0.0578678806549	-1.76764811146	2.27869925932	22926.5132563	True	
0.114864874647	-1.77745182196	2.28713157372	22972.1532704	True	
0.294305354502	-1.75964489043	2.278110257	22952.3698938	True	
-0.0798113419933	-1.74573104297	2.2263722005	22940.5125155	True	
-0.698627539554	-1.76791167572	2.2768597418	22934.4965832	True	
-0.418807290568	-1.76552420566	2.25787175941	22904.3616319	True	
-1.2937682618	-1.71961864183	2.26923562818	22885.3399362	True	
-1.69380888788	-1.63605470747	2.25440687242	22881.2417475	True	
-1.66863188552	-1.65565090421	2.27332526425	22883.5785496	True	
-1.90229718459	-1.56711052582	2.32783219376	23231.593921	True	
-1.64855291077	-1.64599171053	2.26035747868	22875.4418357	True	
-1.37741487828	-1.70472553089	2.24411127182	22905.1517892	True	
-1.48482266904	-1.69039719383	2.26449686892	22874.949323	True	
-1.55208888529	-1.66075059677	2.26653258545	22933.4189396	True	
-1.32668099619	-1.69723849451	2.24882101488	22892.3743889	True	
-1.09318270445	-1.70678217531	2.23544795076	22940.6645105	True	
-1.15381396168	-1.7378035962	2.25792978125	22896.5943089	True	
-1.33800251841	-1.69090028791	2.24991169307	22915.3798643	True	
-1.52117073773	-1.67184890034	2.24020566527	22906.5970886	True	
-1.10398323433	-1.728891598	2.24195471045	22899.0528702	True	
-1.11580824399	-1.72288610773	2.28126846986	23026.7318212	True	
-0.982085223522	-1.71998852905	2.25129726116	22926.6542031	True	
-0.792435578576	-1.75513474489	2.25643786966	22895.0243028	True	
-1.14555651729	-1.70929918369	2.24865170708	22919.1531131	False	
-1.0825729825	-1.74352467413	2.25931360905	22897.1026873	True	
-1.33549748348	-1.71131792691	2.28471299257	22975.3782708	True	
-0.861342614666	-1.76104123304	2.25919210428	22938.9110729	True	
-0.736743321663	-1.7349012786	2.25179986052	22898.258175	True	
-0.356520583068	-1.75695958733	2.23998132224	22919.9229582	True	
-0.560076820973	-1.73226838628	2.24138313504	22916.6180705	True	
-0.400297727238	-1.76834948579	2.25357236167	22935.3986495	True	
0.390695301792	-1.74148986863	2.23412648537	22911.2961736	True	
0.507523514912	-1.74965264976	2.23165277872	22916.5100143	True	
0.475590527141	-1.7583481666	2.2695125092	22909.7849627	False	
0.786999129678	-1.75153058559	2.25453502539	22885.7149648	True	
0.743421934229	-1.76823661383	2.24801503354	22920.8826992	True	
1.02765485193	-1.77288304919	2.2830428709	22947.3724695	True	
0.720687283372	-1.76472522673	2.25721607086	22880.8710227	True	
