Parameter 1	Parameter 2	Parameter 3	Potential	Equilibruim
-0.157177275905	-0.952360833773	1.87570617934	35381.3899985	False	
-1.74919543524	-1.06427704689	2.26984268816	48626.6651701	True	
2.89818057228	1.44740300423	1.66716253047	41305.3084619	False	
2.02922051705	1.61216216945	1.46509038867	70202.6628718	True	
-2.84931392531	1.30692656342	1.82467676979	141270.164212	True	
1.58486995651	2.92836317283	1.9973293219	70204.9344734	True	
-0.0151687799993	-1.57514255928	1.64476891446	60192.3194996	False	
0.729828332329	-0.804373881415	1.92138736115	41213.1191487	True	
2.07219055192	0.708290510101	2.43339789956	342108.155296	True	
0.912533740621	-0.0869828284792	1.70095904969	39085.2136628	True	
-0.050665735809	1.0158467124	1.73631763291	37528.8238568	True	
0.465824254498	-2.21098249209	2.88330000828	81461.5981068	True	
-0.415597744582	1.89212613378	1.79523710226	37473.8794024	True	
-1.34091584389	2.30945957302	1.84494154104	36310.0657724	True	
2.34139494692	-1.65160428633	1.91069558455	33890.7665623	True	
0.417729221463	-2.1951938486	2.45914800253	63123.9740571	True	
1.80274052101	1.44961298795	1.96308575123	60687.4559468	True	
1.54840428714	-1.09679808146	1.8916045793	34065.179126	True	
0.512236348948	-0.107096832276	1.59417377994	49698.4762017	True	
-1.6339615731	0.484226404005	1.95323801029	37453.2246076	True	
-1.91084855929	-1.46928048342	2.04602257611	28336.084223	True	
1.56840384936	-1.74246453157	2.41167375308	27903.1103839	True	
-1.11127033378	-1.75260581259	2.06382548659	29205.3609906	True	
0.3003804246	1.80087435021	1.52169389284	60114.7846003	True	
1.79450463288	2.53465365377	1.61313377002	46766.0638915	True	
-1.44770173673	0.423997582476	2.1288709078	79362.4037978	True	
-2.9984956355	2.57194535317	2.72767623397	139968.142078	True	
0.565214976357	0.709799638724	1.34238861601	95700.2286389	False	
-0.163552714315	-1.938365413	1.80104291324	66496.8535236	False	
-0.787337269294	-0.861213092661	1.85277879649	34972.1095581	True	
2.10671856325	1.90138101307	1.95820396242	59554.5514993	True	
1.46626964654	1.34876195157	1.56391544299	53376.6226537	False	
-1.94928163166	-0.113540810993	1.88969544158	31880.4911273	True	
-2.24244870243	-0.0670028887211	2.41991998726	30015.2668586	True	
-0.21630687278	0.492024519558	1.52497698076	59899.0604762	True	
-0.683556186634	-0.214274289582	1.93374366776	48122.5690036	True	
-0.705119359892	0.407265027347	1.71503386465	38380.8997595	True	
-2.5913747147	2.35107327032	1.66162386776	107865.630162	False	
-2.44721884058	1.7261532338	2.05599300712	42549.6800791	True	
-2.53659074656	-0.997492503174	2.26142575651	46798.9023614	True	
0.395151976663	-0.0899772148156	1.58637072098	50747.1602171	True	
2.37451712411	-1.16892395646	2.30191900645	102217.213033	True	
-2.27768682361	-1.08180783721	1.90627131217	47172.6761568	True	
0.520165620024	-1.986159779	2.12988839325	42488.4929779	True	
-2.477128547	2.4206226809	2.00876083486	50437.7892716	True	
-0.999680666766	1.36101505864	1.6512305025	43636.0362004	True	
-2.3912580613	-1.94627289845	2.76605006908	72570.9400816	True	
-0.954294966024	-1.90849177658	2.56057779034	32631.9712244	True	
1.09054561535	2.70052103867	2.01267649126	74948.3754266	True	
-1.53426133473	1.88616384314	1.58200151924	55818.4860052	True	
0.176287896683	-1.30753397635	1.86489157271	32129.0266537	True	
1.28255993439	-1.74549349501	2.42095935401	28284.5972824	True	
2.24355224767	-0.306234169194	1.54105004793	57836.8022293	True	
1.60397716815	-0.710548372454	1.76735764697	36233.2070067	True	
-2.51235199552	-0.983213674369	2.95601764921	69977.7045512	True	
-2.15653539524	-0.369434176281	2.20650942822	25324.1971147	True	
-1.11209923986	-1.31640288771	1.99786481054	30173.6430563	True	
1.89666021552	-0.594302976712	1.76940172182	36346.2766532	True	
-1.97398385896	1.48911825384	2.37875820303	71683.5062295	True	
1.82652365795	-1.84174608342	2.46322413341	27103.7411774	True	
-1.88685969426	-0.199258897091	1.62692048563	56817.5851191	True	
2.31699499621	-0.30027117063	1.98804290035	61419.4139881	True	
-0.298481054485	-1.39258544394	1.83953550848	33727.6929517	False	
-0.142976957229	-0.109871888909	1.86678373609	41260.0134668	True	
1.17923501287	-0.0731365363257	1.66903561844	41403.3823612	True	
-0.179112428781	1.89567231707	1.89462960581	46332.780611	True	
-0.178412870909	1.88072739779	1.05009815588	161417.952136	True	
-2.60601868196	1.97489597328	2.93481224459	65784.0400036	True	
0.382909861166	0.111517741522	1.99673617191	67096.9218883	True	
0.174461657937	-1.20286407029	2.02052333734	38460.0858671	True	
-0.957270588058	-0.427229557789	1.48633407006	69148.620766	True	
-1.95596565953	-1.83418650124	1.34899631484	136712.500399	True	
-1.45548264542	-1.17944381358	2.08234647692	35041.4727302	True	
2.50328124502	-1.63789309346	2.27714204175	27524.1048782	True	
-2.06648883878	1.55921610696	2.12592647373	28781.0017331	True	
-1.10064881989	-0.293389644164	1.14993773895	141418.872683	True	
1.398318374	1.75827450636	1.72883123178	37767.454849	True	
0.372595595704	-1.59365622875	1.67263694168	57015.9135712	True	
2.83053689488	-0.284209197547	1.79492708552	36918.8538045	False	
-1.78173152019	2.28275964736	2.03083921135	38661.6759311	True	
2.26197522806	0.904677381799	1.4684075156	69625.2054524	True	
2.63866151904	0.488385059496	1.84019502859	40214.6473499	True	
-2.16379489271	-1.48904564286	2.10829329717	33137.684767	True	
-0.288633446632	0.445245056984	1.7057607669	38791.6212177	True	
2.18628921118	-1.93778504816	2.44202878605	29167.238239	True	
-2.19886017751	-0.13562345765	2.05999720884	26769.0792428	True	
-2.08977973453	2.04395138382	2.11570427769	27461.0849258	True	
-2.34293534401	0.589015535964	2.56065494465	32724.6715645	True	
-0.0140193063898	1.99711097955	1.98187597153	64853.415868	True	
0.329495334745	-1.67266599407	1.78160557819	47335.1125128	True	
0.21381414773	0.522379843555	2.00993541502	72440.5587681	True	
-1.47707480058	-0.674696054481	1.96296902618	37324.4736961	True	
1.00851863145	-1.8595012543	1.82956928333	55139.2760033	True	
0.750354507043	0.660706723377	1.77244271027	37224.8189523	True	
0.0237691836703	-0.916968393107	1.95534811166	42142.5799928	True	
2.79988580713	-0.705349461396	1.73224492395	37630.4151015	True	
-0.935322774417	-1.8119385082	2.58072632451	35714.9166124	True	
1.31166014921	-0.611820941335	1.60972634832	48781.8491767	True	
1.14084178223	1.9410513018	1.80695432868	38295.1251379	True	
-2.28247414544	1.98372814409	2.62787857539	48759.9487086	True	
-0.321774641268	-1.75391082908	2.41387456244	27119.5839306	False	
2.44091521753	-0.32692671764	1.85727751365	39928.7035022	True	
0.442317337524	-1.38318968818	1.78416485619	37554.9147806	True	
1.28331056809	1.31993731708	1.65735872633	42152.8321762	True	
1.59362974114	2.59656651404	1.44172801297	74723.513386	True	
0.297391292298	1.47373803051	1.75774113249	37224.176854	True	
-0.509973647927	2.14751266092	2.06434207759	89544.9593819	True	
-1.74897599234	-0.85910092299	2.01198951508	31529.3397125	False	
-0.0386469064934	-1.68953865804	2.29394445263	25069.6709785	True	
0.633763663476	-0.608725425427	1.77937150219	36173.2549072	True	
-1.70027121376	-0.0347124238765	1.77117638027	36947.4527821	True	
1.18047664934	1.46771145909	1.77622563199	37344.4527158	True	
1.03368328813	-1.65794721665	2.03878137744	26507.5339829	True	
-2.29004447679	2.75878242511	1.97160323468	35607.3550118	True	
-2.54153768621	0.953282763552	2.68005987121	39562.2552113	True	
0.177518662524	1.34616767393	1.85358431375	41527.5264284	True	
0.882026379282	-1.41326838651	1.87487894546	31827.4525563	True	
2.02803305018	-1.86748016735	2.16876205482	28875.7105372	True	
1.77726842596	-1.87356875801	2.49368596259	28484.2083337	True	
1.635213534	-1.2395293132	2.07663303977	42585.5309835	True	
-0.147053509913	1.07311721168	1.64559210522	43389.7219552	True	
-0.193011668382	-1.56877305967	2.23861973247	30166.4594328	True	
2.12392548973	-1.29811376175	1.78263996215	36538.2143052	True	
1.86761219396	0.137058346246	1.93892903153	53525.2729431	True	
-2.33960632944	2.00941072394	2.3258650251	23011.8929187	True	
2.43587656343	-1.91211649582	2.42982670585	27546.9767197	True	
0.619545983532	1.33005899393	1.85699387775	42001.9219372	True	
1.0450347652	-1.90169447604	1.95703879161	46347.4630987	True	
-1.43226921457	-1.31252365579	1.67375930507	51729.6739405	True	
-1.42860372896	-1.05679998063	1.99302632923	33688.3767216	True	
2.88294596802	0.315757729609	1.6257980513	45467.3067643	True	
-2.00027695282	-1.58168867417	2.25143181719	24360.1768392	True	
-1.4186485554	0.449691561398	1.90588406426	38528.3715508	True	
-1.51322595778	-1.69130234007	2.18391856529	23895.9583325	True	
-2.27340932529	-1.19090959201	2.60804160662	34671.4109036	True	
1.1839986881	0.191408765756	1.88099212642	44106.9618776	True	
2.53820299468	0.456352682744	1.80817630231	38153.8586466	True	
-2.25972291014	0.711159439109	2.27136220906	23496.2975943	True	
1.03216187545	-1.71740201571	2.03694162504	27996.8214532	True	
1.57182668812	1.85111610447	1.83372136576	39971.675276	True	
-2.05725467453	-0.715539038955	1.91828003936	32298.2545187	False	
-1.3799275451	-1.50318003892	2.00188423823	27421.5318673	False	
-0.132041144729	-0.808526683415	1.83891133699	35670.3103018	True	
-1.23407204927	-1.81348088647	2.49740978382	28636.2628618	True	
-2.22409264132	2.04747843602	2.08384651513	26070.3759529	True	
-0.802155292242	-1.80453430994	2.23354738042	24116.6617088	True	
2.16352566859	-1.81402535037	2.16214981601	26052.3411519	True	
2.04953221339	-1.24289638795	1.72719931893	40591.6768803	True	
1.72194957388	2.79592273967	1.67822140045	40439.3077393	True	
1.43474574834	-1.27128937386	1.89760278082	31699.2313945	True	
-2.08727186968	-2.04830594551	2.44172429478	60531.0595485	True	
-1.71426669437	2.21702563813	1.76451024973	37316.4629695	True	
1.85100271915	0.860087496703	1.75217685382	37269.7608413	True	
-0.0334281879424	-1.91693703136	1.73745524552	71780.4299101	True	
-0.359916034412	-0.755161179238	1.66324112761	43396.0327637	True	
-1.9139785689	-1.81367368457	2.46018538087	30045.0503533	True	
-2.35916040845	-0.925710432676	2.73043629924	45745.3023341	True	
2.70828438135	-1.29978588497	1.85868260321	32359.7959426	True	
-1.97064219093	-1.47287444261	2.05889508062	28877.6650438	True	
0.767771897641	0.174093769018	1.91710139848	49452.3647263	True	
1.45630607705	-0.884458841167	1.76904144937	36015.925134	True	
2.70495790258	-1.62359272797	2.13203582815	24648.3090178	True	
2.25292312885	2.15565335228	1.62641262642	45238.9401062	True	
2.3426800943	-1.5983494985	2.20291886809	26824.9689508	True	
1.1782046484	-1.67555908983	2.45967635855	38243.0861417	True	
2.02461314599	-1.70998648448	2.36187494782	27086.5832797	True	
0.64232273058	-1.02969000099	1.71126480248	40093.1090418	True	
-0.0504809719967	-0.967887369475	1.884927678	35586.3484699	True	
-2.08517969962	0.159205694394	1.91348403169	32111.5383311	True	
-2.51295945321	2.11654864404	2.51519858863	31837.5240095	True	
-1.34059509258	-1.66479093388	2.22280452253	23067.6368967	True	
-2.37692004412	-0.913664573013	2.24933758078	28327.5073214	True	
1.0637767756	0.454145448049	1.7527207836	37217.966755	True	
-1.93924140572	-1.55455526392	2.03089110293	32231.3736315	False	
-1.61661421125	-1.54597910813	2.10420748084	24725.3456778	True	
0.596949342016	-1.34432516561	2.24429824106	57375.5412746	True	
-1.84814027477	-1.64012289744	2.23046206949	24009.5311719	True	
-1.08948880832	-0.413668997854	1.80626036199	35640.8900847	True	
-2.18628679296	-0.186292102854	2.2710540905	26061.0378046	True	
1.55736208739	-1.85554456238	2.43939813188	26161.749884	True	
2.49124096509	-0.613459659349	1.75475960924	36681.5767154	True	
2.93443731575	2.79496096014	1.40783596858	81575.1153482	True	
-1.43257520835	-1.24168358109	1.93219194454	30073.7088308	True	
1.40957884553	-1.92553895873	2.45591189626	28725.4238242	True	
-2.08136454144	1.17774407905	2.10248558794	27526.4092535	True	
1.06027721158	1.93033150603	1.79903077345	37952.9396696	True	
1.18820532651	-1.19955289069	1.80077086881	34781.5153534	True	
0.0937046540117	-0.320693933546	1.8258561358	37739.3040282	True	
-1.65795327451	-1.30472729716	2.05438981725	27222.1856094	True	
-2.41920496438	1.63162555299	2.53708671457	28177.9974572	True	
0.414947776719	-1.50610548789	2.02091025104	27369.6338767	True	
2.18942908395	-1.79354472804	2.2248194645	23570.0966165	True	
0.682597918281	-1.3331848055	1.83405927283	33526.1474913	True	
2.48488016829	-0.0555850505857	1.57989041966	51553.2544581	True	
2.35605539308	1.0106004079	1.76998117665	37259.0039893	True	
-2.46013426142	0.467904445667	2.36960807485	27914.0830172	True	
-2.36365008753	2.87281288488	2.47363714438	26108.1266162	True	
-2.22257253834	0.460482298876	2.25604252813	24438.8750547	True	
2.68532035408	-1.8749704022	2.17242990066	29240.0917219	False	
2.49437761711	2.78847321592	1.72715852715	37821.9528384	True	
0.0227553124821	-1.77975471137	2.30386595065	23090.8796251	True	
-0.00140843924924	-1.21059767703	1.893891999	32359.4853809	True	
-2.22911852603	-0.779493547539	2.36266002542	25000.9756113	True	
-0.806263043132	-1.47589809622	1.94042155017	29331.311586	True	
-0.296477053618	-0.800650166193	1.76982053938	36036.8702457	True	
-0.288244016278	-1.83922361043	2.15497594511	27901.1260261	True	
2.59004684308	1.36249622499	1.89498333776	46999.1106955	True	
-2.24394298272	2.08478404183	2.33880777015	26079.5746772	True	
-0.313943663907	-0.853849455619	1.72550702618	38358.789181	False	
2.90672739753	0.384731548911	1.74613004449	37304.7450931	True	
1.97143617101	-1.33278625132	1.89524724349	31182.4415135	True	
2.80839949698	-1.86269492592	2.48758382354	28160.5148497	True	
1.22962991738	-1.58170625114	2.1491724328	26115.3350198	True	
0.257650138454	-1.78539785843	2.1327623948	26014.5511468	True	
2.57325019803	-0.783375163252	1.82610647538	35735.4086539	True	
0.741497344032	-1.76020959814	2.55802047996	39159.3044057	True	
-1.84423856551	2.70856920597	1.87095051316	32491.2565579	True	
-2.31306232947	1.88664985914	2.17954208083	24750.922376	True	
-2.25200705098	1.8038821986	2.24591313227	23489.0888071	True	
-2.34480452897	2.88450150908	1.99944291318	37216.7959836	True	
-1.87013729651	-1.06464627478	2.14157775002	29479.6971451	True	
1.73515639795	-1.56972670746	2.19822659897	28339.0427681	True	
2.5313744549	-1.83434277692	1.97069332107	39173.8635575	True	
-0.429972604665	-1.57135192213	2.29792749082	33857.0798953	True	
-0.150915077342	-1.39805949833	2.03150092598	30349.2240785	True	
-2.44563893725	0.381509809988	2.33235467752	27535.1687385	True	
0.521901773281	1.97822462625	1.80512731916	38173.75724	True	
-1.83276588899	-1.08184384198	2.0942719254	28693.0920573	True	
0.374000048025	-1.85017416844	2.29484259822	24445.8226064	True	
2.86423768019	-1.25172693413	1.85296436627	32662.7470439	True	
2.39509169652	-1.69759688932	2.30108918404	25073.2828561	True	
-0.815059497321	-0.985739339454	1.692569033	42135.6758085	True	
0.621251738823	-0.983747430077	1.88898897744	35690.7458679	True	
-2.06568194063	0.0957598521244	2.05598803671	27351.4377859	True	
2.54853785314	-0.773841272344	1.74701304455	36938.3988945	True	
1.95320715007	-1.86963029882	2.46563184112	27243.3706634	True	
1.58140239275	-1.85897602091	2.13938258773	29681.2881312	False	
-2.14000033157	-0.355865058466	2.00393390809	28413.4982381	True	
-1.89500054008	1.21641932612	2.07118699224	35661.9038043	True	
-2.56916099037	1.25225196372	2.62690322604	39755.0862962	True	
-2.54175321094	0.612201001537	2.40942604781	35788.6533293	False	
-2.36588730968	1.53489498897	2.30161447393	23620.0037755	True	
-2.41027732967	1.92186911464	2.4057010181	24686.8681076	True	
-2.1472598451	-0.929156814638	1.99033484258	30891.3455309	True	
-0.600183178411	-1.61375649726	2.11828428862	24661.3884782	True	
2.52001127518	-1.36072231254	2.00970183191	31259.2759218	True	
2.9433615473	-1.74087376976	2.11508608468	25191.2852404	True	
2.36445679851	2.62528067373	1.83261854496	39902.1657271	True	
0.70192988958	-1.496315648	1.80792180177	37765.6171197	True	
-2.09896645389	-0.795254010288	1.96539284749	30488.4478417	False	
2.49511586658	-1.69350800757	2.15475504954	23634.2278649	True	
2.14030818203	-1.54053623514	2.2110611707	31119.0483869	True	
-2.20692298478	0.0146560632364	2.05355834798	27133.4190182	True	
-0.983599408233	-1.71455069739	2.33527654316	24545.5072486	True	
-2.01442984529	-0.315677169156	1.91128901112	31400.6242118	True	
-2.36292573652	1.82126143831	2.33037995551	23316.8834964	True	
-1.98769956354	0.193888501953	2.14737856718	34380.6060041	True	
-2.27528337053	0.470699613668	2.21283888211	23365.06349	True	
-2.08101832708	2.76536414774	1.92525304393	31198.4438633	True	
-2.30074401318	1.67606410335	2.26276118806	22969.0418029	True	
-1.9378301869	-1.24205544152	2.16639016018	24973.5744778	True	
-0.828274808339	-1.96115619171	2.51996482563	33119.5585399	True	
-1.25972161909	-1.79793004417	2.27453361757	24030.0533999	True	
0.0796873473366	-0.770087075747	1.75266068194	36697.8994977	True	
-1.33084161512	1.83350068274	1.84062307633	36239.5007035	True	
-2.22847351862	0.533758376181	2.18729785742	23835.3998528	True	
-0.321474582922	1.88466665735	1.77771702209	37176.7739422	True	
2.72141595852	2.79005554528	1.66141898919	41781.3136952	True	
-2.07600599883	-0.137415178747	2.1049073849	27133.0388663	True	
-1.54407969157	-1.42045356986	1.96095382506	28989.403665	True	
2.09523627004	-1.48561238551	2.15185989837	31573.227055	True	
0.901200965751	-1.48139963908	2.14542321478	31450.590714	True	
-1.33611097291	-1.63264508293	2.17388959771	23501.5460725	True	
-0.693492497602	-1.66387358564	2.00262564731	28673.4640758	True	
-2.2818577366	0.978389889464	2.30338844377	23377.6068111	True	
-1.02080052443	-1.50437607879	1.97775072247	28061.4049186	True	
-1.21088950063	-1.6553928118	2.35232048712	27255.9266626	True	
-0.121243206355	-1.5625404701	2.0359036558	26383.9316528	True	
0.0454311625296	-1.80845094241	2.128110063	27297.6011998	True	
0.820181812223	-1.67834270972	2.13583266018	23940.3667452	True	
2.47905521461	-0.157386339287	1.74812727857	37121.2786109	True	
2.80207464683	0.922445483675	1.82909233852	39542.0423256	True	
-1.87357136857	0.2533416024	1.9578749418	31228.6681609	False	
0.853275801309	0.174126266076	1.78738754899	37280.3691019	True	
1.98721666131	-1.68025207261	2.32318679054	26981.80441	True	
-0.259152524367	-1.83613430379	2.37012454578	24287.9837676	True	
2.79396985961	-1.83254280241	2.43786534267	26094.163397	True	
2.42019561714	-1.72653444993	2.15615325776	23744.5464437	True	
0.585394569415	-1.52521696588	2.18257429853	30501.3416999	True	
-2.20870687443	1.52672318195	2.25171975181	25079.4388919	True	
-2.22608292058	2.30952685122	2.21543974616	23920.305065	True	
-2.34292730779	0.345397380041	2.26472891336	23582.6995049	True	
-2.01469988698	1.05586079935	2.01553995664	28717.1356034	True	
-1.90107693698	-1.45976173822	2.07503048941	26578.0049341	True	
0.630943354993	-1.43803820147	1.96184212821	29007.7864167	True	
1.51009365155	-1.87110379455	2.51361642516	29503.7795852	True	
-2.29597174677	1.241028023	2.31258451165	23205.0500827	True	
0.18589925789	-1.60920002265	2.08522687571	25159.4242559	True	
-2.24896475675	-0.509099537762	2.12920887846	25394.3936118	True	
-0.860489594534	-1.58484264929	2.05841065869	25681.0854862	True	
-1.73902926886	-1.53585719133	2.17049856137	23564.6362655	True	
1.47025682092	-1.56837124701	2.13038594001	26289.5299409	True	
2.14418395943	-1.16245905739	1.8984490139	33191.9305961	True	
1.10633012331	-1.78086760489	2.3999471882	25542.4200164	False	
2.77271456477	-1.52940790508	2.05127128678	26805.7380938	True	
0.576921563482	-1.85516646754	2.44323475135	26291.4092954	True	
1.91989773365	-1.61028420817	2.09679248989	25042.8857027	True	
1.29037607691	-1.83636974601	2.21701973655	25295.9985785	True	
1.04119948785	-1.64211062681	2.18911950614	24538.5426338	True	
1.91863027915	-1.7021535513	2.21055835967	23259.6653866	True	
2.62009939364	-1.6164079173	2.18035669517	25342.0421157	True	
-2.36356751632	0.173400816381	2.31629091496	23520.6522991	True	
-2.18466714014	-0.117517444529	2.22476875897	24978.7566698	True	
-2.25221708791	-0.148916488001	2.11405497028	25702.1353502	True	
-2.24302257865	-0.244969877753	2.15207344683	24369.6844805	True	
-2.17550090291	-1.10238420071	2.27504849233	22990.0966308	True	
-1.96908751868	-1.55960879763	2.39816842686	24483.6588298	True	
-2.31904813381	0.342213011943	2.27605967493	22996.9395044	True	
-2.39860165862	2.10564396744	2.36537196277	24217.7556609	False	
-2.14330001704	-0.251761277006	2.20984420104	26281.6690511	True	
-2.33132352001	-0.126514704	2.38177295287	23647.3038193	True	
-2.30293939289	1.63340629216	2.45565468224	28153.3539615	True	
-2.21417032541	-0.295432117535	2.27769818198	24639.0459308	True	
-2.5066984092	0.179760415548	2.46435380561	31312.7052489	True	
-2.33901058631	0.95902795591	2.38297221593	23674.6273316	True	
-2.35710894733	-0.181935058674	2.2771303599	24041.6610906	True	
-2.20737992532	1.22419676683	2.18153557642	24244.9015332	True	
-2.22558355357	1.84957553345	2.22121638754	23967.9390615	True	
-2.34420809563	0.730822225602	2.3637156244	23308.6941549	True	
-2.2309795306	-0.628358393077	2.25490306776	23215.6994663	True	
-2.36946331283	-0.725333500844	2.35275370959	24460.4413492	True	
-1.86262746305	-1.4977241262	2.44681112626	31563.5298812	True	
-2.24096809281	1.09904860096	2.19169213023	23695.8458225	True	
-2.09012188652	1.5623564643	2.01258779005	27738.8757259	True	
-2.41930578461	2.38523859867	2.20619521073	29743.356157	True	
-2.23412736142	1.65183833037	2.26024897311	24188.0192416	True	
-2.25699468953	2.48808032322	2.11437583535	25553.8963981	False	
-2.36380832045	2.92042487968	2.28967172334	23713.1395668	True	
-2.17324353543	0.721027707394	2.01729517846	28022.9355982	True	
-2.24134145183	-0.36393738639	2.29820360558	23934.4491928	True	
-2.25398623308	0.443697684601	2.36983612728	26643.0347221	True	
-2.31864650117	1.59150119339	2.33873124963	23188.9276371	True	
-2.25689164435	-0.314178152775	2.22075040133	23258.3222247	True	
-2.11591470053	-1.4525796876	2.4770001925	27009.4852698	True	
-2.17542150679	-1.25353857241	2.22751803886	23677.4342737	True	
-1.81186618505	-1.51893513831	2.23758522987	23224.5864448	True	
-1.69256677468	-1.76357456188	2.3930220976	24872.897349	True	
-0.721489546906	-1.42507594535	2.02205936655	28736.638246	True	
0.33419037993	-1.76017840781	2.31292192161	23385.8010653	True	
1.96585601026	-1.87882277493	2.28251096295	25978.3027256	True	
2.85039721864	-1.69453427918	2.20227345167	23357.7464831	True	
2.76519017361	-1.77513138601	2.22658987857	23174.1475274	True	
2.56951424144	-1.90629739384	2.36439009706	26741.1072755	True	
1.16153692812	-1.55645633435	2.15662316299	27477.3703573	True	
-0.638781499089	-1.77579457072	2.14359249128	25548.9368055	True	
2.28369661418	-1.75294923817	2.21743373644	23029.1505812	True	
-0.500782182866	-1.72328365531	2.33470621581	24802.119599	True	
-0.410382893261	-1.65814513705	2.19310252763	23918.0431208	True	
-1.98566761263	-1.31845543373	2.19953148429	23625.6010858	True	
-2.43193637985	0.163670885362	2.45685557312	26146.1539023	True	
-2.15533091655	0.619649299629	2.20357579102	26367.6376767	True	
-2.30754120965	1.03677774275	2.37752378581	24293.0096826	False	
-2.22074599858	2.07938437317	2.24032392846	24348.2873213	True	
-2.39038558701	2.43989541041	2.31568570059	24330.5540903	True	
-2.336862993	0.460189516025	2.30430762363	23023.2603684	True	
0.338383054357	-1.70914102723	2.19085169755	23219.0679123	True	
-2.24309303602	-1.19217364552	2.2521085325	24239.7585911	True	
-2.41743554531	0.560284957617	2.40823886455	25024.3990914	True	
-2.36445543637	0.924802685954	2.29524373846	23677.3783714	True	
-2.2529386342	2.05977825229	2.18708334848	23687.4574735	True	
-2.11771706958	-0.85515645691	2.0856433869	25572.8534334	True	
-1.01022895388	-1.8422442679	2.44911354223	26467.7548235	True	
-0.505492216162	-1.56208911225	1.97720239169	28157.4483645	True	
-2.22767251707	-0.652822062209	2.21758069135	23285.5382265	True	
-2.19044860334	0.108426245623	2.19486822494	24547.9278072	True	
-2.30167170029	1.93133692471	2.2904213025	22951.4502939	True	
-2.3911209343	2.61735586168	2.37446325502	23970.1059688	True	
-2.20867074553	2.87981277513	2.14669889998	24445.9067615	True	
-2.40048389141	2.46324067101	2.39447753468	24311.7785165	True	
-2.33654452765	2.09035666099	2.30877507321	22982.596151	False	
-2.3287696401	1.62419945668	2.21513593013	24182.4481955	True	
-2.37805324483	1.06675202345	2.27324536279	24612.9998213	True	
-2.21686647825	2.05366275636	2.2049107028	24095.591352	True	
-2.35907288325	1.22207125024	2.35719793001	23300.7025363	True	
-2.35310486677	1.41694007379	2.32741015992	23152.8760146	True	
-2.40832406018	-0.244710372916	2.44661600288	25417.7375796	True	
-2.36700314689	0.168578583815	2.46748903433	25693.8338657	False	
-2.32007122557	-0.805735496	2.34547361709	23348.0779521	True	
-2.13199453601	-0.663845231566	2.19740036932	25123.2862833	True	
-2.32797753426	0.321601635647	2.28063021631	23067.6417149	True	
-2.16509216704	0.034014911821	2.1348837187	25007.6684307	True	
-2.34070493938	0.10941508146	2.24752613804	23922.4105695	True	
-2.02053485859	-1.4166489106	2.29905410921	23144.862764	True	
-1.48317162083	-1.75422364764	2.46833410627	27519.8775585	True	
-2.36915119123	-0.729216429789	2.33816121822	24591.003614	True	
-2.13532546761	0.441708703671	2.13108939529	25884.7911172	True	
-2.31639295788	1.7463311331	2.3037519378	22917.6703557	True	
-2.29846959878	2.51645699759	2.41631767266	26276.6697138	True	
-2.37048269821	2.74705019934	2.40896439744	24011.2821102	True	
-2.30126816898	2.38059863428	2.2998852293	23006.1651562	True	
-2.30749005498	2.82348102739	2.3250371743	23171.5857045	True	
-2.33168715895	2.55907861162	2.37005738812	23526.2492316	True	
-2.44990006444	1.24355593125	2.40148553658	26684.1739344	True	
-2.31128596923	0.403766093258	2.41136619576	25262.7412504	True	
-2.35417911805	1.46438826225	2.32586436465	23171.3494766	True	
-2.25864040218	0.195566839309	2.31330040586	24179.4757706	True	
-2.19277449322	0.9507566141	2.1024330245	25280.2083764	True	
-2.33383125349	1.07827854497	2.41831319699	24775.3005757	True	
-2.35140217416	2.0808179021	2.40282223757	23971.2070059	True	
-2.27712973472	2.891027294	2.23728870049	23147.9654018	False	
-2.28252221923	2.33580526712	2.30234989288	23366.0564656	True	
-2.37924810114	0.362631797117	2.36342237635	23714.0133009	True	
-2.33124615839	0.648809474131	2.28004213681	23095.0891323	True	
-2.3572194506	0.541038131748	2.31017953771	23343.3946009	True	
-2.32911381806	0.527679254858	2.2827819292	23048.3669794	True	
-2.33844102675	-0.628249733104	2.40310692335	23942.8260487	True	
-2.32781319186	-0.297847618618	2.22285838021	24382.0152075	True	
-2.32956192229	0.290812384858	2.38970310771	23944.95314	True	
-2.18959215859	-0.205867456715	2.16367230691	24320.8577585	True	
-2.00472808182	-1.29513405743	2.13062050469	24407.1172253	True	
-2.21332437764	-0.527695184367	2.20139076963	23575.4710595	True	
-2.19024356359	-1.28990978761	2.31252383576	23136.2039823	True	
-1.59427328607	-1.65819649808	2.19339798946	23473.8189996	True	
-2.0957915722	-1.43849111977	2.35696771485	23426.7981225	True	
-2.22103594608	-0.660646019169	2.28276005709	23642.3161642	True	
-2.36634756218	0.983005153542	2.34502744382	23373.8605356	True	
-2.30106613896	0.823062642456	2.31178331866	23097.6019046	True	
-2.2660437017	-0.860848623852	2.23966439405	23405.2755086	True	
-0.666056934162	-1.77075791981	2.27847330477	22946.9884639	True	
0.128954972307	-1.76734113499	2.16734995969	24243.383889	True	
-1.14384318222	-1.70450799134	2.29178698197	23413.8594924	True	
-1.99468598767	-1.45210662301	2.32431414899	23491.9900888	True	
0.473554112841	-1.78118444052	2.27694554714	22955.0248712	True	
-0.354756486025	-1.76440276029	2.28469729601	22960.3379402	True	
0.322402203475	-1.75997429335	2.13607013126	25001.3748125	True	
1.43108352223	-1.69680571152	2.06665846837	26047.8086323	True	
-0.751442308114	-1.61979326643	2.04627973911	26034.6851677	True	
0.154251996951	-1.77072306946	2.27141138539	22905.7768494	False	
-0.533992702151	-1.80931753946	2.29581467571	23389.4626802	True	
0.0791247409931	-1.73399055607	2.22040965314	22966.9738944	True	
1.12050242437	-1.7581413	2.21539084547	23096.1157086	True	
1.55639894988	-1.76107384183	2.18398383609	23655.8343752	True	
0.752278017011	-1.69503270134	2.25705261062	23938.0876419	True	
-0.218212458768	-1.76520437462	2.26612581299	22890.2614485	True	
-1.54427757951	-1.71522777776	2.310337186	23103.9611291	True	
-1.09413398289	-1.75544984252	2.18810402989	24087.8788614	True	
-0.908724352083	-1.58767111988	2.09901204936	25013.1059451	True	
-0.480237387064	-1.71382050932	2.26170000426	23320.7929809	True	
-1.33101341225	-1.6158798019	2.12554416632	24189.3164701	True	
-0.802633142553	-1.72974632511	2.30628041444	23563.2655107	True	
-0.470135690106	-1.66427007972	2.12058299568	24217.1820877	True	
0.700545523927	-1.78625573799	2.23888916816	23219.4879236	True	
-0.654200619215	-1.8068262516	2.28595341244	23416.6047479	True	
-0.515426631641	-1.7329025612	2.22484826345	22943.9839884	True	
1.93505275592	-1.77286454546	2.235561381	23046.1964807	True	
2.6045718607	-1.75078490315	2.30891162903	23495.4676106	True	
1.94844260672	-1.7682957769	2.3315088856	23647.9962637	True	
1.55021943006	-1.7927347659	2.33020328786	23391.2630363	True	
0.24414686809	-1.80730970501	2.26176497975	23429.0292949	True	
-1.63344096488	-1.67409659471	2.23853756419	23105.2249753	True	
-1.63807386319	-1.60445938765	2.155358407	23864.8147681	True	
-0.862554443053	-1.76127726548	2.25158521174	22976.5827351	True	
-1.53863924929	-1.67385568296	2.19812505866	23409.5906113	True	
-2.22945298544	-0.675633264787	2.25468713017	23171.6293032	True	
-2.32678017493	-0.393273018322	2.34660012524	23144.2105482	True	
-2.30903947181	0.536522875619	2.34535869918	23423.6806351	True	
-2.28082340377	1.93360746153	2.30736546651	23485.9791583	False	
-2.34426038909	1.82482921515	2.32170771268	23044.4997718	True	
-2.39644952964	1.51448568331	2.35196307971	24203.7016604	True	
-2.31390904915	0.137878973493	2.2904788903	22909.5955666	True	
-2.32173708973	1.05333374914	2.28736241936	22935.1344818	True	
-2.13927549199	2.77288956371	2.14307416126	25998.765833	True	
-2.27110037118	2.89386831134	2.1745911055	23999.3072058	True	
-2.30398513032	2.65194199548	2.26902465271	22944.344185	False	
-2.36573382804	1.35587645818	2.3340151457	23369.1031431	True	
-2.35388170198	0.975242700582	2.36163502784	23297.8220757	True	
-2.32316651736	1.48102015041	2.33796140237	23127.8026912	True	
-2.34598636982	1.86271298552	2.37818549334	23520.1126919	True	
-2.3134258445	2.74408980853	2.30399507391	22930.299184	True	
-2.34204107524	2.77164781877	2.3559553223	23223.0543025	True	
-2.34507756901	1.95073655886	2.35701452701	23230.4793037	True	
-2.32420016528	1.38450687013	2.38355489178	23979.0787447	True	
-2.28694048515	1.68037263264	2.23440337533	23151.154751	True	
-2.31069535246	2.09482701476	2.26991357277	22956.7469824	True	
-2.30861705106	2.4821147696	2.31819810238	23075.3566612	True	
-2.26717847728	2.75543842327	2.2642206052	23296.8466454	True	
-2.26939138093	2.60203330816	2.16558757482	24192.2771258	False	
-2.37028514405	0.570726939511	2.32315224723	23579.6300585	True	
-2.29915606582	0.670412764937	2.26844489179	22946.4583194	True	
-2.35916429886	1.14497659589	2.34043896731	23244.8458611	True	
-2.32939207376	0.514275424847	2.24321428498	23601.3148333	True	
-2.35215209617	0.851244557694	2.36958343748	23376.7702221	True	
-2.3228752318	1.59869933866	2.34151263898	23175.2338773	True	
-2.34572520602	2.84524345343	2.35622629605	23222.2427717	True	
-2.35162438316	1.54519159397	2.30695247022	23208.5714072	True	
-2.29487564074	2.32677550134	2.22005356026	23378.0741649	True	
-2.16835719516	2.24947630528	2.16788578395	25262.2683628	True	
-2.27375629438	2.28287408956	2.21807713467	23302.4264051	True	
-2.32352977398	2.95815791767	2.30527160522	22916.12834	True	
-2.29969381968	2.4752437333	2.3003684147	23028.5695365	True	
-2.36811945361	2.86791972068	2.29506795841	23775.296975	True	
-2.33360070908	2.30352927407	2.28428605429	23070.5145116	True	
-2.25815009077	1.63104924067	2.23434347686	23338.0797716	True	
-2.29068200336	1.78668310749	2.28818053024	23059.5914717	False	
-2.31098940062	1.31879786524	2.31819497395	23043.0830927	True	
-2.25635294526	2.40390894988	2.12197068248	25271.6328855	True	
-2.3377320993	2.78198125647	2.33419468245	23039.2114852	True	
-2.26113333145	2.91594672194	2.25474017327	23355.0966975	True	
-2.31075716177	2.0145803224	2.25257718066	23100.7735359	True	
-2.35693736792	1.77346868244	2.31739370659	23249.7625781	True	
-2.3264337622	1.88657545733	2.35636947139	23352.815008	True	
-2.31573563041	1.61854809032	2.26847159068	22998.2791529	True	
-2.28425740366	1.17618277634	2.24026063732	23104.7678233	True	
-2.33430066001	0.947263321334	2.32311685379	22983.163699	True	
-2.29467525046	1.72915895817	2.20711437109	23607.6801516	True	
-2.30224032551	2.32905723448	2.26041262195	22983.5531569	True	
-2.32296612602	1.85894733669	2.30497786068	22915.138273	True	
-2.32845454136	1.1875155068	2.30053823947	22938.5424284	True	
-2.31475304766	1.27855795633	2.26140896783	23052.0768255	True	
-2.26749038597	1.48571131291	2.26924120212	23324.3462387	True	
-2.3259260371	2.47644011387	2.30789017639	22923.7381254	True	
-2.30890608057	2.72147471376	2.27591788931	22924.992969	True	
-2.35467508384	2.79939179874	2.35159959888	23223.6055785	True	
-2.33996004036	2.50630322693	2.2808705242	23211.1036417	True	
-2.3168053991	2.78232687574	2.29497379994	22902.9863042	True	
-2.30055314519	1.79032344592	2.28320316549	22939.2288889	True	
-2.33062648785	2.62574107548	2.3156415149	22949.0595832	True	
-2.36039345881	2.82249922687	2.35072146772	23279.1175345	True	
-2.33736364622	2.93712563006	2.30119250243	23013.5273036	True	
-2.34558157731	1.91553911648	2.32608354406	23058.7622713	False	
-2.2883125107	1.64908522926	2.28051317733	23045.6660566	True	
-2.2564584924	2.1328010763	2.22052612885	23384.0556425	True	
-2.34187838735	2.02786436901	2.2987065278	23089.2953981	True	
-2.32152943205	0.78347179376	2.34219600032	23188.3576173	True	
-2.29435650965	1.91463008082	2.27394231615	22967.6057952	False	
-2.23548981335	1.21765288417	2.19937273088	23715.2285811	True	
-2.31172429228	1.98445689957	2.22377226717	23556.5692858	True	
-2.31858182394	2.86526806609	2.27639494515	22964.4459712	True	
-2.33643080341	1.91374111696	2.38235101241	23707.2807658	True	
-2.33941814211	0.100520137443	2.38027320679	23571.5651255	True	
-2.30590275918	1.21719070425	2.27650899498	22921.9450225	True	
-2.28000046477	1.31743244889	2.22113425872	23273.9226794	True	
-2.33202525615	1.70280249988	2.3054697075	22952.3313803	True	
-2.31048055112	2.03474066656	2.28383382487	22908.3616859	True	
-2.32654644778	2.05199476333	2.30606021032	22923.7932935	True	
-2.31517731162	2.96568707435	2.31078592777	22954.4242404	True	
-2.32148873858	2.11257484806	2.30642338442	22917.0993575	True	
-2.3538510385	1.9582698927	2.32562408008	23164.1283879	True	
-2.33303033054	2.91173489958	2.28869464336	23029.3999475	True	
-2.32503113802	2.40586019966	2.30884458175	22923.7665084	True	
-2.29527437264	2.47519806251	2.24754006723	23055.7450263	True	
-2.34850258497	2.28434773501	2.2932026579	23256.4718258	True	
-2.25834713176	1.30564346217	2.17721089321	23849.6621105	True	
-2.33424358302	0.839005867508	2.31501912779	22968.8445329	True	
-2.35348754384	2.62559045524	2.31851529727	23177.7612462	True	
-2.35262014148	2.11731725222	2.30508815383	23239.403164	True	
-2.32250582323	1.98341966871	2.27708085549	22993.4293599	True	
-2.34807501384	1.90087450843	2.33280820361	23092.1611298	True	
-2.32471062302	0.652626337615	2.29061498282	22949.444615	True	
-2.32130407162	1.92467311643	2.30358735223	22911.8319476	True	
-2.33081434261	1.51478597826	2.28860389118	23005.6524111	True	
-2.3042354236	1.50113898788	2.29297338904	22940.6115081	True	
-2.28786696759	2.26219965593	2.21078455992	23460.5393377	True	
-2.32284122679	1.27812930089	2.30200630913	22912.854642	True	
-2.32918788474	0.596049594791	2.24995568118	23462.9760367	False	
-2.30708207929	1.13986445	2.26659517239	22962.8033313	True	
-2.32420996831	1.44798846628	2.32335624293	22986.5633042	True	
-2.29834688548	1.95330804455	2.26347205399	22966.6285266	True	
-2.32945282732	1.90008526916	2.31409316139	22942.7495271	True	
-2.28523698056	1.72494605035	2.28237299681	23100.2524982	True	
-2.38867137373	0.869332900615	2.37709600116	23933.2990307	True	
-2.31632635943	0.366807558496	2.29742261953	22904.6746309	True	
-2.33426903709	0.220014573504	2.33014041962	23022.0022191	True	
-2.2839275582	-0.200807107531	2.23785746933	23138.4206094	True	
-2.30715723068	-0.485528372547	2.31422120643	22943.8648564	True	
-2.32118643687	-0.0777469727106	2.38303011394	23853.1896266	True	
-2.22762674607	-0.234640101814	2.22418053014	23570.4797299	True	
-2.32697614985	0.399254490901	2.28258734802	23031.505777	True	
-2.31699054341	0.102628685763	2.30862942864	22921.7030057	True	
-2.28523366272	0.0525180327577	2.26515147209	22978.3991967	True	
-2.23262296183	-0.921803998302	2.27898273231	22907.6357635	True	
-2.18029071606	-0.996841520161	2.22577047772	23172.6724448	True	
-2.12254752353	-1.33407310886	2.27370007614	22920.5536873	True	
-2.25497332262	-1.02905580382	2.32082443874	23003.2408996	True	
-2.33519225608	0.229117473296	2.31392171205	23000.2429337	True	
-2.30676860827	0.885407511914	2.21886220244	23578.8609786	True	
-2.31931696203	1.38550152378	2.28785597949	22918.9356379	True	
-2.31150958561	1.99421185128	2.26483495395	22994.4161016	True	
-2.32341423428	1.90856564197	2.28763884792	22941.6332296	True	
-2.2855449374	1.39967782986	2.23536168026	23141.2643967	True	
-2.33651404994	1.54484322827	2.29130194034	23061.0110503	False	
-2.28357859117	1.67432059589	2.21062344827	23429.1164896	True	
-2.30070190265	0.848907313853	2.28527607962	22936.0467278	True	
-2.31197025038	1.44432139257	2.25591795277	23078.752782	True	
-2.32954522305	1.05519523267	2.27752113667	23079.7296551	True	
-2.29631097365	0.374102127592	2.29357730111	22985.0487835	True	
-2.31167869244	-0.0204881748647	2.32243874227	23008.3002667	True	
-2.3191003716	-0.249224881772	2.25323264573	23417.0877663	True	
-2.24602144182	-0.646436478791	2.25463022565	23032.1721247	True	
-2.31868568062	-0.563669522119	2.32532048326	23053.9141841	True	
-2.33346838491	0.132293887488	2.30909802139	23001.2609505	True	
-2.28191968191	-0.470196438225	2.28740154995	22916.2133925	True	
-2.29756597797	0.0720593008274	2.25565441829	23017.6117852	True	
-2.30704173075	0.389308524732	2.29548652171	22916.1069022	True	
-2.31502236313	0.812686683925	2.26167377976	23059.0968805	False	
-2.3335576272	0.600647098199	2.33302895046	23030.1409485	True	
-2.32019067476	0.853129425256	2.28294855613	22946.6336219	True	
-2.3125100981	1.02189134014	2.285533886	22906.8542421	True	
-2.32251431448	1.24974384335	2.28404156655	22953.8873514	True	
-2.30145452454	0.726647364159	2.3054379016	23029.1948303	True	
-2.31899737491	0.314570029448	2.3135881232	22939.1352374	True	
-2.29761314685	0.435432006726	2.25017687378	23048.6667103	True	
-2.27763631981	-0.485065369172	2.26035888201	22966.710159	True	
-2.26357692592	-0.532053917672	2.23119723668	23169.7313689	True	
-2.31682668976	0.154292955381	2.26753196739	23063.7843358	True	
-2.30495063819	0.973196884057	2.27338507062	22929.8641648	True	
-2.33817144394	0.928767047867	2.32522744946	23006.5880259	True	
-2.33137963084	1.1932257992	2.32928857662	23007.337353	True	
-2.31925911448	1.00964922659	2.28768276783	22920.8915839	True	
-2.31140775721	0.698447933069	2.293991066	22905.116058	True	
-2.31031620197	0.698758282002	2.29306347271	22906.2966479	True	
-2.29682530176	0.311548436782	2.26172331744	22971.3781504	True	
-2.31133231942	1.01718045247	2.27843866149	22922.4045238	True	
-2.28287752456	1.66857231166	2.27415404423	23087.1244401	True	
-2.30835636823	1.52437221553	2.25681378522	23039.5834195	True	
-2.33022891987	2.01631569497	2.28223339494	23041.4537867	False	
-2.34000540445	2.74032145696	2.31877562485	23004.3726887	True	
-2.36030375211	2.21662401341	2.35447519604	23294.7914944	True	
-2.29891073143	2.44238034655	2.28441625705	22953.9742394	True	
-2.30750931611	2.20073798573	2.28543767427	22911.5610151	True	
-2.31576533956	1.97641764519	2.26354822876	23039.0440298	True	
-2.35093346654	1.86726812915	2.3184705172	23136.7247301	True	
-2.2858491116	2.221057471	2.27659710533	23060.3179685	True	
-2.30800939412	2.18647718483	2.28723104515	22910.9671158	True	
-2.32788434556	2.22427069329	2.31949996866	22958.2134153	True	
-2.33547739502	2.01758771895	2.30958187758	22972.4495111	True	
-2.35419991879	1.16240457181	2.32392951752	23179.942454	True	
-2.32459387297	1.57568514767	2.26605491228	23119.5947154	True	
-2.28233417953	1.34287432207	2.24381316568	23090.5363934	True	
-2.3191590053	1.59438997143	2.28540116619	22925.608301	True	
-2.30139930324	2.59350399541	2.24792772641	23076.0555711	True	
-2.33784800454	2.26739001898	2.28663416486	23116.1036841	True	
-2.32156687166	2.71231712012	2.29939742446	22908.9437505	True	
-2.31059428233	2.82032193993	2.26056338975	23021.6563267	True	
-2.30977763089	2.75015697271	2.2605354797	23016.2197746	False	
-2.32738944275	2.20964465173	2.31415386553	22939.0138462	True	
-2.29426869036	1.55367369914	2.25127798336	23028.5060046	True	
-2.30556145096	1.881098747	2.29100287637	22927.0699834	True	
-2.30516289745	1.00718174822	2.26336049042	22975.6943299	True	
-2.32026621452	0.889556173147	2.32476235967	23014.169039	True	
-2.31040359462	1.26482321178	2.30890920322	22973.8562475	True	
-2.33120918753	0.78219600905	2.31572649567	22955.1314276	True	
-2.32206617213	1.08723454812	2.29745344591	22912.4372731	True	
-2.30252253651	1.5456487904	2.27314398792	22932.8376034	True	
-2.28294758453	1.5291879471	2.25089896908	23061.5910066	True	
-2.32074320513	1.63191038926	2.29858682731	22907.6213884	True	
-2.33715754396	1.75888106153	2.33546603167	23046.2804263	True	
-2.31004354724	2.26433246296	2.27786625322	22920.6358234	True	
-2.30324432719	2.57093189669	2.29592687629	22962.8879976	True	
-2.32014870389	2.70034005722	2.31061669922	22932.3304059	True	
-2.32057674623	2.82470913561	2.29230469877	22912.4151357	True	
-2.30404599804	2.9296280915	2.29801950303	22966.7230644	True	
-2.29784475726	2.81337676576	2.25845969358	22989.0142628	True	
-2.34014679856	2.09773752853	2.32319540726	23009.7582195	True	
-2.29064926406	2.01291877425	2.30622996542	23236.1390257	False	
-2.31583772167	1.62309100622	2.28588945929	22911.4964034	True	
-2.29897966701	2.07513181237	2.28881719925	22968.1490963	True	
-2.30150950223	1.94333501364	2.27126004884	22938.8756253	True	
-2.3262700911	1.87194069232	2.28734512175	22965.5146739	True	
-2.32411921178	1.63339151611	2.27667339566	23013.7162647	True	
-2.33332414003	1.50265458201	2.29762874814	22986.267832	True	
-2.3122840598	1.17743125318	2.29784810611	22912.6569838	True	
-2.31800642697	1.63488868502	2.30955746938	22933.9890201	True	
-2.31884705835	1.66712211473	2.3008787579	22907.6801437	True	
-2.32879985208	1.84123558843	2.2954393263	22952.1158489	True	
-2.29235062051	2.04898545392	2.26746317547	22979.4729654	True	
-2.31511632439	1.73204269409	2.29365762191	22902.6295776	True	
-2.2989888238	2.10663091423	2.2802134767	22944.5927051	True	
-2.31108332151	2.29810785304	2.26120927577	23019.9373586	True	
-2.33744848599	2.72975907478	2.33357049925	23035.1537517	True	
-2.32714731093	2.92796478075	2.2941499281	22943.19107	True	
-2.3035907484	2.53352322738	2.29014230108	22937.1429966	True	
-2.31363845128	2.07372329276	2.29083137265	22902.8690297	True	
-2.32792065019	2.8229019899	2.31123618945	22933.3075918	True	
-2.30478935881	2.86383842618	2.27971274166	22919.7643943	True	
-2.31958922479	2.62726388964	2.29813651148	22905.7087294	True	
-2.32797051245	2.71708855388	2.31976098161	22959.3237072	False	
-2.30749617345	2.89275831266	2.25188683849	23078.6094857	True	
-2.30254783714	2.88700354509	2.25737200487	23003.8299086	True	
-2.32045710186	2.97555695687	2.28645860672	22927.6565698	True	
-2.27783136001	2.86595495306	2.2373322357	23144.3425549	True	
-2.32483136546	2.77557793261	2.3117538282	22930.5560921	True	
-2.31340175762	2.60786376553	2.28169194211	22915.9451641	True	
-2.31486505906	2.99026689521	2.28405296733	22913.1288072	True	
-2.32423369331	2.34583544756	2.29789097332	22918.1139545	True	
-2.27162084679	2.07932735181	2.24698763942	23167.0500334	True	
-2.31898727185	2.33086187828	2.31192191794	22941.7513958	True	
-2.30821211755	2.13096821184	2.26563785431	22971.2501211	True	
-2.31088282637	1.94413893811	2.30093792575	22930.5610717	True	
-2.30838834279	2.34813322628	2.26532607147	22973.8691613	True	
