Parameter 1	Parameter 2	Parameter 3	Potential	Equilibruim
0.526300644567	-0.11738764187	1.8296632423	38581.3535044	False	
1.7822264784	2.64365158964	1.93837753883	55046.4517383	False	
-0.168601670449	1.23613766411	1.39661067167	84193.0377556	True	
-1.27437941781	-0.756293043499	1.90431160379	35579.1957358	True	
1.68205777946	-1.22305011074	1.92259198471	32578.9185108	True	
-1.3286880296	-1.9029490259	2.97606924059	92639.8957736	True	
2.43670885343	-1.78042424953	2.17116395054	24454.8086171	True	
-1.1405764253	-1.53170347786	2.30621191429	34644.9782282	True	
-0.346661645107	-1.91463487668	2.15125618209	33877.8912281	True	
-1.24614292606	0.829641497863	1.57423875999	54494.038771	True	
1.10515084092	-1.92261381667	1.77660481132	67418.023453	True	
-0.726388934209	1.0872463003	1.64167566365	44171.067495	True	
-2.27422546805	-1.13057099066	2.32820673002	23554.5893678	False	
0.412522566496	-1.56408688641	2.49450430891	62968.5174823	False	
2.30252552179	-0.411127519363	1.60075285632	49324.073882	True	
-1.16757674638	-1.10534645596	1.81156899173	34430.0220294	True	
-2.50178347625	2.0987030852	2.62137211451	34143.498783	True	
-2.67242736321	1.05494931161	2.60532611405	55152.4750931	False	
-2.22256786658	1.56422980149	2.40428177802	31872.1384048	True	
-0.391088007362	-1.61674924789	1.71257351776	53150.4475763	True	
-1.86855269744	2.91892964088	2.08271455862	38400.6089246	True	
1.5816485357	-0.223672107735	1.52391356107	60488.6922577	True	
2.85612259918	-0.345799420108	2.05947888635	81733.7602149	True	
-2.50125729471	-1.53689459056	2.32385980551	54331.2475936	True	
1.79158746411	-0.167194136715	1.78892146452	36994.7959596	True	
-2.26622955583	1.62766455559	2.69005556847	63047.7084797	True	
1.39780428924	-1.03143488346	1.86285475834	34316.6348513	False	
2.21965413594	2.01319691932	1.64309788303	43485.8182961	True	
1.67098208169	-1.53391853864	2.15533613735	28671.1636515	True	
1.45950075883	-0.97720336256	2.03842439437	52740.1992681	True	
-0.800397701691	-1.98191161729	1.65838484004	89712.6480866	True	
-0.575682074948	-0.322823042126	1.83014548912	37417.0714553	True	
-2.16679317411	0.126146378999	2.32123306298	30753.6218639	True	
-1.84910316626	-1.68807102718	2.21334604655	25922.1993468	True	
-2.25083003434	-0.6792296061	2.53895436171	36398.8011265	True	
0.455365392532	-1.25364811595	1.65053080407	49498.3461612	True	
2.44564094476	1.91640435749	1.78151504912	37450.8554455	True	
1.32666656191	1.1249668078	1.79855770034	37905.9718368	True	
2.1605375398	-2.45292970186	2.69890905513	118312.5157	True	
-1.24373206257	-0.0563283811667	1.7238399323	38382.7893098	True	
1.06560537163	1.74163240831	2.03344199659	81946.0209943	True	
0.372633724915	2.15322048441	1.947998939	56887.01253	False	
2.69811645092	2.08448407526	1.93893680927	55161.8827626	True	
-1.78821046373	-2.11978579592	2.69614025086	63928.2046303	True	
-1.74673223193	-1.18541880082	1.8941985126	31914.5781592	True	
1.98279572241	0.0848568930327	1.87109295177	42699.9296709	True	
-1.49164900725	1.96096573	1.69837247178	41057.1405229	True	
-0.532947242785	2.28389759644	1.97951546667	62309.1981959	True	
-2.31618373213	-1.30045458189	2.58093555698	31181.7372891	False	
-2.10952582918	1.04194571352	1.63124861628	64346.8773726	True	
-0.728504121229	1.82383107762	1.97946395628	60761.3190488	True	
-1.66747076076	-0.197980717301	2.27682431247	96263.0601249	True	
0.64662003657	-2.14479445685	2.36038684415	55706.8427123	True	
-1.34656095324	-0.622615822955	1.58015015704	56261.0697957	True	
-2.02333152205	0.625263157875	2.31543496674	49783.8595945	True	
-2.6265642445	0.346742756266	2.48847301358	47605.8920466	True	
1.72772401487	0.672909268289	1.83291260236	39739.1302289	True	
0.79199789982	1.70830793465	1.75975493938	37241.8418541	True	
0.0288275039441	-1.55295997282	2.11087172076	26432.4090425	True	
-0.193113478789	1.81344809518	1.7463402349	37305.9263682	True	
-2.20618374499	1.41994288198	2.07952091726	25988.5735856	True	
0.985778428486	-1.72669894621	2.0099717213	29890.0200062	True	
-1.85219040744	2.22873496992	2.1056480489	42017.4989579	True	
-0.654771691073	0.53065534515	1.72495271437	37897.7211213	True	
-0.700137092738	-2.05507711771	2.29453048163	44328.6758387	True	
-0.688255245634	-1.74237441161	2.23644241569	22904.9375859	True	
-2.59520876603	0.925500744149	1.72224605124	100716.550119	True	
-0.108589859551	2.84621681421	1.84088801678	40246.538941	True	
-2.61668880895	-0.731548848176	2.40919043021	50945.4849031	True	
-1.35977294011	-1.61101209591	1.76170689611	50167.9998493	True	
-2.42309664353	-0.714972041082	2.58923466358	31161.1617259	True	
2.52848699465	0.816822365602	1.58405663882	50552.2566612	False	
-0.231068506983	2.49696355951	1.69585825123	39329.8782762	True	
2.84348685165	2.88120470409	1.85521782183	41941.4840668	True	
2.56539326837	2.31406314846	1.71698365112	38198.2377159	True	
-1.26331254909	-0.361753616079	1.671123288	43153.9462258	True	
-1.55038651631	0.0959354335527	2.03927864707	50438.1007108	True	
2.26202856126	-1.86802570397	2.61171289493	36942.6407268	True	
1.20400590884	-1.94403171056	2.62222185028	37345.3103654	True	
-2.0490128785	0.590459518882	1.98377797096	28632.5441451	True	
-1.79495307316	2.77049239831	2.2142387174	66780.1070422	True	
-1.8198265738	1.20776814265	1.99115162821	34078.1014882	True	
-1.50366421813	-1.30159956232	2.15977965264	33839.0609152	True	
-0.0757634921242	-1.04591041433	1.76733801731	36224.9418909	True	
-1.17074864556	-1.28751838178	2.08007770775	34364.529319	True	
-1.04537730686	-1.88163121445	2.56600027635	32600.2410451	True	
0.509386920796	-1.53028219147	1.86520645288	33919.7092194	True	
-0.405521531732	-0.0921215870769	1.63578135465	44888.6186192	True	
1.71999190708	-0.973950076846	2.05060717668	55244.630719	True	
2.33996792732	-1.9311109351	1.7888347542	66861.6131743	True	
0.483973952607	-1.91317119211	2.50705309198	29830.5361457	True	
-1.48700057225	2.53802862971	1.97037165982	44100.2067524	True	
0.220965428351	-2.04836527939	2.8317109405	61738.1667934	False	
2.16873812098	-0.533718426135	1.81446414515	36692.7752526	True	
2.1585070056	-1.88638851603	2.02332620264	39336.4151263	True	
2.74361256442	-1.56098089274	2.10487514502	26197.6949511	True	
-1.28678721732	2.63996503971	1.77592468061	36135.6954982	True	
-1.86815645193	0.562114711857	1.93135447278	31307.5313095	True	
-0.859291426465	-0.121563755472	1.75820183033	36710.7844153	True	
1.04611686271	-1.1696832034	2.09994403495	51078.5486837	True	
-2.49062836371	2.50142678953	2.48064218196	29645.235058	True	
-2.24290852467	-0.350760345219	2.01874556028	30540.5135533	True	
-2.2529831697	-1.48245607919	2.14732952688	35722.9604461	True	
2.59030247012	2.91576625027	1.64288125453	43504.606318	True	
-2.28035964712	-0.923641391281	2.06998673498	31528.1878753	True	
-2.33552022107	-1.17977604285	2.26427300687	28026.8000379	True	
-0.320722984235	1.05120999551	1.70700603169	38709.5725531	True	
0.21312584758	2.77822275539	1.71536897539	38272.3786665	True	
1.26614834266	1.46218204857	1.66899897538	41159.1836573	False	
0.123097802377	-1.87935759022	2.25755715441	26633.3382106	True	
1.42438090771	-1.78177313117	2.07569285465	28505.0877517	True	
-1.81004748218	0.93924270379	2.05293221983	39056.6307952	True	
-1.07734453143	1.56475732099	1.75840905265	36737.2887059	True	
-2.18414711923	0.242405446893	1.93958074212	33077.2489456	True	
-0.846551825558	0.330449726483	1.89171496995	43097.9414283	True	
0.605020942328	1.61681021445	1.62404316719	45535.4005869	True	
2.51329706169	0.0789715259375	1.7170370498	38201.7913554	True	
-1.97485752536	1.30747152147	1.96971405387	29631.71705	True	
1.48719583565	1.20938547144	1.81882582092	38905.4068554	True	
1.80422892698	-0.660740591996	1.81572759178	36186.7747747	True	
1.52779544074	-1.46258886067	1.92531273431	29808.8941358	True	
1.51687756649	0.191578285402	1.59580289114	49185.6252849	True	
-1.33187501014	-2.04741611955	2.17064177899	52052.3229003	True	
-2.31751071359	2.44837776632	2.4423286446	26504.7615341	True	
2.90554538805	-0.826422065614	1.67828721589	41982.5445903	True	
-1.62789994805	0.427655908072	1.95949969812	38071.7851145	True	
-2.39293079386	-1.26706728143	2.43079837078	30066.4946645	True	
1.94142320695	0.0185205810342	1.78835717185	37193.0939558	False	
0.657899894464	0.132502728492	1.68103042989	40369.2491131	True	
2.23016611701	-1.71998584576	2.30867604626	24375.8763814	True	
2.55706624307	-2.00141079	2.25748003741	37773.9560382	True	
0.0425474735779	-1.84433480209	2.2586574529	24759.4054463	True	
-2.31452258029	-0.631082039782	2.26866113303	23470.256605	True	
-0.523758562325	2.37423464116	1.9483486787	55059.6360749	True	
-0.138662526989	-0.725340613383	1.73501299286	37537.2319058	True	
-0.722466717128	-1.31082091584	1.73620605447	41294.1774908	True	
-2.33473030466	-0.838065437515	2.05029419191	35934.3852733	True	
1.19728437582	2.00860739351	1.7052809015	38744.6371335	True	
-2.23702077439	-0.922240526672	1.87961795517	44917.1959394	True	
-2.41892614673	1.64805415265	2.53310578707	27996.8790312	True	
-0.090977277933	-0.560622671447	1.7609242939	36529.5534359	True	
0.249700050924	1.71170693774	1.61335272409	46809.9229592	False	
1.47116984416	1.5289703097	1.80288061052	38107.3003059	True	
-2.42386450549	1.76181440977	2.12780532856	34665.3815177	True	
0.629164407602	-1.28127121519	1.90715095655	31511.1532929	True	
-1.2372590902	0.152215622496	1.83095101059	36185.3312472	True	
2.68655161663	-1.59601299523	2.31332212177	33497.4485329	True	
-2.58032767899	0.214248083764	2.1683080112	53675.9258256	True	
1.31455389457	-1.8606809017	2.34738644038	24627.3176691	True	
2.39331157744	-1.73540880887	2.36136382224	25670.1965035	True	
-0.650476300192	-1.87428993872	1.92934355025	47033.4125326	True	
-2.00569539294	-0.459831307051	1.92896356813	30526.0839737	True	
-1.89959491903	-1.69450973259	2.41853934138	25226.5378477	True	
-0.963106959086	-1.73561742625	2.27507481985	22949.6641085	True	
-1.68779653632	1.29765407412	1.839043645	33830.2345203	True	
-2.36715586908	2.30644033387	2.62639800181	37050.0413608	True	
-1.94886182194	1.26723126453	2.00305038708	30272.9626376	True	
-0.485489779041	-0.273062287937	1.76926521408	36586.8172782	True	
-2.39276141229	-1.21864688861	2.47761339546	29378.5073207	True	
1.48563214938	0.934752555918	1.78150919826	37404.7147039	True	
-0.379900820065	-1.5513150597	2.12950160922	26629.3205964	True	
-2.19551884853	1.6221059943	2.30447461443	27900.0440038	True	
2.61930436187	-1.58283384788	1.88526311662	33666.2333435	True	
0.0661597354208	-1.34403632226	1.75422666662	39618.1585137	True	
2.92044512317	-0.205803505163	1.87401637703	42078.2432588	True	
0.0419297885066	-1.1826937342	1.7130848744	41317.8506806	True	
-0.052413393068	-1.7439278566	2.1731005481	23643.1976069	True	
0.37841181942	-0.747834269826	1.81523759286	35727.1269154	True	
1.91889699277	0.0769506809628	1.70260370414	38947.3606547	True	
-2.33846846371	2.71275449939	2.43646234557	25323.8221573	True	
-2.13793661143	-1.30381169789	1.95059542113	38516.438613	False	
-1.73638397365	-1.6013602913	2.22818228058	22979.051122	True	
-0.688183601962	-1.71265307513	1.89566895189	38535.5090661	True	
0.577692454999	-2.0327812366	2.35948601679	38705.7863467	True	
-1.23867272026	2.37755665732	1.72827420993	37987.0562593	True	
-2.2117464619	-0.80421864896	2.16301234195	24146.7250083	True	
0.135083016096	0.652855625609	1.85048888559	41022.697285	True	
0.128169880766	1.88373610619	1.68597027441	39930.4605683	True	
-1.74866763367	0.111316217295	1.93867348235	33391.740794	True	
-0.260057268518	0.630671018106	1.70736271798	38692.4504839	True	
2.57439577027	-1.40698935671	1.96031786444	29463.6643549	True	
-0.118492791675	-0.64066856529	1.72246198589	38163.0725917	True	
-0.911869771427	-0.50192185778	1.94500109928	45579.5228707	True	
1.31416865806	-1.51698864877	2.05600132407	27108.6465004	True	
-1.97619743361	1.80197172498	2.11925428867	33947.2346777	True	
-2.33763554506	0.683823046496	2.34483358535	23117.3696524	True	
-1.32746449345	0.200076837165	1.88319906127	37906.4831348	True	
0.0243089063566	-1.57689332085	1.98875452747	27725.3998334	True	
1.27224848705	-1.80419110242	2.0909532888	28831.3704196	True	
-1.53382277254	-0.932515836699	1.70732574303	43323.2259389	True	
-1.68456711921	1.15306538866	1.83361878433	33957.6838552	True	
-2.21771615735	1.0250910246	2.2768324442	25292.7434077	False	
-2.56310662636	0.498968717742	2.26992083783	44272.2442697	True	
-2.07570112305	-0.151720533712	2.0523715818	27017.9485614	True	
-2.05265915766	1.91004937535	1.97643857914	28833.3850439	True	
-0.48444704357	0.698045855692	1.81193997136	37909.6264953	True	
1.21281066445	-1.53589251192	2.14647012578	28210.1527519	True	
-0.561887388363	-1.51353257211	1.77939381729	41404.9408826	False	
-2.35011800378	1.80227833232	2.14687117352	27764.7701625	True	
-0.00547546545817	0.882137983637	1.67769945014	40559.4473186	True	
-1.87538205496	-1.45288686414	2.30670027304	25053.6757916	True	
-2.14508036685	-0.473493682465	2.26470920057	27399.1334805	True	
-2.28377420841	-1.23963022736	2.39511477977	24551.4371616	True	
0.794351638358	-1.60270936514	1.83487478555	38555.2167326	True	
2.249727011	-1.06384815571	1.74613726168	37546.8035032	True	
1.67506000152	-1.84480779263	2.19643488232	26368.8787954	True	
1.83095586008	1.21469960735	1.8020006764	38054.9207337	True	
1.98317238145	-1.32555979002	2.01646401267	32870.185508	True	
2.30146569405	-1.77995055958	2.4143058279	26224.3695802	True	
-2.15815640026	1.83397382773	2.1177566461	25417.426328	True	
-2.35253973907	-0.684928041077	2.38163131846	23862.4895147	True	
-1.10409409136	-1.68146716169	2.2684804322	23601.4346108	True	
1.17118633161	-1.26140716895	1.91846006115	31832.3800108	True	
-1.63539197217	-1.3104160468	2.24453195873	36142.4007887	True	
1.96477859585	-1.6148425715	2.45769388819	47081.5422799	True	
2.44604748459	2.1995607796	1.72749054503	37810.9497415	True	
1.55970618436	-1.66946329906	2.02838132953	27152.5522415	True	
1.0742412686	-0.112293044496	1.80993512746	37654.5251285	True	
0.0258400223684	-1.80352823962	2.54431329763	33855.749549	True	
0.465656101993	1.38962396653	1.84154422117	40507.8387329	True	
-1.52373011285	-0.994374913531	1.85208257161	32868.2500856	True	
1.13863465582	-1.71466063549	2.35518011664	26453.8783698	False	
-2.01084415582	-1.39492630966	2.22721433176	23051.1493957	True	
-0.0898442893453	-0.000266513824441	1.66958503696	41402.222823	True	
1.15485113627	-0.478360560366	1.84521144744	38280.2622405	True	
-2.21159808461	-1.14019094133	2.23173657579	23555.6536415	True	
-2.0673520047	2.02341806926	1.98767454066	28476.2789106	True	
-1.76912179431	0.893047221457	1.88390386275	32694.2408763	True	
-2.29095263383	2.05402383032	2.24343365708	23080.4930585	True	
-1.46063078162	2.20377688584	1.78304672646	35738.9992718	True	
-1.68658308062	2.50050307322	1.92929672856	34948.3131612	True	
-2.23228378563	2.27562509925	1.93106396511	35662.1496152	True	
-2.20193405754	0.304669012797	2.19400654408	24301.1552348	True	
-1.36264917219	-1.532208621	2.07952384953	25352.9071355	True	
2.32571750339	-0.364965315003	1.8149129768	37279.0913584	True	
1.7845093852	-0.209754545392	1.89227545797	44219.5563647	True	
0.999282163335	-1.81653278298	2.41702080306	25450.064613	True	
1.54017771005	-1.79145507205	2.16243037323	25101.5767693	True	
1.35629196544	-1.8352563435	2.20488942822	25598.6426672	True	
-1.28760146394	-1.82536468192	2.26676213626	25350.8588061	False	
0.166052395471	-1.36028641448	1.96891627553	30299.2350556	True	
0.352396685674	2.55906159027	1.8074224899	38259.742738	True	
2.33856101251	0.733061754821	1.83502037255	39927.1156434	True	
2.06622888888	-1.6172668448	1.9039183537	33260.0540326	True	
-1.50696821238	-1.46277611337	2.20465001571	27878.4080704	True	
-1.46083986521	-1.62310551665	2.1545051012	23717.2414287	True	
-2.16622297617	-0.319370715277	2.23196310495	25603.4821773	True	
1.9625593358	-1.66147302745	2.11615862478	24309.838863	True	
-1.36507219518	-1.76406772252	2.39902431458	24750.6382579	True	
1.88451716528	-1.73158751894	2.19712124116	23132.9081625	True	
2.4451071497	-1.76649796547	2.29621428777	23080.4263261	True	
1.44670050228	-1.93754631646	2.46860378924	29664.8365102	True	
0.207261256546	-1.77058727909	2.16434059405	24409.0762627	True	
-0.288530651629	-1.55797850612	2.01810042881	26785.9052493	True	
0.924589030342	-1.52448381948	1.90670791132	31096.2891414	True	
-0.938955747816	-1.70956202096	2.23127474327	22977.9518834	True	
-0.567378831104	-1.82823891909	2.30690236487	23826.5049502	True	
-0.835875833139	-1.54237383501	2.1678634223	27371.0730419	True	
-1.77752855873	-0.570985095305	1.92886261628	31373.8142375	True	
-2.2863642446	-0.758410132163	2.48782452159	28516.7651952	True	
-1.90339795423	2.96671371058	1.99835252365	31559.4035298	True	
-2.11035788563	2.85570072252	2.20186021586	29216.6074622	True	
-2.0794462862	-1.31807721816	2.41571601288	27327.6622805	False	
0.143122873184	-1.64391126443	2.18421235482	24363.8125878	True	
2.79529962621	-1.71448321082	2.07597575562	26056.5694128	True	
2.07895114175	-1.61576918386	2.03428894372	26286.7362927	True	
2.91162700882	-1.69098266911	2.1933152487	23402.1509789	True	
2.86138654382	-1.32081735171	1.93414868478	30926.2297843	True	
-1.10764249529	-1.84006737144	2.48983031092	28148.6693502	True	
-2.20618339738	-0.780297900069	2.48515883865	34698.6399618	True	
-2.18820070969	1.35188604568	2.05372047079	26706.1243951	True	
-2.37409175462	1.15714046174	2.16513793017	28372.9809466	True	
-2.37264111217	2.9935648965	2.29213313216	23983.2368947	True	
-1.20874493492	-1.65882063277	2.21674317841	23307.9034348	True	
-2.01087994996	-1.22064254989	2.14140397772	24300.9721258	True	
-2.23472118042	-0.700428716489	2.36652638654	25295.8418459	True	
1.38313877797	-1.79819004037	2.23623453386	23502.4998269	True	
-1.88124413851	-1.03553720413	2.13795072245	29499.6974851	True	
-2.29161919038	0.137476614657	2.27755939049	22949.8297991	True	
-2.35129542863	2.12778505983	2.28844223035	23373.7730493	True	
-0.0752822949537	-1.62262124061	2.05309821074	25758.5093209	False	
1.16191770699	-1.79221776626	2.31622874516	23216.1994484	True	
0.305681394036	-1.00494182006	1.81105829473	34586.0375269	True	
-1.10484309455	-1.43419016175	2.04625892878	27884.416887	True	
-1.94363244779	-1.60188944985	2.32227651807	23318.5903615	True	
-2.4141375174	-0.563628074922	2.2841408721	27844.0884593	True	
-1.8805245196	-0.367082892752	2.02650803862	31664.8017481	True	
-2.17552078264	2.0244716695	2.0233206204	27764.244372	True	
-2.24769330281	2.45422682457	2.12997834382	24877.304439	True	
-2.29199941064	0.0280553756127	2.36108758005	24125.9700299	False	
-1.7305827145	-1.409142831	2.03719457839	26492.0760442	True	
-0.564499481055	-1.92531577462	2.35106673382	28447.3400315	True	
-2.04092754305	1.66689731919	2.04174783808	28185.3237431	True	
-2.12576138156	2.41329465761	2.172095009	27150.6947291	True	
-2.12635361621	0.769722739022	2.08174715279	26203.4716858	True	
-2.1014561068	-1.15043255725	2.21080271765	23428.6530069	True	
-1.39983041241	-1.65547366606	2.35113575233	25863.536707	True	
-2.19608312079	-1.58486753784	2.3987723878	27841.9498088	True	
-2.23601425501	0.681385403945	2.15766026868	24150.9247541	True	
-0.0618833982395	-1.78571682818	2.22276966377	23477.7460352	True	
1.85198381774	-1.39106763694	1.99420623358	29939.8238582	True	
-0.41713332389	-1.49109602455	2.12893581988	29433.934346	True	
-2.35689034525	0.872667098663	2.2215518025	25095.0413029	True	
-2.31942529129	1.99033002747	2.14454919923	26323.5545136	True	
-1.62242565573	-1.38723440424	1.98680983474	27980.7932061	True	
0.397368523909	-1.64729418668	2.25875686722	26073.7225183	True	
1.22452286349	-1.60238038495	2.0939498213	25186.5490043	True	
1.72762085066	-1.73254304089	2.37652871765	26527.8734697	True	
1.58962934987	-1.78984366747	2.28190844711	23019.9725981	True	
0.113380406198	-1.81511104382	2.27085750472	23546.3564568	True	
-0.269430488047	-1.72117934006	2.25887580561	23198.3299953	True	
-1.78686660763	-1.61637564321	2.23159745617	23150.2316547	True	
0.875628170494	-1.68337416282	2.28645236614	25225.4496134	True	
-2.40534938468	1.41160984638	2.38146696038	24448.6039266	True	
-2.41264417355	2.51797750863	2.51552392389	27235.9509991	True	
-1.6814445759	-1.49967027036	2.18838858074	24156.7057363	True	
-2.34050660476	-0.513643124185	2.21213291039	25610.6421052	True	
-1.69301800431	-1.66370732069	2.12911241875	26230.4084336	True	
-2.0282575764	-1.39680533065	2.24649104305	22943.0494429	True	
-1.19003429199	-1.71317956982	2.18104261306	23564.8090255	True	
-1.72561739691	-1.46696113519	1.99129092818	28973.4823378	True	
-1.82753537439	-1.65397620339	2.29204733789	23270.8812366	True	
-2.19407838512	-1.28624773311	2.43427890482	25224.5179259	True	
-0.327537046065	-1.82918450166	2.3240555704	23768.035708	True	
1.26311949641	-1.70186392764	2.17912066512	23346.6301838	True	
1.3775073759	-1.81437615574	2.19195770269	25051.6789225	True	
1.30577355236	-1.69851880566	2.12371239048	24226.0453333	False	
1.87767302689	-1.69967202411	2.24914014445	23666.4884364	True	
2.82841795759	-1.76478297635	2.27392400318	22913.0797662	True	
2.26086971632	-1.65159346459	2.15829701824	24074.1965769	True	
0.621274612546	-1.69339924903	2.20123280705	23364.3400171	True	
2.53624070948	-1.74791536662	2.12392926238	25058.851764	True	
2.37543200169	-1.78177722781	2.33593357516	23557.5464495	True	
2.79411027017	-1.76120548746	2.23405336294	22949.1674065	True	
2.43063866395	-1.83240106574	2.13450593186	28210.6398622	True	
1.25771360387	-1.83803967629	2.3817694555	24473.6813067	True	
1.66347454267	-1.85276538771	2.3664498936	24520.2812629	True	
1.58782538873	-1.74121713638	2.27849997658	23166.7454637	False	
0.735048128343	-1.66882054163	2.15109343428	23832.0962196	True	
0.185210117306	-1.76205498063	2.34179952764	23997.4459176	True	
-2.21882549434	-0.992264659055	2.38469034017	24891.9901879	True	
-1.17350128405	-1.70997848896	2.28887155324	23223.1449552	True	
-0.664553724471	-1.66556370936	2.23608146976	24114.2989955	True	
0.922508661489	-1.6279570474	2.20836257197	25479.8960765	True	
-0.163680112762	-1.80216674217	2.33524809093	23468.2084464	True	
0.899394358396	-1.55283522962	1.98700059138	27692.3893405	False	
0.364388733808	-1.79956984155	2.28003756013	23152.1311176	True	
1.78092379245	-1.75725945658	2.20412166378	23232.5756207	True	
2.80711104595	-1.75713348242	2.36132134717	24797.925365	True	
2.63663656825	-1.37508350798	1.98978774181	30304.5068257	True	
2.39809337716	-1.71395104379	2.2551567926	23392.9489956	True	
2.39975160465	-1.83821937544	2.36255770322	24167.6629508	True	
2.20015137097	-1.71275051107	2.24901374657	23341.3688048	True	
2.57469207229	-1.78679605976	2.22326086005	23438.6053825	True	
-1.33679470251	-1.5931002852	2.31292738748	27967.7374496	True	
-2.04470822273	-1.6439802608	2.29798700265	26187.1328395	True	
-2.09118023186	-1.4104895903	2.23958665007	23432.7699941	True	
-1.82329828096	-1.55249217259	2.25740343926	22967.7080938	True	
-2.34583682111	1.00505647611	2.20662722577	25086.2114852	True	
-2.24195540453	1.11440542179	2.23516929298	23636.673343	True	
-2.31777540146	0.177745100652	2.34052644086	23169.0518769	True	
-2.33189417385	0.58018184252	2.2821797721	23089.4735248	True	
-2.27512189239	0.531848427164	2.3098436621	23627.6092302	True	
-2.33724222956	0.850059246825	2.32452460348	23000.7397084	True	
-2.0002769943	-1.37398011559	2.19715777919	23326.4590006	True	
-2.33734304377	-0.475174811473	2.30508088599	23350.9380688	False	
-2.05214220406	-1.3874426998	2.13964597932	25257.8905492	True	
0.165256471343	-1.73220375628	2.26427259674	23118.8020554	True	
0.322049781344	-1.66573564807	2.20013084258	23930.0835017	True	
-0.692480198133	-1.83389965224	2.35044375142	24124.0468205	True	
-0.601637478392	-1.71177730041	2.18083149422	23303.7960121	True	
-1.92215186627	-1.33153403685	2.1458827018	24253.4394329	True	
-1.91151804965	-1.51982578944	2.25617425029	22889.9276263	True	
-0.229400219716	-1.78998006813	2.32668829504	23336.6815617	True	
-1.13426723718	-1.80696752872	2.26357338738	24176.0289204	True	
-2.21222814516	-0.238220145196	2.07340150128	26517.3474019	True	
-0.0149537076783	-1.78201156544	2.20915057141	23632.52007	True	
0.866457262699	-1.87741755574	2.34992145853	25290.9617757	True	
-0.803485731649	-1.69041427481	2.28611063406	24228.0935559	True	
-1.71400962557	-1.5294322825	2.23133765461	23738.5799621	True	
-2.06319953074	-1.37518516226	2.14782594596	25011.8964426	True	
-2.14854221824	-1.39404425667	2.34754249601	23353.4988559	True	
-1.85344738579	-1.46798474224	2.20535844104	23396.242468	True	
0.0327533408111	-1.8373234616	2.32045062529	23914.8016867	True	
1.06743101912	-1.68065495095	2.13387599084	23966.0658464	True	
-0.485113671609	-1.73369758774	2.26672309615	23041.9720919	True	
-2.2883453637	-0.989395293664	2.27093936059	23816.3303882	True	
-1.70803426194	-1.6513747033	2.26775709231	22909.4110745	True	
-1.24245854205	-1.64449075125	2.15287765769	23713.1355594	True	
0.288995660896	-1.76544304763	2.17614747313	23952.2260364	True	
-1.14984766063	-1.8010017442	2.29739246964	23676.2942373	True	
-0.357845716508	-1.78002502183	2.27301454874	22976.3365013	True	
1.27620180604	-1.77696607174	2.18650048564	23951.4834639	False	
-1.44744169622	-1.67582434152	2.34047286151	24395.6234835	True	
-1.19114047164	-1.78506352137	2.39270044931	24575.4448769	True	
-0.920539999737	-1.73095178153	2.24332837445	22886.186459	True	
-0.727904998273	-1.6708688693	2.1806856592	23509.2389859	True	
-0.922131584929	-1.76216533981	2.26691789904	22945.1616838	True	
-1.02914858287	-1.57761455306	2.19492924764	25912.6374391	True	
1.05044323085	-1.70950566144	2.11879191149	24469.7443543	True	
0.10105784435	-1.69322333182	2.221749627	23444.0358537	True	
-1.71147910851	-1.65549847132	2.30721524904	23041.0767841	True	
-1.91113563593	-1.53558488527	2.2698540857	22872.9436478	True	
-2.12886945887	-1.19918444647	2.31366412979	23680.4161484	True	
-2.20887128726	-1.11305198767	2.29638288979	22894.0779918	True	
-2.05532210922	-0.94356388444	2.20019769905	26073.7683475	True	
0.521286654224	-1.76199914793	2.23745065084	22937.1188326	True	
-0.561512914841	-1.70241568183	2.24454465147	23318.323102	True	
0.659858620608	-1.82353421476	2.45788955222	27096.9932522	True	
0.267858853698	-1.78779283756	2.18786528308	24249.7931338	True	
-0.259433664644	-1.74192380357	2.26119729066	22945.9057319	True	
0.514438344319	-1.89797016858	2.36405575085	26304.4694868	True	
2.25468664141	-1.75347008041	2.29123725378	23154.9117096	True	
2.22741589026	-1.79452544425	2.28536629647	23067.6469952	True	
2.5128196512	-1.78483669348	2.30326180061	23086.6370615	True	
1.69534098311	-1.61334495293	2.15787213826	25086.1591472	False	
1.8634977579	-1.68263232669	2.17050782261	23564.6392371	True	
-0.114155148553	-1.74032517917	2.26447471492	22994.6338702	True	
1.34022131172	-1.78053906016	2.24104115609	23097.8719681	True	
2.50808847579	-1.71036868935	2.24018960935	23295.9041723	True	
2.21230331359	-1.76554488917	2.23679271737	22962.3528769	True	
0.617605914986	-1.74961494491	2.28932593083	23174.7851701	True	
-0.0934750044861	-1.79159083425	2.30257436664	23112.4606542	True	
-0.586735620591	-1.63878646809	2.13620217644	24186.7186603	True	
-0.815785201864	-1.73393008928	2.25024203168	22888.8469241	True	
-1.3984382226	-1.65030439527	2.27085070052	23576.4108216	True	
-2.19740396852	-1.2580313729	2.42708145457	25080.7216916	True	
-2.07757853593	-1.3796883473	2.30749782771	23021.6259009	True	
-2.353472725	-0.170890719745	2.3802949717	23551.226246	True	
-2.35770644619	0.35872853039	2.37412654477	23456.6294549	True	
-2.24759394772	-0.126486994829	2.28487635783	23754.6404889	True	
-2.23080819707	1.08435515886	2.149672817	24296.2788064	True	
-2.29830483751	1.2722936915	2.3091389139	23123.8599591	False	
-2.31567195804	0.371118583276	2.27518198248	22971.9394393	True	
-2.07828876316	-1.2643127774	2.19069937193	23455.3436729	True	
-2.27751913135	-0.395992841362	2.29503686525	23017.9810732	True	
-0.053904289011	-1.72256013891	2.29909241669	23929.6379815	True	
-0.551709732928	-1.70207358612	2.20376795676	23161.9796296	True	
-0.0530440802276	-1.75626257494	2.19739511334	23361.1763276	True	
-1.07507299115	-1.67893404076	2.11089434908	24747.6099356	True	
-2.2283404428	-1.06825170822	2.3477059895	23323.833317	True	
-1.55296774636	-1.69191396672	2.22701472444	23222.917317	True	
-1.28682190381	-1.76841833586	2.35215340757	23672.1876019	True	
-2.28905429961	-0.867851074792	2.29162327606	23149.9166908	True	
-1.66347899343	-1.58373051955	2.21451704349	23171.0190888	True	
-0.527068152172	-1.74808680549	2.30647850519	23352.8736784	True	
-2.25498997408	-1.16519341803	2.35370683417	23411.505909	True	
-1.71703370676	-1.58083511032	2.32953758804	24673.266802	True	
-0.681437337744	-1.7903398433	2.28743277968	23131.995618	True	
0.472674278227	-1.77181410023	2.27976218366	22931.6148009	True	
-1.56979628632	-1.66986726954	2.33921918169	23881.7983852	True	
-2.27525949685	-0.0901159336136	2.22420743239	23241.8141497	True	
-2.17303517879	-0.736370878	2.2686162295	24692.3684278	True	
-0.997497104974	-1.73164631784	2.30640334006	23358.5296475	False	
-0.777357650457	-1.79901797033	2.23720858675	23847.9252139	True	
-0.33145726237	-1.79828769575	2.23474882815	23641.262253	True	
-0.619295225872	-1.69822707531	2.1512193958	23718.972048	True	
-0.915317129209	-1.63002045843	2.10723047477	24524.5749152	True	
-2.27442183871	-0.792702206041	2.29633250484	22903.0739778	True	
-2.17947184926	-1.1244123493	2.30243720487	23092.9965922	True	
-1.21200212157	-1.64317916791	2.16921497551	23561.3103991	True	
-0.195490620892	-1.70908587253	2.22023298051	23136.0771304	True	
-0.448624787998	-1.75821893234	2.24683808197	22901.8887198	True	
-0.367756950487	-1.78742559873	2.27454461946	23052.2378703	True	
0.401884845338	-1.77569610347	2.27607983208	22927.7489222	True	
-0.331328093405	-1.68033178785	2.2117435096	23568.6368587	True	
-1.98421295445	-1.3635087148	2.24341578938	23433.3554802	True	
-1.62473586864	-1.65504523354	2.2664907193	22880.13445	True	
-2.22472282495	-0.886396746752	2.29221079592	23095.7987669	True	
-1.02969619374	-1.7695181864	2.35742756569	23877.7976215	True	
0.629109983233	-1.71520645082	2.18800329274	23219.2194589	True	
0.498067774909	-1.66420662842	2.15876883633	23843.5726676	True	
1.96179149819	-1.80548865168	2.28127708882	23232.628801	True	
2.25399934999	-1.7079667293	2.23671487116	23310.9021482	True	
1.00009437836	-1.75134475403	2.27774151585	23022.4982067	True	
-0.867368102386	-1.76507903632	2.2258552931	23291.3007823	True	
-0.641612776276	-1.73555978868	2.23834248946	22898.956133	True	
-0.0930675103792	-1.67820924987	2.2251500596	23825.5397432	True	
0.956189679881	-1.79157655322	2.27246867098	23053.110771	True	
0.318319498802	-1.76373047809	2.24102632359	22930.2755275	True	
-0.0898142422273	-1.83031537972	2.31093365415	23749.3350096	True	
0.446650701333	-1.79451989045	2.25835075833	23183.3408604	True	
0.182214752517	-1.72411593931	2.2507523739	23118.442566	False	
0.751492743359	-1.76613403213	2.31692275813	23381.5495448	True	
2.02637603573	-1.81818862951	2.3309806361	23536.8804453	True	
1.77938141354	-1.76931188268	2.28567788947	22969.5121163	True	
1.94623444389	-1.75788616173	2.31230320624	23428.93947	True	
2.74771750372	-1.72701626389	2.19652282215	23132.3045381	True	
0.0841011482268	-1.70890726058	2.18319472889	23275.5358741	True	
1.6381043294	-1.75422772259	2.23200792455	22925.7042416	True	
2.64618933121	-1.7578383743	2.29933014857	23210.9229584	True	
2.11171463772	-1.72389935864	2.23660485986	23052.4052613	True	
1.93481683372	-1.71070031487	2.1731751945	23379.0845896	False	
0.527157902347	-1.68853499567	2.20174974124	23444.0556448	True	
0.825110548379	-1.70095025973	2.19419620101	23273.3954277	True	
1.07942634968	-1.81149741266	2.35755652584	23839.4506726	True	
0.331878174518	-1.82110193951	2.31224732483	23507.1109302	True	
0.515289244087	-1.69871972402	2.17514051527	23393.1679463	True	
0.644933386405	-1.76154964447	2.24378015311	22901.7134344	True	
1.18689496654	-1.6934935835	2.23370687161	23606.3236613	True	
-0.0118960072658	-1.79665948896	2.25432687619	23287.4089462	True	
-0.384061197405	-1.80532479271	2.29194226656	23284.9353812	False	
-0.0738924725597	-1.71543229582	2.27388043464	23584.2811802	True	
0.407378227304	-1.71412127914	2.27960487438	23791.6649479	True	
0.0705891702717	-1.72754569062	2.27331813606	23309.3561491	True	
1.63292018048	-1.75252764876	2.25082840292	22878.6244765	True	
1.10901195506	-1.71539418843	2.2281326643	23125.3306084	True	
1.54999402099	-1.81385587741	2.33077233583	23485.3344618	True	
1.28331985381	-1.81052568594	2.26496046943	23450.2335797	True	
2.15381397205	-1.78721779454	2.27065467081	23004.7411134	True	
1.09561259392	-1.73365094227	2.21833055705	22979.5394749	True	
1.47290354508	-1.72691092018	2.23138159774	23003.0729856	True	
1.23089201258	-1.78704307366	2.31343913955	23184.3720914	True	
0.882629648894	-1.71054435744	2.21492926218	23151.2866104	True	
0.419443492063	-1.74222082054	2.26925927332	23038.2949022	True	
0.726903443933	-1.74891259488	2.21911405422	22993.246231	True	
0.0237181582224	-1.79891098331	2.26915094515	23207.7351455	True	
0.183303026085	-1.74481102052	2.27566445893	23061.3106284	True	
-0.40560365336	-1.75874555022	2.26983076283	22895.9821519	True	
0.440983253549	-1.75322750874	2.29883891878	23257.0297294	True	
0.942917870943	-1.79256936393	2.27701708338	23054.4795332	True	
0.443721282075	-1.790165649	2.24747781759	23203.3666622	True	
0.643590435998	-1.74078398925	2.21985807097	22965.9424341	True	
0.4758359245	-1.8261413437	2.36592267422	24067.7064736	True	
0.333931845314	-1.75894428265	2.25800852877	22875.1979071	True	
0.338211633104	-1.78073150992	2.24868074283	23047.690474	True	
0.0010006107558	-1.73303367017	2.26688882483	23121.9870955	True	
0.549356206508	-1.78596788829	2.27446526359	22991.3893486	True	
-1.23898676467	-1.73527010287	2.23942794715	23039.3349332	True	
-0.406770738313	-1.80409016626	2.31349114072	23304.6670127	True	
-0.502494031014	-1.77080945297	2.27675601879	22931.2307922	True	
-1.43495604224	-1.71897604418	2.24455737515	23083.8998175	True	
-1.83165139532	-1.68223021895	2.34648330359	23721.3710297	False	
-2.27655826623	-0.868388168839	2.26872787155	23177.2734258	True	
-2.3354639461	-0.289238101646	2.32842853703	23098.0533936	True	
-2.28313754552	-0.292771516478	2.25839198398	22978.9640364	True	
-2.28136805175	-0.429522833687	2.29013390935	22940.0914623	False	
-2.30591803614	-0.698647620741	2.35230769894	23207.3556327	True	
-2.18249828188	-1.00064220456	2.23914677084	23104.4482362	True	
-2.1263614165	-1.32711800913	2.34180231139	23348.8719099	True	
-1.84720353295	-1.60564285653	2.29126921302	22940.493329	True	
-2.09590401394	-1.41730831232	2.35195323525	23380.0070738	True	
-2.18911444441	-0.977735221839	2.25339125337	23094.0733824	True	
-2.30270896948	-0.396939377793	2.31032247448	22928.3551709	True	
-2.20783520109	-1.03137789507	2.26546552931	22915.9579044	True	
-1.33271875589	-1.6909832762	2.22967443457	22937.2606565	True	
-2.30738216772	-0.683735416288	2.3048477837	23055.2733468	True	
-2.34550683668	-0.25395864862	2.32943510115	23221.2364206	True	
-2.3559817226	0.00635739871861	2.29346874167	23615.4787392	True	
-2.31229172649	1.17522427685	2.30204632691	22925.59952	True	
-2.32989008105	1.2925895587	2.30901101109	22939.2074362	True	
-2.29155852249	1.50835539563	2.2999862671	23144.0879855	True	
-2.32334064083	1.59400589766	2.34051234145	23157.5045712	True	
-2.30844726093	1.52060731628	2.30144257113	22947.2023626	True	
-2.25834086029	1.34010155327	2.18786551278	23674.3840844	True	
-2.31005304768	-0.363567674602	2.29682329924	22930.4495324	True	
-2.31687086579	0.57162599695	2.25648860641	23146.8747788	True	
-2.3255653711	0.459712935411	2.23121049959	23761.4874506	True	
-2.3424820255	0.487214158738	2.34841576808	23151.4872257	False	
-2.32347277204	1.25541378306	2.30417946145	22915.4911569	True	
-2.2880654281	1.24338400979	2.25649068716	23017.6701901	True	
-2.31931989814	1.45355653486	2.30298509394	22910.8184718	True	
-2.28135311123	1.81966610607	2.23161251437	23173.2146229	True	
-2.32574654	1.99643634547	2.25706750616	23248.6245828	True	
-2.34344992015	1.46168043213	2.34486413392	23121.0093778	True	
-2.32348900083	1.96280521551	2.31065121661	22927.4585637	True	
-2.3391501706	2.30085291317	2.31576304588	22997.6479669	True	
-2.34401435038	2.07288699207	2.28740562202	23222.1810256	True	
-2.36951078058	1.76805351584	2.37060186065	23506.4757067	True	
-2.32590766063	2.35603415269	2.3147271128	22940.0158142	True	
-2.30503906816	2.13495891119	2.24278669278	23158.9523344	True	
-2.32207233751	2.31455458498	2.28394460166	22948.501338	True	
-2.32843871254	2.76069536847	2.26077325731	23244.127121	True	
-2.28282016118	2.93684821925	2.26865468616	23068.2682176	True	
-2.28301204363	2.5065493002	2.29004979357	23205.5462057	True	
-2.26812998562	2.82231093817	2.24934558648	23214.2577028	True	
-2.31368630333	2.79063901278	2.30022920757	22915.9808558	True	
-2.30209775873	2.51618407987	2.30269557971	23016.987325	True	
-2.29678915489	2.70563716047	2.28981221496	22995.0071225	True	
-2.30492904728	2.77715311105	2.27842067443	22920.6388212	True	
-2.25791340594	2.58368861075	2.18239539022	23758.4188514	False	
-2.2965551428	2.63931742202	2.26733456961	22960.0197307	True	
-2.30782813392	1.87450615021	2.30724469172	22988.1382543	True	
-2.33762163633	2.0337740079	2.28788813005	23102.1017864	True	
-2.31179487199	2.65401187702	2.26079917861	23028.7004389	True	
-2.28358973941	2.80768678653	2.30098243955	23322.3359271	True	
-2.34404752487	2.34784060329	2.34570103275	23127.9691098	True	
-2.34276342599	1.82851224834	2.29764866435	23111.1378765	True	
-2.31784631954	2.34852272403	2.28489218075	22920.7246532	True	
-2.31702522102	2.49076819111	2.28762434478	22910.4726122	True	
-2.31691218319	1.66908091997	2.26646712429	23024.6418069	True	
-2.3051388114	1.06138035013	2.31983873915	23133.6717111	True	
-2.29605424001	0.617674393705	2.28979770622	22982.7423126	True	
-2.30605085851	0.820168887193	2.28427392776	22911.910836	True	
-2.30782245872	0.681012290598	2.25780833436	23035.5025134	True	
-2.33787751664	0.308592794839	2.31214637751	23023.0181159	True	
-2.29434070734	0.0153713784408	2.26809924988	22943.2386327	True	
-2.27880412974	-0.333387302198	2.29496373646	23035.1448281	True	
-2.0823380781	-1.36716296345	2.31071001218	23077.4263554	True	
-2.02649936352	-1.47128022732	2.27986701442	22917.0901835	True	
-1.99769364708	-1.46743881299	2.2976375235	22978.7451633	True	
-2.25319617162	-0.958659999152	2.30978478597	22928.1766167	True	
-2.32416422071	0.428111688489	2.33812232115	23101.6945341	True	
-2.31371919955	0.904612157912	2.2733963734	22956.0684685	True	
-2.30108150939	1.36398684556	2.25114994923	23046.8769075	False	
-2.29827683919	1.33710149032	2.25876857022	22987.452466	True	
-2.29830153565	1.04215386467	2.31025691122	23131.4757817	True	
-2.32029703036	1.87716088427	2.29293529287	22910.6673097	True	
-2.29505259035	1.89192911406	2.30370497791	23125.092546	True	
-2.32008251848	2.51046657723	2.27783675007	22967.0310178	True	
-2.31844506098	2.94177436038	2.31056446007	22937.4898826	False	
-2.31427386317	2.72288578133	2.27768771524	22933.1410194	True	
-2.33907423631	2.35231862738	2.29567298001	23066.0625291	True	
-2.34643785806	2.18675588448	2.35547797089	23215.3560761	True	
-2.32879289267	1.82347704209	2.29237646095	22964.0776927	True	
-2.33953804059	1.80669646171	2.31044291494	23008.9400186	True	
-2.31278181742	1.60401177255	2.27976905223	22920.6043218	True	
-2.32517357183	1.56799950667	2.2932948139	22933.6843875	True	
-2.31144367174	1.556889453	2.29486225784	22909.8712937	True	
-2.2952758381	1.5444808657	2.30006368997	23084.4923446	True	
-2.30195532487	2.10302754655	2.26215066629	22973.3555454	True	
-2.33920540263	2.00737288824	2.29189167439	23095.2843979	True	
-2.31011213419	2.30144320021	2.27771666714	22921.1813544	True	
-2.30840565249	2.50392246977	2.25849988875	23024.0827073	True	
-2.31877470324	1.98628337379	2.31162200879	22940.9571513	True	
-2.31820417237	1.11395090421	2.28421211004	22926.9277035	True	
-2.32807123867	0.93166294623	2.30315764824	22934.5319554	True	
-2.29900791985	1.60994077582	2.30022321456	23034.0607064	True	
-2.3195724256	1.48170190212	2.29615653857	22906.02836	True	
-2.31397432921	0.998887840819	2.30687004559	22936.5932312	True	
-2.36393383582	1.40765109131	2.36555962168	23405.11254	True	
-2.316860232	2.30934744304	2.30713213687	22928.450457	True	
-2.32438254075	2.90357728043	2.31042289935	22926.8102136	True	
-2.28930012682	2.39361811029	2.2753508753	23015.0579445	True	
-2.32424548711	2.51808256818	2.26343268518	23142.002459	True	
-2.2718923795	2.60200791703	2.21735898418	23311.510139	True	
-2.29773089308	2.60338411377	2.28999142015	22985.9602129	True	
-2.32799652886	2.63745406495	2.29289424519	22954.3568129	True	
-2.31563810299	2.76940496089	2.30932598484	22943.9236472	False	
-2.29818243667	2.90628361508	2.26396818232	22965.1895435	True	
-2.3220596358	2.63397977182	2.29633694109	22911.7420653	True	
-2.3012818472	2.40944030204	2.26079943378	22979.5619165	True	
-2.32488871373	2.79851873872	2.26156807715	23174.0447146	True	
-2.3227815941	1.72707550956	2.27852346732	22986.5946987	True	
-2.33348041827	2.24831249069	2.33360758241	23033.9635489	True	
-2.34619550891	2.38097844592	2.37669238084	23493.954868	True	
-2.31294994675	2.59033210674	2.30537864479	22938.9120512	True	
-2.30644225768	2.60815021803	2.29882682264	22950.8427271	True	
-2.33173648626	2.45117887914	2.27978804981	23082.2015784	True	
-2.28887577411	2.23737242284	2.28820093343	23087.3266095	True	
-2.32069153418	2.91219473266	2.30627085897	22917.222691	True	
-2.3275856216	2.7141617606	2.29984786084	22931.8368852	True	
-2.31276297089	2.90015311153	2.31506003917	23001.6354483	False	
-2.30933166895	2.86393073993	2.29938583641	22933.6385846	True	
-2.33093288396	2.53284107682	2.33049311121	23016.1451856	True	
-2.33257917897	2.71743799477	2.30215460131	22962.1423664	True	
-2.30769171498	2.602006359	2.28227711303	22912.2322757	True	
-2.29127698422	2.95283352333	2.25816787333	23001.5692669	True	
-2.28367007076	2.89674877909	2.28127493308	23119.5910545	True	
-2.3220755208	2.95736224576	2.27807251789	22982.0653946	True	
-2.30928532316	2.75956904597	2.27068390029	22947.1383195	True	
-2.29894703374	2.91482896516	2.27220792445	22944.2059593	True	
-2.31729753582	2.8959318226	2.275553734	22960.5224466	True	
-2.3141543363	2.72561178043	2.26520267755	23010.2279793	True	
-2.34665984279	2.78016475573	2.33885929559	23099.6261475	True	
-2.3172100541	2.20749904453	2.32711662882	23068.6719588	True	
-2.28135683662	1.93069575765	2.2491164277	23077.3149954	True	
-2.29194060231	1.52526355031	2.25845816358	22997.4558994	True	
-2.31224115558	1.73068144594	2.31141182652	22977.9919456	True	
-2.31503706522	1.53500873935	2.28911031036	22904.4443004	True	
-2.34212143782	1.28216821898	2.31321582538	23034.1395418	True	
-2.33745814121	1.52135582376	2.32418060078	22996.8908539	True	
-2.33035329415	1.6108109306	2.30185493673	22946.8884076	True	
-2.29773277704	1.74262456699	2.2743830864	22947.4262181	True	
-2.30453409549	1.40382326524	2.31074739692	23051.1915363	True	
-2.31345280405	1.53278259163	2.28399397946	22910.5836262	True	
-2.31187453557	1.82335189329	2.27067596988	22958.1049174	True	
-2.31309029014	1.98892399594	2.3069763638	22945.7033747	True	
-2.30868970075	2.03998208415	2.28438920163	22909.2988803	True	
-2.31395173264	1.48229929174	2.32083412622	23037.847859	True	
-2.3032133535	0.397693687246	2.28342053296	22913.55752	True	
-2.32278396486	0.232935619768	2.2886337783	22963.1668797	True	
-2.31516693664	0.103937124882	2.29963259769	22906.7477289	True	
-2.31434757938	0.326720764991	2.3022945619	22910.5928599	True	
-2.322930791	0.227216861338	2.30819307488	22926.8950368	True	
-2.32502828766	0.242232837816	2.31276711271	22939.030862	False	
-2.34004940595	0.189063153194	2.32520427791	23048.0315544	True	
-2.33144175784	0.62599286997	2.29069288076	23016.9195817	True	
-2.33823001835	0.935211590714	2.30613979538	23014.0031564	True	
-2.3233127286	1.24141403174	2.29147476916	22929.1160199	True	
-2.32195623368	1.41687229518	2.29414928344	22915.3148374	True	
-2.31971419458	0.543489249235	2.28897762042	22925.5013707	True	
-2.32999562426	0.475254276485	2.32016736623	22965.9406449	True	
-2.33875146945	1.07414178617	2.3451808263	23119.7963184	True	
-2.30000846445	1.2693931705	2.28942255505	22958.4556103	True	
-2.32168784539	1.90105778336	2.25938557221	23154.0282543	True	
-2.29968979054	2.12777641023	2.3124158451	23143.5752697	True	
-2.32687992905	2.09996232514	2.31465350326	22940.0569899	True	
-2.30956783623	1.83337557609	2.28952065252	22908.2535536	True	
-2.31384910998	1.88377671691	2.28325067917	22912.9347551	True	
-2.34421029656	1.92538168422	2.33193352524	23058.0854394	False	
-2.3387173308	1.99649727291	2.33778935316	23062.951541	True	
-2.31154588085	2.45592386415	2.29316927152	22907.4333931	True	
-2.30914730656	2.21237930433	2.28606605775	22908.1023756	True	
-2.31404653	2.31000569487	2.29962544163	22913.1122543	True	
-2.3214469704	2.41334441983	2.28933813006	22923.409159	True	
-2.31127576693	2.09526729974	2.28731123348	22905.1081853	True	
-2.32508560999	2.1730819082	2.30204452598	22918.3294038	True	
-2.3189103882	2.26180874844	2.29474033741	22905.1844489	True	
-2.31173816732	2.56812830177	2.30272924815	22933.6679149	True	
-2.31022039656	2.82528181434	2.2815128401	22911.9724761	True	
-2.29524000808	2.31674190304	2.28239308331	22978.7316474	True	
-2.31936592105	2.33073503932	2.29327304946	22907.3737119	True	
-2.28759929807	2.28184598658	2.26450520734	23013.2526461	True	
-2.31535623966	2.45171061702	2.30607471394	22930.0892645	True	
-2.32980084774	2.66804180636	2.30882554431	22937.1954283	True	
-2.30900594743	2.48117646713	2.29875746362	22932.9887095	True	
-2.31683035054	2.41312768613	2.3032330922	22915.3162925	True	
-2.31525280144	2.6243272731	2.27921826602	22930.773773	True	
-2.31600769828	2.53648612669	2.2894656912	22905.1377216	True	
-2.31697845195	2.86991774775	2.29082776287	22905.0803896	True	
-2.3193053772	2.9444251985	2.28574146662	22924.3427878	True	
-2.30689425399	2.95153357521	2.27578871633	22923.8217069	True	
-2.32074107308	2.78100675587	2.28288325806	22944.2887682	True	
-2.31338352733	2.58530191184	2.29087732128	22903.0319356	False	
-2.29666532495	2.62915621204	2.28182070449	22964.7902606	True	
-2.29402706478	2.58208949706	2.2606613092	22984.8803551	True	
-2.32679960545	2.37060669621	2.30392535089	22924.2200962	True	
-2.2886228899	2.19739417567	2.27231012053	23013.6194625	True	
-2.32432543003	2.28738874765	2.29182188365	22931.9732987	True	
-2.3046593584	2.30384026578	2.2906637815	22931.7909436	True	
-2.28877676487	2.18414400089	2.26041357296	23007.9780086	True	
-2.31294127996	1.99612714236	2.29419303899	22905.5261987	True	
-2.30748091802	1.98801014094	2.30774831749	22995.370861	True	
-2.30821668236	1.89998288772	2.29206077609	22916.5292847	True	
-2.31949253186	2.38244255339	2.29562263834	22905.7728394	True	
-2.33003355789	2.2550680411	2.30553894537	22939.0380308	True	
-2.29988238052	2.67476549872	2.29528318963	22992.1149859	True	
-2.30808975911	2.69563109395	2.28600247369	22910.3450525	False	
-2.3286393512	2.74698607001	2.30347593572	22932.9474	True	
-2.31044852775	2.17599542212	2.28268916091	22909.9957775	True	
-2.31562521068	1.97354209873	2.29487946167	22903.0032593	True	
-2.2990649043	2.08051680644	2.27720589689	22941.5227934	True	
-2.31143958681	2.389615043	2.29253129179	22906.8797556	True	
-2.32402774051	2.2106143036	2.31623472737	22947.7904867	True	
-2.31621898097	2.20310126375	2.28806962913	22907.6641209	True	
-2.32266287105	1.7869308604	2.3021853838	22912.0810988	True	
-2.33004155374	1.399630932	2.31464223105	22946.0254247	True	
-2.31246672654	1.44642110503	2.28733064399	22904.571252	True	
-2.32380221866	1.15902110628	2.29249783971	22929.4224515	True	
-2.32700657186	1.04566447233	2.32675566537	22998.6582822	True	
