Parameter 1	Parameter 2	Parameter 3	Potential	Equilibruim
-1.43408485108	-0.408937571234	1.33527469547	102833.912832	False	
0.724230480577	0.0469184303127	1.49097314954	65878.9751704	True	
-2.6391020038	0.204098632375	1.1715109453	185111.464203	False	
-0.542196602698	-1.17067936797	1.70190499476	42588.0351525	True	
1.90503488139	-1.27501843425	1.84061459696	33061.3150068	True	
-0.392716074588	0.627199247292	1.48511340362	66989.5298225	True	
-0.185933384477	-0.383699859637	1.92210982258	46521.3290606	True	
-1.71698626213	2.20047627541	1.90995383924	33665.247629	True	
-0.908576654324	1.49244239684	1.48184924745	68438.8164856	True	
-0.373448490347	1.79252424775	2.02101994134	75231.8671056	True	
-2.86278176104	-1.68850091077	2.32241558992	134769.698712	True	
-1.52484670619	0.849114805577	1.44002456688	80940.5046432	True	
-0.801880882013	0.8748881168	1.81986949221	37755.5313411	False	
0.124589964872	-1.2710833685	1.69814356162	44107.0154044	True	
-2.49190085562	1.40968719416	2.52049711605	30250.800974	True	
-1.6309930796	-1.73686758501	2.38857000717	24334.6523744	True	
-2.261890351	2.58128397619	2.12870990286	25149.6223187	True	
-0.555554885199	-0.524131542859	1.69492628949	40007.9099257	True	
-1.01466219832	-2.32484195851	2.53562969919	90655.7776072	True	
0.0748719452978	0.385183059209	1.37872082759	88041.9137928	True	
0.0415431251761	2.51615973403	2.04561152211	85451.4091408	True	
-1.99425014549	2.08192719671	2.12321109213	32982.6909159	True	
-1.0585555329	0.65709087541	1.82901429115	37247.0611233	True	
1.61619805409	-0.208646792311	1.79717728671	37097.8587227	True	
-1.31765179328	-2.27478312016	1.91819420583	108160.106978	True	
-1.36378020955	1.79201728553	1.88297370898	37985.7330019	True	
2.52901788464	1.4310259429	1.85093749079	41469.5738357	False	
-0.855019172942	-1.49784882404	2.11308488948	27722.5563909	True	
1.15495974054	-1.69307361416	2.5878443412	53161.4780454	True	
-0.172873085833	-1.62532009706	2.35865662626	33758.1693415	True	
-2.36158400782	1.54035182434	1.91087283275	46983.4035259	True	
0.781950253311	-0.343618389343	1.38150566095	88234.3401261	True	
2.39178197501	-0.508956016284	1.99013596017	58531.2622474	True	
-2.0919762559	1.35105960272	1.99157353854	28337.0820095	True	
1.85542957247	0.740051173794	1.85143290288	41360.5720929	True	
-1.93608318587	1.24972791158	1.78214622744	38803.7327696	True	
-0.63197113725	0.213005813976	2.05224723416	81123.9511383	True	
-1.11930844699	0.521718401937	1.74155443096	37267.3815664	True	
0.718362167168	-0.539290441473	1.54970097201	57181.946094	True	
1.63446026214	-0.904949241685	1.86165341813	35669.048834	True	
0.500786504388	-2.06506676101	2.00600422138	62309.1414274	True	
2.63749851599	1.183419747	1.2797718977	109579.067569	True	
-0.496951020295	-1.58145777481	2.371133075	39646.0194521	False	
0.0235970568657	1.46744252965	1.48546873576	66564.433142	True	
-2.44163418426	-0.882660373131	2.07025698442	45358.9778283	True	
-2.41712473378	1.96619471995	2.44316574124	25295.2467366	True	
1.02044982946	-1.93028991587	2.15324523661	34927.8928348	True	
1.50020843942	-1.221265919	1.78749851956	35622.107749	True	
-2.49248597736	1.51849683792	1.80494268784	74654.0406098	False	
0.774955401546	0.570472658309	1.74664339284	37312.462305	True	
0.137201662937	-1.41060197843	1.74352452918	41978.9481705	True	
0.942345788497	2.50523956514	1.83410332655	39990.0314236	True	
-2.15438297661	0.85068789579	1.84832711613	39413.04268	True	
-2.06287724746	0.084547609723	1.8375525274	37306.835975	True	
1.01004491899	0.176094211229	1.71282876079	38396.665761	True	
-1.50456194157	-0.44375494943	1.93010558091	36440.008085	True	
-2.51184290362	0.981497161928	2.37985198425	32681.2425003	True	
1.04765042201	-1.72572349247	2.21857503703	23012.3957559	True	
-2.54016990702	2.45029276337	2.27183383145	40432.2171882	True	
-0.725434378416	-1.40862499612	2.19952506133	40055.0106551	True	
2.32915091249	-1.77477576812	1.80155405084	51390.7862104	True	
0.308959706043	-1.40968071186	1.84915990686	33216.2771935	True	
-1.95344518634	-1.56610578343	2.21285210066	24195.6737949	True	
0.216991241409	-1.7616114722	2.49311651952	32405.761396	True	
-0.0959184076577	-0.595228006664	1.69614663777	39876.8660838	True	
1.62259536573	2.33637214256	1.7562175756	37267.2807199	True	
1.34127822013	2.64338461961	1.89062442954	46386.0529743	True	
-2.52878445377	0.299538110957	2.4838254129	33490.1899845	True	
-1.75434310459	-0.316784408472	1.93380739312	32436.830508	True	
-0.0039640250136	-1.94352482886	1.6943086013	79997.9570989	True	
-2.22543006675	-0.804531831897	2.15947082994	24435.6006467	True	
0.640458037852	-2.00108658824	2.58981327543	38183.7003752	True	
1.01916421239	1.75475702558	1.61063285432	47081.1714116	True	
0.481407894253	1.70094290789	1.61867087197	46156.873947	True	
-1.80210330911	-1.05475737366	1.95362840893	29323.3282545	False	
2.0091538654	-1.60356871081	1.9351594741	30772.9847383	True	
0.965642906976	0.479913869251	1.93257431494	53055.3164288	True	
2.06151324374	-0.320176402304	1.76170628684	36781.1487411	True	
1.20619604514	1.69414236026	1.7079426264	38610.5490201	True	
-1.28364913306	-1.96052149316	2.44876376932	33024.1733769	True	
-0.783438226429	-1.58692599652	2.2004708885	26337.0373616	True	
-1.82520736821	2.66566836652	1.77475275399	37622.3330959	True	
-1.47346062634	-2.18459271995	2.44369686312	66416.5349479	True	
-0.8939931661	-1.62074991574	2.1782725455	24382.1816927	False	
-1.79685899887	0.545786504207	1.91301222458	32299.5521475	True	
-1.09261912455	-0.044668947421	1.79366316557	36062.9343699	True	
1.32465772863	2.01174577447	1.80634141204	38271.6365219	True	
1.68739276723	0.432577199668	1.91608631371	49915.0847202	True	
-1.09012636952	0.541591946704	1.79518654243	36322.0577097	True	
0.540830785477	1.05457408032	1.67635106508	40609.6838703	True	
0.512153519277	1.51100120168	1.7923931965	37681.9778761	True	
2.12579607119	-0.498724931807	1.75652124469	36721.0913106	True	
2.14492348305	-1.56649378302	2.24652368604	31284.7077	True	
0.145541778663	2.50711634508	1.64020368166	43842.6592366	True	
-1.7539729698	-0.112869123403	2.11745402549	48959.6079356	True	
-1.14220159841	-0.71874568864	2.12235728019	73472.4109979	True	
1.34683919196	-0.791563238009	1.8846288788	38224.0455301	True	
-2.34650020677	0.611569296549	2.60154858854	36273.2720492	True	
-2.231265466	2.46240752436	1.84990754024	43259.5283123	True	
1.48676979444	-1.64351652372	2.12538993745	24338.2412077	True	
1.28054944179	-0.713440952232	1.7301644896	37751.2745693	True	
2.33175495825	2.30068879311	1.67334240226	40806.9494866	True	
2.37027357943	0.534158821801	1.72494974866	37883.5232415	False	
-2.33151506274	0.0280689508444	2.18505584649	25475.752863	True	
1.22208599809	-1.88993295991	2.35582413071	25870.8019481	True	
1.45886130114	0.950394753761	1.6431103634	43516.7630035	True	
-2.38180221436	0.989802692378	2.61519696951	34743.1043064	True	
0.567623853415	1.21955993662	1.37896861235	87715.1597588	True	
2.57551935473	1.08931320988	1.96558022356	61195.9324724	True	
2.80477620607	-1.47710464683	2.16211702959	32844.5886271	True	
0.286585282988	2.65540110411	1.66886036657	41195.4143307	True	
-1.48585018034	-1.6008733458	1.63380647224	68239.4798383	True	
0.515539630465	2.55105173893	1.84034536335	40451.281158	True	
-2.14400881798	0.146256928649	2.13291529387	25533.0165983	True	
-2.35618384967	1.8337073816	1.84557986776	53610.5772628	True	
-0.89340408463	-1.76574592272	2.49205113323	30862.4635522	True	
0.817252801464	0.964632410086	1.80276512194	38037.6010899	True	
-2.13646061329	2.3818430107	2.01941285691	27528.1931516	True	
-2.13675698729	-0.0818151085813	1.92594211907	32683.3050276	True	
-0.641986284479	2.68351631162	1.85528938217	40666.2076232	True	
1.03145817142	-1.72295694579	2.40173804523	28552.4656233	True	
-2.2013090829	-1.67141607689	2.2103855498	37873.2502168	True	
-2.13909813175	-1.3296372307	2.12411618987	27215.2284177	True	
2.78215756264	1.75950801423	1.78613276107	37552.8228356	True	
-2.30620467973	1.6418915594	2.06177092972	30068.6194458	False	
-2.42537355258	0.231748484205	2.42653268693	25530.7319904	True	
-2.30084444066	1.06903395668	2.33099897998	23375.9340354	True	
-2.44276354309	0.377091515457	2.26537501712	29395.1530661	True	
-1.92889134548	-1.40338259796	2.26194557031	23949.3887226	True	
0.0731210271296	0.846193221844	1.64972403915	42952.1352665	True	
2.59667568411	1.16140338222	1.81205444313	38524.6067716	True	
-2.49584718835	0.0499675776057	2.26737318899	35199.9582057	True	
-0.176291251339	-0.269417711578	1.83376802241	38177.5077905	True	
-1.06157256151	-1.46803325685	1.75588482159	43587.9346969	False	
-1.48771100619	-1.72818458346	2.43058871893	26254.3055011	True	
1.09394862072	0.534184088139	1.8359424268	39885.3697498	True	
-1.20403455569	-1.12533859737	1.69948276817	43786.2634813	True	
2.15585982849	-1.8423867464	2.09688522748	30830.0797501	True	
-2.24733937026	-1.08628263519	2.55395212586	32799.1086184	True	
1.56607032422	-1.90774759857	2.60241887018	35404.170267	True	
0.047154791694	1.15356672319	1.82822997738	39322.492862	True	
-2.10122164843	-1.26278891378	2.32570665521	23938.5950192	True	
-2.4428067002	2.31072616384	2.5166981016	27726.666548	True	
-1.60198519511	1.58182107505	2.02690501488	47480.2945721	True	
-2.5729235788	1.27462148283	2.85396618443	55319.4411585	True	
-2.00097551933	-1.0904526667	1.77292126293	46893.0951559	True	
-2.48973593753	-0.674602402132	2.65032443651	36363.0439535	True	
-0.528076464307	1.45659663904	1.90503188628	47044.948838	True	
-0.454560324439	-1.31114489535	1.7578426828	38979.5832815	True	
-2.23441290215	2.92361314299	2.19430984419	23758.9222955	True	
-2.45617059775	2.14390181752	2.45000584654	27073.9079327	True	
-1.31241823396	1.84647092694	1.74047792994	37424.8928672	True	
0.508558984333	2.64597764211	1.72293637369	37966.3737764	True	
-2.32196528546	-1.50078325491	2.45368052398	31185.8308382	True	
-2.16845455293	2.01189078139	2.31631612476	31008.9053227	True	
-0.0566599689958	-1.85304648641	2.30693384377	24505.948874	True	
1.91027446134	-0.214747410975	1.84134127643	39140.8317944	True	
-2.10009739017	0.283578118385	2.11700007692	26841.7468627	True	
-1.37615020617	-0.614725919855	1.55994734648	59647.2431333	True	
1.8771792932	-1.5887870032	2.09483434565	25435.2023992	True	
1.1690230068	-0.267435525179	1.89503917612	44232.2192016	True	
0.0672852691331	-1.65923011749	1.84076787957	40448.0279599	True	
0.76831920017	0.89303583442	1.61118513698	47064.172844	True	
2.03412183915	-1.9648528921	2.60369015496	36778.9408051	True	
2.67402549354	-1.79839936989	1.85406595704	47387.0233782	True	
-1.07151599503	-0.0238260718754	1.62142545201	47588.3295923	True	
1.34047561023	-0.588574658385	1.67654232983	41389.1264486	False	
-2.36160567482	-0.731818633534	2.47187312267	25741.8676912	True	
2.7186792375	-1.54322854605	2.11202247589	26927.8653616	True	
-1.99988427697	-0.569570494355	1.83385806135	36920.0607574	True	
-0.455564393755	-1.7049036182	1.99605137233	30192.1618533	True	
-0.692205809473	-1.55701551751	2.02935898079	26489.5907024	True	
2.94195769097	1.56269857133	1.74080717183	37460.4742906	True	
-2.34845930281	0.385070336678	2.37150140215	23402.0954471	True	
-1.91216259837	2.68612392067	1.94643448441	30708.7991942	True	
-2.2753784784	1.76463526673	2.28419572751	23300.8220869	True	
-1.24986948041	-0.702285372748	1.71975192293	39401.1091129	True	
0.308148193544	-1.73814925746	2.35895422353	25390.4646258	True	
0.222114700044	-1.97692798568	2.1656952133	39321.7657792	True	
-2.22437452637	0.592900982748	2.34383833418	27537.8856036	True	
-0.428362056896	-1.5653275032	1.94859984987	29503.3401546	True	
-2.35478353406	0.318873977863	2.11309020391	30085.9640896	True	
1.19642201018	2.54039205769	1.92205153764	51709.5464493	True	
2.19471813462	-1.6794995742	1.98352735261	29814.2323072	False	
1.35573882663	2.54491160547	1.88687741392	45837.7869263	True	
1.24975385053	-1.66082926395	2.10157059749	24588.058707	True	
2.35342960191	-1.77205311045	2.20772640185	23401.319469	False	
-1.63944854536	1.46703408053	1.91987352242	35510.4755063	True	
-2.50855057807	0.250880834643	2.32919059829	34034.1440658	True	
-0.0124346530034	-1.8450715467	2.21111038913	26002.7319551	True	
-2.34834905238	0.133018728115	2.39427590196	23775.6441052	True	
-2.29062227924	0.501454087564	2.20864866741	23551.8082418	True	
-2.1539008994	0.762414636291	2.32277415359	32812.6527088	True	
-2.40578151454	1.71918419665	2.40158421948	24516.5095847	True	
-1.90842584576	2.58995984193	2.01074321443	31779.9309495	True	
-0.91914957301	-0.956801416048	1.81874476533	34315.482889	True	
-2.28457792081	-1.29864152453	2.3127432097	25815.0647979	True	
-1.46122384332	-1.43331695686	2.21677762158	30881.16991	True	
-2.17240141679	2.72539624212	2.26130972929	27565.5400238	True	
-2.34395292343	1.60816984651	2.38881861493	23742.7508321	True	
-1.92110043233	-1.22908158204	2.24337039249	27805.0788096	True	
-0.0329308222307	0.374586479143	1.79572370699	37487.7479536	True	
-2.06079993236	2.82643649427	2.14488941011	29848.9664803	True	
-1.74094287083	2.77254104014	1.89516867146	33064.730431	True	
-2.06826682322	1.5369307466	1.9948163614	28282.7849573	True	
-0.0536896077547	0.796230624907	1.70030742401	39058.4874611	True	
0.43978745378	-1.5099362089	2.10515895219	28100.7116704	True	
1.92001833015	-1.88608602057	2.26742881804	26735.1423924	True	
1.50654586435	-1.71051866488	2.15885488936	23582.1479504	True	
1.90234266021	1.55579072872	1.72926845692	37753.5530751	True	
-2.13262263237	1.5366744375	2.1735845693	26830.3950726	True	
2.80606375556	-0.23839068265	1.86455062828	40975.0646965	True	
2.81197897197	2.97087645698	1.78755075129	37596.7829895	False	
0.841346803345	1.32831414978	1.58515502441	50376.8736388	True	
1.99680029317	-1.57692969212	1.92450479912	30878.2886985	True	
1.01769745134	1.56303067581	1.69173104715	39524.3380842	True	
-2.19033384297	2.77347465696	2.01009630649	28680.4394654	True	
-2.21478393616	1.81950947075	2.35833067907	29374.6068987	True	
-1.78804938886	2.71453954131	1.8619839686	32919.7490504	True	
-0.555493929335	-1.76875926873	2.17973904178	24116.7707639	True	
-0.616205759248	-1.77487919095	2.38775152378	24966.0950499	True	
1.1046253045	-1.61980590656	2.06842288366	25379.7209588	True	
2.51330996947	-0.705631276935	1.91237110868	41961.7757058	True	
1.54817074026	0.0187490011744	1.88313786923	43964.5636137	True	
-2.43924455919	1.1685472235	2.51458741288	27574.9093591	True	
-1.88600515259	1.23636812832	1.89408031477	31707.8477645	False	
-2.33195764493	-0.439715392412	2.39621952765	23853.6247479	True	
0.992375611145	-1.5607123259	1.95031969814	29235.2645953	True	
-0.232074424938	-1.88765996538	2.17969407809	30089.9136735	True	
2.36721791634	-0.553673706264	1.75993144039	36590.3775337	True	
1.32348754339	-1.77258007458	2.26883902332	22904.0613767	True	
-2.47967018914	-0.16693245017	2.79475897948	48639.8459871	True	
-1.06560436324	-1.73905533502	2.4475669343	28716.0225354	True	
-2.26757874628	1.64016734041	2.13362025069	25102.5360538	True	
-1.62534515623	-0.551737707937	1.84069790913	33531.4329007	True	
-2.18300338851	1.67136706861	2.3376296297	31038.3988161	True	
-2.32801292996	2.71912240474	2.08377816774	29946.0456171	True	
2.05256088782	-1.94328809518	2.33464918813	29628.4670404	True	
0.479994096428	-1.48007627876	2.0111693989	27905.2419345	True	
2.91554972806	-1.69950953404	2.217598123	23331.0983134	True	
-0.297098961577	-0.927219379119	1.82091794176	34717.9959888	True	
2.94156510282	-1.64692552969	2.13699899732	24210.8120639	True	
-0.945412106987	-1.49233901846	1.8036102945	39058.4511082	True	
2.85014237082	-1.88911040799	2.38443562756	25931.2877317	True	
-0.445175002429	-1.80421364679	2.14063229338	26730.5376791	True	
-2.24988992024	-1.36605604407	2.512098879	27731.7311155	True	
-1.32054755736	-1.65141188718	2.34873430228	26542.742194	True	
-0.929316968776	1.68379503676	1.78458324806	36668.0153755	True	
-2.27002432593	0.491948146477	2.13811285913	25050.9157806	True	
-1.99647634166	-1.1508014289	2.2823563717	28430.7007963	True	
-2.44694317711	-0.972726747779	2.57934307114	32330.451409	True	
-0.928301146599	-1.73999227098	2.41567164273	27147.6314755	True	
-1.44352948556	-1.60984933366	2.18431663957	23501.8720454	True	
-2.42682020483	2.11571457093	2.50525041052	26996.4226993	True	
-1.84544166279	-1.527398795	2.04056606807	28842.554915	False	
1.34312432079	-1.4169654043	2.13007887265	34999.6224593	True	
0.164563274952	-0.559554804738	1.83818187409	37340.8276674	True	
1.96083572202	-1.85512379537	2.27358094689	24908.4814574	True	
1.27392059711	-1.9250114277	2.44687875511	28513.4711822	True	
-0.91267268826	-1.38444450776	2.00923256107	29284.395102	True	
0.364612572246	-1.88316990992	2.28933198687	26149.2680345	True	
-1.01892878464	-1.85302087739	2.20462502892	27732.4453908	True	
-1.34764129484	-1.6994353464	2.15832100764	24177.920489	True	
-0.424624383946	-1.27230801122	1.85295796108	32598.7474599	True	
2.65663510378	-1.59948591396	1.95551915106	29506.1299877	True	
0.611546224208	-1.84887057525	2.12039632418	29998.3474921	True	
-2.14426062877	-0.306569824808	2.13141445289	25176.3091404	True	
-1.00446582575	-1.46415302734	1.97184409085	28305.0346502	True	
-1.86475415659	-1.57495064983	2.27569886719	22878.6328209	True	
-1.63014513366	-1.60208489813	2.02954772301	28773.7566982	True	
-0.342236869369	0.271018874105	1.82999106859	38794.4626511	True	
0.643322458295	-1.56084287502	2.20345615304	29130.2247529	True	
-0.815521565911	0.352876503393	1.7697587172	36703.8118421	True	
-2.40084593422	2.32694162165	2.38299233422	24284.0660693	True	
-2.37693623531	2.59876478913	2.11077332341	31622.0460321	False	
-2.32619182421	1.89714883334	2.29394769536	22937.7104974	True	
-2.17352700352	0.721537733635	2.10001091348	25398.4662984	True	
-2.28540421928	0.0165092735361	2.22405698515	23291.5854012	True	
2.47166839082	-1.6475650678	2.16562816355	24177.1473464	True	
-0.713545656136	-1.53411622494	1.93826034364	29777.9509238	True	
1.08464229416	2.61749431428	1.71394661691	38329.135251	True	
-0.136444091408	0.993799962609	1.80912854965	38122.4226475	True	
-2.04911956094	1.98562633181	1.97699907054	28829.3570386	True	
-2.27697128277	1.11980220884	2.15379623143	24653.7853748	True	
-1.99413543229	-0.848941046387	2.10043896134	27025.8851109	False	
-1.73036275608	2.3295322512	1.91469736185	33542.1982716	True	
-2.45022515464	0.18753563464	2.3754321823	27185.4289456	True	
-2.10947245307	-0.717106535817	2.06552341692	26091.5579055	True	
-2.49560951591	0.81629674919	2.44162897847	30107.5498769	True	
-2.23924463024	1.61931525201	2.09019530133	26105.5515939	True	
-2.32420999357	2.65202190511	2.35413100974	23347.8067778	True	
-2.2181905646	1.68669663068	2.19860298258	24038.2506808	True	
-2.2869773268	1.963126084	2.47675437043	30959.1000797	True	
-2.33278726514	2.48624602226	2.30447614798	22958.7399499	True	
-2.29793113233	0.189688875169	2.29933186777	22984.6230022	True	
-2.10435822396	2.21644382994	2.26433227535	33673.9769756	True	
-2.20465452546	0.32881191971	2.22896524866	24598.2429685	True	
-2.22114924229	0.647505476542	2.05780106991	27116.9540845	True	
-2.31079615005	2.72659658271	2.37541624101	24143.5552725	True	
-2.16353375838	2.09822664095	1.99863872229	28711.677068	True	
-2.26466220128	-0.565955394751	2.39141410022	25418.4303556	True	
-1.84530453761	-1.37116726947	2.29685969255	28382.2411458	True	
-1.99140337867	-1.56510867652	2.46849498187	27024.1692665	True	
-1.7559234278	-1.39323185163	2.12999875504	25048.2244283	True	
-2.13504427223	-1.35031829695	2.36127532827	23531.2583306	True	
-1.93936299992	0.195952143484	2.00226204422	30228.6856495	True	
-2.02906825365	-1.38409338608	2.3263201169	23892.3304706	True	
-2.38869306675	-0.100989875026	2.40592794546	24304.4606458	True	
-2.15161515811	-0.344592862268	2.29416462884	29017.2980814	True	
-2.28045109374	-0.895095777037	2.25832761661	23464.8491641	True	
-1.70456664167	-1.45387641848	2.1322994126	24610.2646594	True	
-2.11512938713	-1.43594029676	2.31100699832	23235.1245488	True	
0.111727496358	-1.63803288053	2.0996280664	24692.7275563	True	
-0.546518118339	-1.75577589463	2.27171049715	22903.7272549	True	
1.55106677225	-1.63918362732	2.04163766615	26182.6101716	True	
-0.582260875448	-1.73455245129	2.28969417033	23285.9326917	True	
-2.23483397531	-0.484063584267	2.16651130946	24040.0544721	True	
-0.302469331192	-1.77836502195	2.30548832465	23103.3750387	True	
-0.653576834254	-1.88049149873	2.29276772165	26343.5208114	True	
-2.23899255092	-1.01573705657	2.24893202817	23230.7102822	True	
1.67401100849	-1.81002476932	2.29271734884	23284.2742704	True	
2.48119982657	-1.6920203272	2.21598841979	23466.778564	True	
1.5009670883	-1.76672900976	2.37737230301	25080.9385091	False	
-0.0219051865682	-1.88465589107	2.28961788547	26295.1001327	True	
-0.526140665568	-1.70655215356	2.08555189465	25696.2779227	True	
-1.95309479783	-1.08908967746	2.00483895043	27697.4555174	True	
-1.59817007583	-1.43561932634	2.0981978828	25617.237171	True	
-2.31812845244	-0.987848582682	2.38192443607	23902.2100339	True	
-1.10221547169	-1.80419912091	2.25345155786	24176.9155099	True	
-1.5726297515	-1.68862248083	2.29293037023	22961.0128008	True	
-2.37557348101	-0.061679372914	2.44752606576	24931.5177269	True	
-1.94234883185	-1.49458634908	2.34786521569	24164.3306212	True	
-1.7511655154	-1.58023487109	2.20095762957	23207.766941	True	
-2.41717822094	0.076399039146	2.36562281034	25270.6824162	True	
0.437396719651	-1.70275288709	2.29789225586	24694.1457633	True	
0.04230858527	-1.64732986131	2.21142515785	24649.7244353	True	
2.04286091377	-1.50853808497	2.19283931698	32483.8646499	True	
-1.10405184605	-1.82776327286	2.48230924475	27824.8678143	True	
-2.24355257526	-0.816772210612	2.19880521639	23750.1967083	False	
-1.82915296875	-1.63993050689	2.34392053657	23395.7074033	True	
-0.187804004974	-1.73817163773	2.34936992758	24909.1787172	True	
2.56388201179	-1.67933542819	2.22524986105	23888.3842157	True	
0.33977045983	-1.73019553981	2.30532142069	23902.9308945	True	
-1.26358324155	-1.81611628265	2.2869851128	24528.1343097	True	
0.062011218473	-1.74991250122	2.24932088955	22879.323452	True	
0.662197647912	-1.7201038731	2.15742685309	23664.6893346	True	
1.43959726116	-1.7322149029	2.27555775112	23287.5172289	True	
-0.340219613805	-1.86195751079	2.32163670042	24851.6435752	True	
-0.449295953804	-1.89808599252	2.44088459939	27327.4792233	True	
0.518809658439	-1.71993921318	2.13971857285	24055.5294128	True	
0.514659658582	-1.75794864726	2.22121611442	23036.7024087	True	
-2.00241237453	-1.54703418272	2.36353035054	23596.6847176	True	
-0.165219463436	-1.75716524217	2.15406488298	24408.9974377	True	
-0.493927742521	-1.78205743653	2.2266575719	23428.2574112	True	
-0.00482056292461	-1.70894678415	2.15214915699	23706.290625	True	
1.72118795721	-1.78391146572	2.17410676982	24477.1138328	False	
1.7868523031	-1.90979484359	2.39453964905	27018.4168666	True	
2.26799631542	-1.8116318782	2.272103921	23412.0403972	True	
2.69362230077	-1.80770388367	2.36592800412	24011.4898038	True	
1.01618383233	-1.69409894748	2.17423438653	23433.3135524	True	
1.65169577323	-1.79166051018	2.19435726043	24165.8359955	True	
1.47471836756	-1.76200969278	2.20005021051	23363.6360459	True	
-0.356647567023	-1.70417132906	2.24709480009	23382.91593	True	
0.788213446217	-1.84046471933	2.3136724025	23973.4858344	True	
0.549001001193	-1.81207325345	2.16249638883	25975.1461488	True	
0.555027118945	-1.78776768108	2.21094215494	23697.756474	True	
1.59347088533	-1.7115333275	2.10170466822	25026.9228561	True	
1.06005185856	-1.70493554614	2.2559195067	23626.3619576	True	
2.68377769581	-1.76157268676	2.28553024056	23007.8547327	True	
1.61513044393	-1.84606391043	2.16389632623	27700.9093898	True	
2.94638522334	-1.73778761663	2.27375578754	23163.511562	True	
2.43331961838	-1.73781096782	2.23010328326	22932.4372132	True	
1.65685493804	-1.76804166035	2.15982679388	24434.1919184	True	
2.96483734172	-1.56623169242	2.15048272704	26828.6451994	True	
2.84208959932	-1.73120890103	2.22982344448	22967.5313509	True	
1.7226039962	-1.81067126534	2.27517290814	23368.4923559	True	
0.971934006127	-1.87987442209	2.3037918043	25709.8611605	True	
0.17091468166	-1.73563443751	2.36691926713	25829.9629135	False	
-0.14313134986	-1.68316503246	2.19757323553	23477.2382443	True	
-1.97535649987	-1.55740132868	2.2966012132	23114.881221	True	
0.127264346806	-1.77962136869	2.26900118619	22951.6933219	True	
1.1612243268	-1.59116100843	2.08285763506	25453.7051593	True	
2.21044544215	-1.86065238477	2.31880236459	24654.5475985	True	
-0.803575418529	-1.69328934534	2.24286061571	23346.2573129	True	
0.468941966706	-1.72555620148	2.22222498655	23004.4755675	True	
1.09357435049	-1.83069722355	2.33722520284	23783.5197048	True	
-1.97542223486	-1.48183235148	2.26140823253	22881.9984456	True	
-0.543187636412	-1.68028869585	2.26926694807	24442.488654	True	
1.17731713511	-1.68084833525	2.13877606423	23889.6693565	True	
1.11732370819	-1.59192173197	2.2198074335	27872.4231097	True	
1.25078008806	-1.65897037542	2.10557401885	24507.9466675	True	
2.76868569913	-1.74541285804	2.20179690215	23147.0640853	True	
2.4038821332	-1.7293163675	2.19345793384	23165.8971023	True	
1.19581270814	-1.739138048	2.23716433106	22920.6347512	True	
0.324691434662	-1.81998444523	2.34430027095	23699.6444069	False	
-0.245162046594	-1.76029731166	2.27874230571	22939.5125885	True	
0.801824543185	-1.55949436564	2.02882383001	26572.4848562	True	
0.799054726883	-1.61833209317	2.20759482733	25908.7453571	True	
0.604471118197	-1.67429053909	2.14971380681	23790.6379715	True	
0.661854595275	-1.80210842641	2.22346596621	23839.2926255	True	
-1.31501823649	-1.74078196112	2.30853403049	23096.9159535	True	
-1.92902050733	-1.42364538853	2.21681796141	23286.4507194	True	
-0.729157283434	-1.75516803486	2.34983220328	24124.1510287	True	
-2.22795061125	-0.947343853423	2.27742074614	22905.7336767	True	
-2.19538449321	-0.502642090972	2.15626301823	24159.8957092	True	
-1.66047959153	-1.58061369131	2.15821798905	23727.2608145	True	
-1.61563323919	-1.7243035757	2.31215588258	23303.6322433	True	
-1.5199167806	-1.61566660968	2.14126890254	24002.1460333	True	
-0.502267494289	-1.73280771154	2.1995934006	23145.357353	True	
1.01096604101	-1.71822251578	2.15612679777	23672.9752626	True	
0.505291348335	-1.64401272049	2.16303737559	24230.1209915	True	
2.28096898516	-1.80788256862	2.31260046831	23289.4543803	True	
1.91634507631	-1.75427744725	2.15831999509	24139.7416387	True	
2.17850426315	-1.74795244056	2.29218204171	23250.8010795	False	
1.89714712162	-1.71129710678	2.21112782636	23143.9002078	True	
-0.297459963593	-1.74019847314	2.18127523775	23460.2060295	True	
-0.0305461175019	-1.68051194802	2.20921086475	23606.8984405	True	
-0.583844329922	-1.65714578605	2.18198792518	23801.4060466	True	
-1.60143717915	-1.60608133831	2.14902101717	23925.8058655	True	
1.00881425245	-1.74822475082	2.34628260535	24562.1638664	True	
1.5225806383	-1.77659295035	2.26772621261	22922.1265127	True	
1.83246613219	-1.68944107452	2.26740564706	24392.7468741	True	
1.62619850491	-1.783925417	2.24386129399	23121.3651322	True	
0.140331950307	-1.71222229965	2.15757355735	23620.4052585	True	
-1.83031941834	-1.62091173389	2.32254190213	23143.3533317	True	
-2.28518287364	-0.283703190661	2.31257876688	23138.6156431	True	
-2.353057972	0.0868594406622	2.32882555408	23236.2849624	True	
-2.3376912571	-0.204868476898	2.27219848751	23527.9722809	False	
-2.19096790287	-0.879505839298	2.16206683287	24065.8988869	True	
-2.29080602637	0.433162322378	2.18255174897	24153.4898915	True	
-2.3258719338	0.713255330474	2.28269240549	23001.5152874	True	
-2.32289796885	1.21630684139	2.26204916641	23144.3764081	True	
-2.28172089538	1.17014014912	2.26638704556	23068.3232016	True	
-2.30031315891	0.168936744336	2.32369533696	23187.988706	True	
-1.77099645632	-1.50738535797	2.20098988889	23478.3079634	True	
-2.30264201026	0.430353608919	2.21843136176	23545.5256914	True	
-2.35754670902	1.19360780473	2.38012200265	23519.1424953	True	
-2.26182605661	0.521642289431	2.30649792962	24003.3058334	False	
-2.3186026581	-0.122704631505	2.32435820178	22983.9546002	True	
-2.30302305431	0.431404027477	2.31616021996	23091.7335366	True	
-2.31183770445	1.20826000521	2.40109656775	24940.8305836	True	
-2.32458475581	1.27264615396	2.24934812398	23348.5947904	True	
-2.31496798536	0.778976650004	2.3771562604	24029.8560635	True	
-2.23518581846	0.922143339991	2.12327379932	24936.8006698	True	
-2.24103803115	1.39442692307	2.20962927174	23608.7599512	True	
-2.32658273989	1.87939326703	2.22978405346	23760.2538273	True	
-2.36623455708	0.961925504732	2.29479055142	23739.5718754	True	
-2.29264725131	1.58171997517	2.18140336257	24171.7012237	True	
-2.24952044519	1.23820383007	2.19096002368	23648.7241587	True	
-2.25310479373	0.357351870086	2.22963093827	23356.8708748	True	
-2.2716580892	-0.422190682397	2.25222309077	23007.8291922	True	
-2.23964086024	-0.311825903384	2.25645922008	23436.9333994	True	
-2.35688248997	1.3583374321	2.35774971712	23283.452218	True	
-2.27966537324	2.4903578551	2.28419907345	23214.1646484	True	
-2.33463318674	1.55351412665	2.33223427738	23024.6196869	True	
-2.31133121499	1.85923179897	2.27926451877	22918.7308245	True	
-2.33713782873	2.0239158804	2.28751557409	23097.565291	True	
-2.32684108576	2.49862939964	2.26939767533	23113.298789	True	
-2.31384588737	1.88978163963	2.34196812105	23311.8275094	True	
-2.34644580964	1.12159501446	2.29176242361	23237.2634586	False	
-2.28736530764	0.159658472442	2.22973211707	23217.9454265	True	
-2.0771425616	-1.27835643473	2.1537895142	24237.3082765	True	
-2.20322798744	-0.633198022617	2.18647105443	23688.4259616	True	
-0.646504582868	-1.72438128787	2.23444039493	22947.0197516	True	
-0.833758804792	-1.78312063353	2.37039851001	24163.079168	True	
-0.894073273568	-1.67705825179	2.16407240621	23529.6813761	True	
1.52172206486	-1.69991767708	2.19969846263	23279.4321286	True	
1.12940466427	-1.71549278596	2.28870919396	23982.853389	True	
1.84427868666	-1.71196097353	2.18244726276	23277.9674253	True	
2.50793318646	-1.73028004077	2.24749029707	23030.3116379	True	
1.69273040972	-1.71185320792	2.1743957864	23364.1879997	True	
2.115431658	-1.6946119794	2.17624492599	23417.1612518	True	
1.4358484299	-1.69496516677	2.20108342467	23347.8267598	True	
1.78978364692	-1.73669447585	2.26464312319	23079.2196857	True	
2.17510911892	-1.73527656439	2.18348390131	23324.9140554	True	
0.922888264802	-1.70582472015	2.19530117956	23224.8622572	True	
1.70964101384	-1.73864808708	2.1899057131	23255.5494158	True	
1.48999115731	-1.7968393143	2.27779203868	23106.2958559	True	
0.416675824268	-1.77561145081	2.23576239143	23090.2574941	True	
0.939938960387	-1.76992484498	2.24196529937	22966.6555043	True	
1.38163290088	-1.75353162806	2.25065931634	22876.5823575	True	
2.35226156742	-1.74469891544	2.21261451463	23027.6910927	True	
2.27785849817	-1.69087644591	2.1878318164	23407.9884047	True	
2.1866203721	-1.73239998287	2.30550537282	23874.572331	True	
2.51986612718	-1.76751066251	2.29401902796	23049.9107569	False	
2.24457919624	-1.75613502754	2.20418779269	23217.7821819	True	
0.917048203676	-1.74047824103	2.25672471676	22968.9067388	True	
1.6108506768	-1.79305067733	2.31047483324	23164.3551561	True	
1.46149696113	-1.75005618386	2.26539751259	22939.2779675	True	
1.11055818091	-1.67634475158	2.1410956943	23875.656749	True	
0.202722723508	-1.69065472736	2.1621742506	23553.218054	True	
-0.550178347823	-1.79479152059	2.36747233794	24060.7777507	True	
0.0450065692309	-1.7810917396	2.28409156644	22973.8963746	True	
0.0309696905018	-1.73979745887	2.20780257396	23062.0154476	True	
0.655510851112	-1.7100825536	2.20163201114	23165.8453842	True	
1.91937598665	-1.76962326009	2.26152680169	22892.2523618	True	
2.3125591163	-1.78447614567	2.27144005409	22976.2951846	True	
2.69243214058	-1.70744617094	2.21019701017	23188.1635325	True	
2.44990960574	-1.7595750092	2.29303007629	23105.4817696	True	
2.7755471851	-1.82207857652	2.36800439714	24072.1910201	True	
1.88746785258	-1.78078747953	2.24255542274	23086.3138027	True	
1.51640652498	-1.72498003012	2.23187823493	23023.2200695	True	
1.62949534881	-1.79071086424	2.30806095926	23136.9171666	False	
2.74760328039	-1.78196969885	2.26505711257	22966.5419474	True	
1.12742444755	-1.79697868599	2.31203416894	23194.8389761	True	
1.50719010895	-1.77241016039	2.34039527344	23782.7200655	True	
1.48731766593	-1.72825496581	2.31355431517	24220.9802841	True	
0.462851596762	-1.76618940891	2.22968688155	23034.3023988	True	
1.35936395285	-1.77885545321	2.29817725371	23045.4098542	True	
1.84638616375	-1.73412413845	2.2657880137	23129.8057332	True	
2.48002362631	-1.70554619222	2.1975679842	23222.2958226	True	
1.48752112893	-1.78547207215	2.29405905914	23025.797232	True	
2.19475779811	-1.76284723883	2.29275781499	23071.1527699	True	
2.29481404702	-1.82603908897	2.22761080212	24568.6717972	True	
1.49000809145	-1.75200104844	2.24172208605	22884.8748275	True	
2.60682210128	-1.72891313667	2.2670422515	23236.1596711	True	
1.44290538407	-1.76820733423	2.2647735184	22888.5439956	True	
2.61009427019	-1.73299924636	2.26218367704	23110.2905906	True	
2.96429616703	-1.79103988882	2.34939638101	23747.6731385	True	
2.44252929692	-1.75576924393	2.26967521871	22926.9938738	False	
2.16923910799	-1.75949548632	2.28640679822	23032.5433298	True	
0.493489219402	-1.76042899309	2.30955828958	23327.6188921	True	
-0.2070788936	-1.73088233813	2.22418023078	22958.1360294	True	
-0.643538725087	-1.66874212105	2.18186926663	23570.4732925	True	
-0.376652637359	-1.7492115992	2.26363846078	22902.2333734	True	
-0.303689669626	-1.77031271396	2.22187973391	23230.6200153	True	
-1.29539457241	-1.74698932709	2.30361195856	23069.0769059	True	
-1.24705845155	-1.66889123592	2.26768119064	23568.3415841	True	
-2.03331678405	-1.38368316221	2.24960484831	22950.1354072	True	
-1.23948373911	-1.74198317309	2.27181526316	22935.9126459	True	
-1.30257618303	-1.750258023	2.29921576723	23066.0753888	True	
-2.08952751879	-1.39505914368	2.31238673163	22983.3898688	True	
-2.08443531324	-1.22096588229	2.20504935873	23340.4297316	True	
-2.27043030773	-1.10779327755	2.33922998777	23362.356857	True	
-1.58147095587	-1.70415828753	2.25119912196	23190.48952	True	
-1.09714440251	-1.72164275449	2.26233134188	22913.3977042	True	
-1.06931798777	-1.70706304798	2.2306239584	22950.2936424	True	
-1.98714229829	-1.51912298095	2.34352493411	23365.6973042	True	
-2.30721243257	0.881303363098	2.26753217719	22959.3030035	True	
-2.31567928329	1.26503261808	2.3088106273	22939.218913	True	
-2.29140714193	1.93599734218	2.26544681925	22986.2929196	True	
-2.28111984863	1.93223479554	2.29872070082	23347.5973026	True	
-2.36008286316	1.52645463038	2.34070444481	23254.7954227	False	
-2.30816763494	0.414781116413	2.26517948905	22986.6740534	True	
-2.33600444952	0.592333343891	2.27449493779	23241.7468049	True	
-2.32068432215	0.72948112146	2.34399681542	23221.4165712	True	
-2.31408300116	0.247643844651	2.28316427388	22926.8119543	True	
-2.35310540846	-0.315161032625	2.35274049049	23388.5361889	True	
-2.27965640601	-0.791934696142	2.31362678199	22939.7476353	True	
-0.989540531696	-1.74238099352	2.30050446617	23135.2853153	True	
-1.81486674112	-1.59216050426	2.2622558445	22875.5650478	True	
-1.46627587229	-1.67057692528	2.2276378278	22953.4024243	True	
-2.10152717742	-1.38850835834	2.26120727174	23091.6595383	True	
-2.30090757262	-0.723175543906	2.29545995766	23062.9292348	True	
-2.17221640932	-1.2699454066	2.32488925698	23034.4605133	True	
-2.22065513599	-0.897445789719	2.27573030219	23009.5301072	True	
-2.30143351312	-0.809941269076	2.32252619588	23092.9078463	True	
-2.29796001875	-0.236351582284	2.35861885437	23710.13097	True	
-2.23707837557	-1.13263117371	2.35471689731	23285.7892952	True	
-2.31409445847	-0.428596394987	2.34257610423	23117.9968423	True	
-2.29652587373	0.365451372578	2.2670837313	22950.7161659	True	
-2.31276862378	-0.0616102563481	2.29120994938	22914.6449523	True	
-2.31134758729	0.223911874632	2.28568770624	22909.6855824	True	
-2.29131856313	-0.690939268086	2.30880809759	22929.4128592	True	
-2.30928007093	-0.562924448184	2.31187117711	22972.3735041	True	
-1.762117392	-1.60231360519	2.21215206138	23195.9285762	True	
-1.77448345315	-1.62825934655	2.24661718525	23045.9363236	True	
-1.47517455475	-1.67462542195	2.23346860555	22927.453556	True	
-1.78468105314	-1.62509128766	2.28021257757	22904.5806389	True	
-1.91140591072	-1.57207236405	2.28307536645	22945.4977451	True	
-2.03907676572	-1.47807387874	2.33256215932	23166.1913187	True	
-2.24078133125	-0.659367170785	2.20162139644	23493.0276719	True	
-2.28549460485	-0.0213042262334	2.25312049288	23011.6510484	True	
-2.31433404438	0.400148776748	2.2989251792	22905.2652319	False	
-2.30120783036	1.36964997299	2.24449615482	23110.7801399	True	
-2.33077236895	1.50400205327	2.30911486267	22942.8587078	True	
-2.27212747197	2.33926703814	2.23012164331	23212.4723697	True	
-2.26532496195	1.68316252247	2.23427160562	23249.0345352	True	
-2.31811420317	0.889993370854	2.27739164114	22961.3732096	True	
