Parameter 1	Parameter 2	Parameter 3	Potential	Equilibruim
2.61856534862	-2.52819949984	2.11581725649	144649.071041	False	
-1.09739929647	2.00642182646	1.51017733752	64058.5318313	True	
-0.460883776281	2.65136940579	1.80465010327	37752.6536938	True	
1.66771972105	-0.362312722423	2.16141406371	123547.1187	True	
-3.67566671061	-2.63728676623	-5.66562576281	373683.64694	True	
-0.463892298793	-0.269650011103	1.87846421888	41314.8241312	False	
-1.46560705123	-1.81058222264	2.07631367847	34030.419112	False	
-2.30413793659	1.65432486399	1.82765814136	51018.604218	False	
0.545086746169	1.83273902607	1.85429543817	41745.5303149	True	
1.71580971763	-1.23210505474	2.08511554614	44172.0225343	False	
1.83466882048	-1.21861158195	1.80133888232	34807.5208726	False	
-0.63711920149	-1.46114655707	2.21242556897	36700.6057819	True	
-1.65047132354	-0.922404746814	2.176830519	49556.4515384	False	
-1.99191302291	2.71710972925	1.61916648493	60742.9325754	True	
1.98302967493	-1.79888484104	1.76302453428	57775.2031558	False	
1.0318974448	-1.99915381126	2.44991039529	34225.555183	True	
0.925521704534	-1.67932378414	2.32644062252	27189.4056113	True	
0.738377323103	-4.20862733267	-0.482210180737	309755.113531	True	
-1.20058074752	0.434650854677	2.00731261884	58446.9589409	True	
-0.321151322534	2.33488065795	-3.30429700788	313969.75417	True	
-0.740370432579	0.686741298145	1.42650688603	78813.9368166	True	
-1.19430966354	-2.46349603105	2.26485981894	127318.53172	False	
-0.875478954795	-0.593287656311	1.71184063202	39095.0133152	False	
-1.94888381303	-1.04318658232	2.06986054458	26479.3315364	True	
-0.357324817401	-0.584535862202	1.65215123728	43956.8469838	True	
-1.74258252633	-0.666696860732	2.28880893275	74308.0900388	True	
-0.66436144713	0.202892736947	1.96865509111	57134.3864835	True	
-0.416407485857	0.531343985566	2.05464181551	85369.1956701	True	
2.5065316913	-1.17433055975	1.76108153983	37097.0055431	True	
-1.49162146948	2.4284874169	1.96224570605	42933.7724751	True	
-1.97041927459	-0.869419021551	1.87639662308	34048.5231175	True	
1.62887569017	0.855924237983	1.73837227839	37498.1546039	True	
-1.02810948639	-0.765160729529	-5.43974298891	314052.47815	True	
-1.35307572086	2.15332401201	1.77744628992	36012.8441436	True	
-1.71545778902	-1.23279964229	1.89900324257	31713.948628	True	
2.64067434749	1.67093542649	1.88906350076	46144.4355707	True	
-2.13990523738	-1.96684853836	2.47634193309	52140.5159483	True	
-1.66479385638	2.20117884858	1.71051375413	41357.1352703	False	
-0.418164477972	1.43187559365	1.69685437826	39308.6829434	True	
2.18847247617	1.04982444472	1.95475073091	58528.0874039	True	
-0.742734200433	1.42542137957	1.50690604461	63487.116387	True	
-1.3390272888	-1.53776765253	1.87596578881	35460.988131	True	
-2.60267474659	-1.33726769579	1.85049467051	99165.6842151	True	
2.21765826168	-0.201442818441	1.31623244063	102093.206611	True	
-0.522443188798	2.23013705932	1.75586789944	37094.6392384	True	
0.781312175317	-1.1813822753	1.91611047699	33212.1438785	True	
-1.29367934423	-0.640541267935	2.14619337425	77363.5385017	True	
2.96354059087	-1.12699604523	1.24924150088	121953.704356	False	
-0.607408634841	0.88151888931	1.97320952431	59896.9872819	True	
0.557555376937	-0.993717244613	1.86604316914	34769.8925765	True	
-0.688430042955	-1.28354417381	1.87792006547	31750.443305	True	
1.50160786243	-0.45522836655	1.74568912557	37050.40815	True	
1.33712071966	-1.94370755938	2.25012247561	31831.1325402	True	
-1.40959757007	2.04240473286	1.41542938896	84458.9636646	True	
-2.36120400467	-1.20604020366	2.39217371255	27249.9909867	True	
1.76722137322	1.13636323487	1.63186187675	44667.7153784	True	
0.538648651357	-0.25356500019	1.84160320609	38969.022672	True	
-0.461050623761	-0.44531832994	2.02558175954	66301.4385935	True	
-0.577236962676	-1.98383698447	2.03624363008	49457.7349064	True	
1.00419058816	1.5821270797	1.35653049191	92500.0016433	True	
-2.57861181945	2.84740445768	2.63030298308	40893.1900423	True	
-1.3708769335	-1.34398840999	1.67987199611	51117.8035154	True	
-1.04661693681	-0.97792360348	1.82231642402	34089.7123188	True	
-0.216014056088	-2.11475746983	2.41256081159	49855.0026212	False	
-1.77146830319	-1.66410506861	2.76215671076	64127.5928115	True	
-2.13314090519	2.19074282028	2.0865619827	26082.7762221	True	
-0.55589932866	-1.76637664467	2.89277789153	105929.090685	True	
1.63461329989	-2.13179848919	2.02127574678	71510.4109739	True	
1.84815339884	-1.00592890513	1.75993319378	36510.7642506	True	
0.558692320208	-1.91988052994	2.05038294595	40553.437818	True	
-1.62231956293	-0.179066017566	1.93426286203	35438.1427144	True	
0.112042871673	-1.64926988454	2.5104490157	48458.1545803	True	
1.42395503792	-1.32373625167	1.89143567143	31325.4692433	True	
1.05861559774	2.83392854983	1.53586428026	57705.7019467	True	
-2.20838841505	0.427971465316	1.66482893266	65436.8630749	True	
0.222789937835	-0.637332041026	1.73700472881	37370.4262884	True	
-2.48028097467	-0.345343872798	2.02656000058	50635.4507915	True	
2.8316533441	-1.74059765847	1.68942736563	63021.9029463	True	
-1.37739792037	-1.83468997769	2.42152752315	25937.4672208	True	
-2.32302054133	-0.240216521477	2.39368466597	24013.0393542	True	
-2.26487365739	2.27618357957	2.24192276726	23249.8192667	True	
2.88664746995	-1.30354127785	2.14661202909	46541.6698589	True	
-2.5179489536	0.650496607344	2.25959098227	38038.6429488	True	
-1.01864498229	1.41448826047	1.71619621447	38447.1407406	False	
-1.9743672153	-1.61542386907	2.21003392472	25910.3080184	True	
-0.825763397352	-1.60069490801	2.37414934591	36155.126904	True	
-2.07105219296	2.62866153044	1.40838798334	101733.313434	True	
0.415355348114	-0.804863578672	2.04151647743	61326.0803252	True	
-2.521971588	-1.54131063658	2.18649106452	65134.2448631	True	
-1.69974533953	2.36362715617	1.97910595369	37712.0766856	True	
-2.21170381644	-0.369581697288	2.07989228877	26340.7034279	True	
-2.35953472839	-0.39456402238	2.18019289191	27685.5004814	True	
2.22823123859	-0.161236795434	1.71783710854	38180.3662048	True	
1.45868269569	-1.80233539925	2.13996405988	26397.304604	True	
0.0532622995291	-1.23964529814	1.79223062694	35472.6336435	True	
-2.32078012499	-0.132295906146	2.23411091738	23754.8832591	True	
-0.293598007204	0.844070923764	1.75163845673	37185.0874027	True	
0.764831227395	-1.86439820853	2.44781207964	26538.1891829	True	
1.17199059761	-1.79354470996	2.46217864096	28284.4785378	False	
1.71853546896	-0.733438975595	1.83340341305	36217.4453084	True	
0.204276825127	-0.761174683988	1.90176705887	39864.4902016	True	
-1.48960782217	2.68177619458	2.14809637621	83601.3241862	True	
-1.87622700269	-1.51458299752	2.2435790698	22977.0086577	True	
-1.59046340675	0.675547680562	1.79822866936	35135.4130743	True	
1.4378226998	2.8347458226	1.83195289317	39844.5449029	True	
0.0362066583899	-1.61486811771	2.52084060529	56537.8967172	True	
-1.6912766595	1.52307897542	1.67401650619	45587.7533912	True	
-1.95200259861	-1.63137977489	1.91197203541	46146.794848	True	
2.91251640212	0.786326608184	1.56153913017	53778.3216894	True	
1.3783427525	0.649920056858	1.52517110803	59562.2600862	True	
1.12524598285	-1.93621901308	2.71368994299	45993.7326448	True	
0.176090640601	0.418550415028	1.65810567538	42217.7865308	True	
-1.15521685945	-1.17966150371	1.83180427907	33572.3538299	True	
-2.24616213043	2.01914962309	2.28782892697	24287.7400586	True	
-1.76206448223	-1.29207202123	2.21057068889	29924.3798067	True	
-0.640654205198	-1.78078519834	2.17240824605	24738.8667918	True	
0.910007587167	0.998733945229	1.79099225868	37630.2818866	True	
-1.84386676253	0.854953489835	1.91896820109	31707.0064787	True	
2.46942422023	0.506255037219	1.52438262823	59730.9929064	False	
1.79263485653	1.02288070935	1.99101414278	68032.7148991	True	
-1.46504194967	2.51947187616	1.55571425803	59128.1106642	True	
0.961287730309	-1.33041101038	2.19296972808	50540.4986456	True	
-1.22807841347	-0.624545962937	1.66541901794	44252.9746283	True	
-2.46833199856	0.669324177306	1.97131312813	52979.2250374	True	
0.081374452037	-0.344586202326	1.83848076275	38325.2408213	True	
-0.769661744915	-1.90231532038	2.4625056951	28205.445786	True	
1.34022687537	1.57649273196	1.73678748924	37547.7466676	True	
2.31083323028	0.300251045904	1.8325127622	39468.7349911	True	
-2.1538494612	2.80215573342	1.95966436016	30629.767374	True	
-2.20341079995	-0.54891138577	2.19229665271	23710.9400246	True	
-1.93361432044	-0.547956359013	2.0186526798	29224.9343832	True	
0.896682940906	1.03060038072	1.74506014533	37368.2207617	True	
-1.84845039137	-1.36718442784	1.74030240825	51629.9345239	False	
1.60885994473	0.292768928638	1.73652523471	37505.1279143	True	
1.86739933334	-1.37698589574	1.52689246838	71414.8198723	True	
-0.204074126053	-1.67335841515	2.2363247887	24129.6524427	True	
-0.430328584282	1.48612560294	1.44760657662	74041.6279518	True	
2.69792725087	-1.58344536656	2.32709277273	36113.7926747	True	
-1.83029365586	-1.70778521997	2.26728732154	24914.8211471	True	
-1.47067816132	-0.940207090839	1.82100007119	34110.6430242	True	
-0.449459391183	2.37938059231	1.6437782158	43681.7780654	True	
2.16014514062	0.866518314775	1.67675956413	40570.4563692	True	
0.0820254672101	2.01316228905	1.79627445169	37747.0395308	True	
1.05081820855	-2.0987324277	2.18169680526	55304.149688	True	
0.642266817957	-1.37706251628	1.86625612985	32098.1090626	False	
-0.339362770862	-1.91516491726	2.46014902333	28467.7343729	True	
0.114801804092	-1.19734359212	1.85498369306	32838.6499505	True	
-1.55056363268	-1.72033342918	2.22753808228	23722.7456673	True	
1.00381097695	1.39685009908	1.53018417875	58651.7258447	True	
2.47152226154	-1.63390842622	2.19946027226	25029.4739498	True	
2.7946721115	-1.83847257223	2.60718303913	37938.37823	True	
-0.980131646522	-1.66222523619	2.23587184535	23804.4897226	True	
1.18926980814	2.0231482504	1.78411537863	37500.8206655	True	
1.35243948204	-1.34320672946	1.88545390198	31381.1499796	True	
-2.21645694121	-1.10000491944	2.14627571056	26031.9213616	True	
2.21046007518	-1.442651405	1.84677814425	33701.5039647	True	
-2.04694932567	-1.37111160259	2.31293193308	23465.4765425	True	
0.18423366528	-1.63676771938	1.80892812082	42594.9587754	True	
-2.20383451789	0.108994217016	2.48802616529	41928.9381032	True	
1.50154204396	1.08005407334	1.54939708739	55592.6890305	True	
-0.439050454494	2.10700083225	1.87786540228	43580.5171124	True	
-1.12144781312	-1.51273516004	1.91856052213	31055.4651465	True	
-1.91682121265	-1.29552830141	2.27389212607	27355.3781218	True	
2.90150309883	-0.479360889482	1.6659096514	42126.1737365	True	
2.30546957421	0.446389464428	1.59463604787	49219.4456967	True	
-0.978429491509	-1.73535087355	2.37444033611	25262.5571792	True	
1.36490820653	-1.2608249721	1.70198600229	43428.4649267	True	
-2.29597716711	0.29464294178	2.27259042781	22938.5170308	True	
1.63455130938	-1.90756419413	1.9759929029	45247.6215549	True	
2.23853637875	-0.54204128095	1.83284045004	37308.6349561	True	
-0.367843121901	-0.665222518003	1.6897594323	40609.9124568	True	
-2.05057168907	2.44521188929	2.26406489501	39770.4463706	True	
-0.0318335404327	1.19662432702	1.76949984243	37178.2767301	True	
-2.03426872153	-1.02732094648	2.47366713425	48427.3572442	True	
-2.39159039697	1.60573429365	2.24609886945	26091.5654642	True	
1.63163905922	-1.7613639578	2.23267726299	22960.1886711	True	
-1.90983821916	1.70907177544	1.96332716866	30768.8868249	True	
-2.41688851919	2.18369372813	2.16988728634	31431.1756765	False	
1.83129780562	-1.82981675399	2.26768926882	23980.6829833	True	
-1.33129754201	0.808252491168	1.73834461381	37571.0075985	True	
1.60582362931	1.03938668529	1.65154546086	42694.0259659	True	
2.10395764052	0.405057686571	1.80233668264	37879.7833779	True	
-0.525795964993	-1.97757612649	2.2253664485	36871.935644	True	
-0.176129092492	1.51665343766	1.8324171452	39513.918191	True	
-0.582191125274	0.120791076767	1.7892515506	36885.5380036	False	
-1.5583771538	1.30523580153	1.70539999944	40890.7346873	True	
-0.0241155216053	-1.30179471482	1.76937495965	37699.4357236	True	
0.337105713717	-1.04988469691	1.75516020448	36923.3827783	True	
0.474223658465	-1.86390383584	2.21234028063	26968.3027618	True	
2.40977646937	-1.29953553264	2.22107962135	59458.2661038	True	
-1.16742117545	-1.92494073317	2.5253115815	31825.5697462	True	
0.564526858844	-1.47518977	1.9480087622	29035.1986797	True	
1.72453572317	-1.03240012647	1.68337402827	42740.5976114	True	
0.763793939288	-0.959492047191	1.81393074039	34734.3761758	True	
-1.65812445898	-1.6249345586	2.04949010414	28590.0952809	True	
-1.09741852118	-1.51120888444	1.97628776772	28164.2681923	True	
1.06232087098	-1.59647104481	1.9481345658	29866.8487922	True	
2.3187678523	0.699660212949	1.72129734503	38022.6886389	True	
2.80991389333	-1.06718713506	1.77761877505	35692.1294704	True	
2.64784296704	-1.57191120776	2.02658156617	26537.0227665	True	
-2.49551412116	-1.04171072235	2.51280116542	35358.8114159	True	
-2.55824825111	-0.479716001481	2.58187049709	38922.7290424	True	
1.33832911942	-1.93547450875	2.42672893855	28824.4288204	True	
1.04574899084	0.345564021757	1.6600090737	42017.6618665	True	
-2.04168041783	-0.66385702734	1.67352303913	57303.7174058	True	
0.545939946539	-1.88827247021	2.41729635477	26339.0450699	True	
-2.37781986805	0.467872851864	2.59471619896	33102.8039653	True	
-1.59952797048	1.37041767221	1.92482836297	36646.1702551	True	
2.39256659638	-1.6383213961	2.22174248744	25378.7860019	True	
1.35169216827	0.981026922776	1.5410639788	56914.5662645	True	
-1.89183679395	-0.531599807335	2.05582898321	31590.8331237	False	
-2.27345845044	0.226321099358	2.12737066849	25572.8908024	True	
-2.24936090989	2.95832644382	2.06381873169	27533.7637579	True	
-0.200448478171	2.55279250045	1.67772738625	40569.1685279	True	
-2.04649100358	2.06638249221	1.9877932567	28580.2222931	True	
-2.21710092906	1.34026373085	2.08860894961	25806.4357417	True	
0.381017248143	-0.843088608718	1.77483815588	35851.4677134	True	
-2.01726763885	-1.58569374814	2.35315993329	23803.5582631	True	
-0.77526172861	0.612049277075	1.73054596496	37676.4413068	True	
-2.30383511644	1.15936948612	2.09891544059	27837.3941769	True	
2.3649167776	-1.94450297254	2.69283915706	43651.9179028	True	
-0.584845248449	-1.73277891493	2.27207877238	23081.5760469	True	
-2.22985524062	0.340586929755	2.3412052737	26867.0807189	True	
0.332522378664	-1.81757269894	2.36827866175	24060.026802	True	
1.95366239183	-1.90957359209	2.18527250156	31390.4946167	True	
-2.36000539081	0.00101606579308	2.42045096339	24277.9249739	True	
2.14363912016	0.563701076288	1.80864453733	38222.3102271	True	
2.11495919867	0.60663929585	1.63537267124	44348.5389546	False	
0.166698001687	-1.46243868714	2.13192837165	31768.2172463	True	
2.18579682554	-1.5336698624	2.29783575589	39159.7505078	True	
0.371014770531	-0.353925317002	1.93375423692	49209.0355009	True	
-1.00454794528	-1.85630159478	2.48479046775	27990.4055969	True	
-0.717552098236	-1.76356649294	2.30363584092	23101.8116931	True	
-1.45018740155	-1.40027230981	1.9200979035	30551.5209864	True	
-1.89176095144	2.100797307	2.03022897045	33277.1218096	True	
1.21040025634	-1.34409855705	1.9609255832	30646.5258856	True	
-2.32985579419	1.2048823079	2.12175591925	27931.8675993	True	
1.90210512601	-1.72589451547	2.08608308231	25926.5671937	True	
-2.57074203678	1.52440293568	2.37581353323	40751.9856062	True	
-2.37637225423	1.80602423937	2.32702236992	23681.9249119	True	
-2.10745830684	-1.52568645823	2.18951272288	27612.339205	False	
-1.99273907683	0.23388589747	1.87448253166	33004.629312	True	
-2.03212649404	-1.24183128922	2.05972870206	26752.5048797	True	
-1.48612885912	0.218695309665	1.77015527779	36214.875782	True	
-2.09803739681	-1.00632445667	2.10636714869	25028.2703645	True	
-0.527858918249	-1.57285539091	2.07969076054	25615.1494519	True	
-2.43370381465	2.34085076126	2.30892249674	27031.6525368	True	
-0.0832212500545	2.29057697314	1.65477147153	42472.2697066	True	
1.44178236242	-1.94374499872	2.41703513812	29296.2653401	False	
-2.37060339787	0.901236078921	2.14666786624	29116.870134	True	
-0.404649121042	-1.36058712433	1.89645368037	30958.694495	True	
1.06412885591	-1.58137237334	2.16466320021	26489.1269534	True	
1.15380450303	-1.69465786106	2.35715141251	27830.6163135	True	
2.03535256874	-1.59141989634	2.00487969206	27178.3017568	True	
-0.264837759908	-1.83757589756	2.26891078939	24375.9658958	True	
0.290340167893	-1.73123986907	2.32796293297	24517.2015908	True	
0.265306030131	-1.91207036143	2.41725244057	27400.6284504	True	
0.479577447333	-1.56531940866	2.15894422769	27058.7753561	True	
0.716739736554	-2.02918971423	2.66728745554	44813.5538248	True	
2.24445281585	-1.73106992477	2.10250422247	25410.2042171	True	
-0.504905159326	-1.2159864351	1.98372826509	34462.984876	True	
-2.01354505453	-1.60713382759	2.18347143879	27622.9986565	True	
-2.31930925186	-1.07934261993	2.38178079845	24309.8765404	True	
-1.99813553614	2.79159054455	2.03274672696	29313.9433992	True	
-2.33108360795	0.314381144552	2.27277538278	23198.8223255	True	
-1.55284735208	-1.58802202785	1.983156965	30519.3143177	True	
1.48274498281	-1.67545007846	2.29697701117	26063.8574274	True	
2.89687236117	-1.63267488643	2.07235117282	25258.9284545	True	
2.45167644392	-0.353916785533	1.78203484612	36646.7389974	True	
-1.97783680117	-1.56607835875	2.39348132359	24253.5330381	True	
-1.98400752329	1.36706191593	2.04288981938	29965.8778846	True	
-2.34273996802	2.23039323958	2.24866097203	23800.4680394	True	
-1.29155354115	0.430928016205	1.85761439331	37001.5032332	True	
-0.419663556669	-1.46641920591	1.93354439404	29530.3571984	True	
-2.37564671394	-0.12191079778	2.28587335411	24577.8973558	True	
-2.26892825993	-0.911957571153	2.3652304833	23495.759144	True	
-2.40158844473	-0.268193074036	2.37771516477	24750.0566468	True	
2.02575191544	-1.80998792196	2.38053468336	24356.1098353	True	
2.29041810512	-1.70300555081	2.21437847834	23258.0322728	True	
2.53676126181	-1.54163362722	2.05178020352	26550.2077568	True	
-2.01150751193	-1.33135522317	2.47283454964	34977.4454493	True	
2.23478762401	-1.98321047367	2.35787954321	32994.1254576	True	
2.88937324811	-1.81684087755	2.42788024421	25870.8609674	True	
2.4358804243	-1.75124534616	2.34399023576	24396.2045745	True	
2.59981897022	-1.41284274348	2.08769928726	32422.8517613	True	
-1.2321979832	-1.83664138783	2.19167325031	27998.0984518	False	
-2.15589107845	-1.38547972511	2.37102898367	23608.636589	True	
0.212638421298	-1.67135845586	2.00240382702	28541.5353032	True	
-2.24324369022	1.77118613647	2.32600689122	25598.7275283	True	
-2.04177797332	1.90596070555	2.10000112155	29176.2386197	True	
-2.27162565356	2.09126543358	2.13752758057	25054.690706	True	
-2.32822500302	1.98886642921	2.33313782768	23044.7257715	True	
-2.3815158449	2.62510857862	2.36500884301	23702.8365962	True	
-2.24058808096	-0.521998882288	2.21974638223	23269.4785639	True	
-2.30002994678	-0.335862575429	2.15306491983	25796.3270083	True	
1.68687734246	-1.73195558877	2.13994214374	24212.6312189	True	
-0.277594284154	-1.04806172551	1.83931431415	33918.9083367	True	
-2.19063476036	-0.573912223818	2.15844357466	24118.3013731	True	
-2.35810438988	-0.439476788593	2.21315070599	26312.0617651	True	
-2.42294127688	0.0883807160216	2.34959102348	25777.314848	True	
-2.10173336348	-0.870211558741	2.30548314885	28915.7406533	True	
-2.13668128264	-1.5033364926	2.38840342955	24412.8865207	True	
-0.58852866372	-1.81730778674	2.17621003355	26062.3422064	True	
-0.0333449341121	-1.56294124947	2.07681864733	25952.8767567	True	
-2.27238014889	-0.542531569226	2.09560430366	27732.8728668	True	
-2.15539476862	-1.11075414141	2.18789869628	23611.6934657	True	
-2.11686055533	-0.197865645325	2.12441384588	25956.9938216	True	
-2.26507735982	0.259808702117	2.23931523269	23192.8926504	False	
-2.27300731215	2.42373401451	2.40788668048	27511.4802569	True	
-1.8076976241	-1.64515915096	2.34293625379	23391.4126592	True	
2.97193321825	-1.82214529708	2.30531987107	23507.3385277	True	
1.21696690372	-1.74001946533	2.33255089801	24392.852534	True	
0.774421863553	-1.71783004078	2.2690644681	23501.9367534	True	
1.87671071574	-1.54325341869	2.04676184439	26550.5323809	True	
0.239809971795	-1.66943305014	2.16691070207	23731.3882498	True	
0.70535251834	-1.78273733055	2.13986829599	25601.0649823	True	
2.66962627071	-1.5371755797	2.17591521359	29399.5107889	True	
2.35014848817	-1.84807674793	2.41099316036	25245.7030097	True	
2.36118005092	-1.67415414823	2.1778886126	23665.1659926	True	
1.8905697471	-1.61647664757	2.30207249958	30666.419188	True	
0.720764986272	-1.98307214645	2.43935841361	32643.5082048	True	
-2.29915785119	0.0347198028979	2.35721257032	23803.656694	False	
-2.35630808749	-0.624604262145	2.29547489089	24359.9371756	True	
-2.14498678432	-1.2319007962	2.36546547218	24352.833738	True	
-2.25112575909	-0.816562827584	2.41410902564	25945.9792038	True	
-2.38872072523	-0.752158185413	2.40228126976	25202.0564735	True	
-1.70749490775	-1.7582601538	2.31908579007	24570.7648544	True	
1.45737148481	-1.57746794791	2.14415815948	26189.8991163	True	
2.32617579435	-1.7890609048	2.33034563328	23405.3310621	True	
0.869325985399	-1.79262292818	2.29823710732	23084.0670549	True	
-0.615306375258	-1.53073924667	2.07533060911	26458.3087003	True	
-2.29774386117	0.679544252434	2.19446731064	23964.3270599	True	
-2.26831969224	2.49407929103	2.25020084391	23213.0189101	True	
-2.25232728857	1.13561504495	2.31630600565	24753.0654811	False	
-2.21244444524	1.25520582778	2.16788831344	24199.4511078	True	
-1.40705619839	2.37591373904	1.80530066625	35431.0865419	True	
-2.29108501655	-0.597066186759	2.1854392732	24756.892403	True	
-2.26876217136	-0.947046677454	2.30918142349	22976.603215	True	
-1.68232499858	-1.43552641805	2.21356088988	26426.8584442	True	
-2.31178586198	-0.573208517174	2.40652994513	24322.0520752	True	
-2.28454552535	0.994619104069	2.16723228765	24411.8063186	True	
-2.32712560907	-0.0374865115848	2.42394991406	24975.6864153	True	
-2.30221445925	1.94718981239	2.19987072627	23894.3366853	True	
-0.470361463742	-1.6885339648	2.18677212444	23355.5414267	True	
1.4616148524	-1.78844418205	2.28669496579	23014.6940921	True	
0.330106182072	-1.73917653646	2.32550354249	24174.0241396	True	
-0.310159766638	-1.90371316911	2.3898868448	26831.7608551	True	
-1.40760807686	-1.71678703389	2.24257319112	23030.099523	True	
-0.997046493288	-1.79856420258	2.38618766323	24423.7232896	True	
-2.30041800409	0.482361455424	2.35020927457	23727.0947445	True	
-2.13322534086	1.1866191104	2.12932362802	26044.7613339	True	
-2.46164883882	1.81618695645	2.51664669529	28417.207458	True	
-2.0390153949	1.78632496248	2.02543758702	28219.0755226	True	
-2.41273319123	2.49225307514	2.23734420776	27841.2469924	True	
-2.26549706903	0.260451043326	2.37855613845	26206.4769901	True	
-2.31114521577	0.360779450906	2.38007605676	24168.7003998	False	
-2.03508158577	0.870831816447	1.97984340847	28820.02407	True	
-2.19956006638	2.7379801686	2.11880924363	24932.8653565	True	
-2.30990464027	0.247173878738	2.3780443509	24119.0410406	True	
-2.33967921456	-0.449988552326	2.27295016681	23818.0398768	True	
-2.32111902523	2.56127639669	2.25978782971	23140.2456964	True	
-2.14994749034	-1.15638453353	2.08143692873	27472.816436	True	
-2.21436087048	-0.614124588846	2.21268301445	23435.5789763	True	
-2.1466546999	1.87952078703	2.17434479438	26198.7052401	True	
-2.37742123341	1.63781307491	2.4385774827	24681.1330391	True	
-1.84205217171	-1.677217598	2.34709576322	23712.6721881	True	
-2.07708905333	-1.40572109685	2.35213935758	23570.2980787	True	
1.5814767825	-1.79392026833	2.28792407523	23063.5430879	True	
1.50877964305	-1.78587900347	2.31861622492	23248.1641754	True	
2.51135223856	-1.73988528088	2.28997755291	23363.96409	True	
1.36407913055	-1.60593640696	2.05641826679	25697.3510612	True	
1.85459841999	-1.72016414878	2.25696002004	23281.4065268	True	
1.07036707629	-1.80822506781	2.2726993253	23334.8683873	True	
1.95177001819	-1.69333234876	2.24283470685	23745.8468893	True	
1.57875992812	-1.68360093315	2.32042753437	26632.0090368	True	
1.1994596742	-1.80329081595	2.2598504429	23332.3253879	True	
0.430758274519	-1.64007288152	2.11810323316	24437.4629499	False	
-2.33183956682	-0.958092339577	2.40532932183	24283.8079004	True	
-1.36483614756	-1.73343738878	2.31436029111	23150.7100432	True	
-2.21204260549	1.96436894205	2.09369264524	25586.6500037	True	
-2.30815850223	2.74512632912	2.28917547457	22912.3888614	True	
-2.25189949275	2.95834710265	2.20294164154	23525.7176485	True	
-2.4251217763	2.86117555967	2.40515469879	25274.7104149	True	
-2.28345260575	1.38557739457	2.34990407124	24386.2434517	True	
-2.21452611264	-0.0706774536579	2.09328911437	25727.1487512	True	
-2.32268577241	0.313274111313	2.39616887793	24296.5359807	True	
-0.609775392063	-1.80449163555	2.21036904573	24476.8123566	True	
0.898986065176	-1.68031652762	2.13414365067	23962.2440783	True	
2.34131495969	-1.63282069886	2.16697420572	24575.8426471	True	
0.293396916875	-1.70392981678	2.09593115399	25114.2932025	True	
-1.66430498483	-1.69044428747	2.19979390767	24299.1268791	True	
-1.29356040335	-1.78056100904	2.34247778132	23619.3923685	True	
1.22122489963	-1.70635016287	2.24638845353	23450.7551012	False	
-0.522373183631	-1.80935146442	2.36726688233	24021.6584109	True	
-1.51109667815	-1.56770112647	2.26382444721	25321.0612998	True	
-2.24706563316	-0.807928624323	2.25235949899	22993.0681048	True	
-2.35369295364	0.740579303387	2.24668080283	24257.8550336	True	
-2.33013611991	2.84047361546	2.31794856872	22954.0792857	True	
-2.25835877088	1.65008837626	2.3226765041	24680.4175683	True	
-2.1721435741	1.75086362679	2.20050738865	25602.7488119	True	
-2.24756247199	1.22322152581	2.13839186187	24643.3218635	True	
-2.40439732788	2.76286029127	2.46041612336	25374.5486738	True	
-2.22507402865	-0.0175403402575	2.07265193492	26699.5044066	False	
-2.44229937059	0.0935758983915	2.42437159434	26426.9178876	True	
-2.26950972817	2.26450731078	2.17747601451	23919.8071467	True	
-2.34390909483	1.44218595728	2.25970374669	23622.4395386	True	
-2.34707408992	0.0864409969119	2.40101661619	23925.4628564	True	
-2.27805761493	-0.526204279909	2.27465430751	22915.2303728	True	
-0.503191536441	-1.8173023447	2.373840926	24180.5093651	True	
-0.677949805682	-1.67452823795	2.18361574443	23474.4802623	True	
0.937676812046	-1.71810105262	2.15750271319	23646.3198761	True	
2.63826754935	-1.74867570315	2.18698286106	23401.6492797	True	
1.02417986098	-1.70305429366	2.2446674596	23505.9507389	True	
0.8579317956	-1.69548869928	2.19044016551	23342.5610148	True	
-0.187500769909	-1.72405564788	2.29613304724	23784.1766234	True	
-2.29215967124	-0.944416744	2.44771193888	25409.7235314	True	
-2.18043481522	-1.2327720592	2.25938059857	23121.116631	True	
-2.26507661516	0.670780209696	2.26859794422	23337.5835831	True	
-1.02605084458	-1.80059822813	2.29739041637	23499.7848606	True	
-1.39486169675	-1.81279990793	2.20609737172	26964.4286888	True	
0.879194970163	-1.7411039479	2.29457824357	23413.7269139	True	
-0.146019703201	-1.74863630669	2.32984897783	23959.7647609	True	
0.946711619876	-1.4712515032	2.08048229791	29128.8908765	True	
0.938421849074	-1.81980057383	2.30665341613	23463.2655481	True	
1.7814961473	-1.73525119918	2.23839033519	22946.2319252	True	
1.61633421224	-1.76078643805	2.28174489033	22980.0279845	True	
2.89198030087	-1.71437868586	2.18201955784	23277.9506629	True	
2.99763204502	-1.72272201554	2.18231458455	23279.3457318	True	
2.07486174781	-1.79578938424	2.24053028262	23383.788111	True	
2.14606543023	-1.61991074949	2.14649694392	24781.3627091	True	
2.82388533881	-1.75669202882	2.25620008267	22876.3597908	True	
2.7154151087	-1.75173383939	2.3307153259	23988.9612625	True	
2.97131799303	-1.81234274702	2.29817443029	23319.6476629	True	
2.27395178109	-1.82058261575	2.30163268718	23477.4628446	True	
0.393116716567	-1.71815011213	2.15492541597	23702.4108664	True	
-0.187430291435	-1.81037334645	2.3013774266	23336.5859481	True	
0.921367727595	-1.73173476555	2.2493577381	23020.4662544	True	
2.02096181606	-1.80529329005	2.23478102595	23712.202879	True	
2.33860158657	-1.78734310962	2.20450735188	23804.8736431	False	
1.83234456744	-1.79875870606	2.30874844324	23182.3398543	True	
1.93480230248	-1.73779956106	2.26566877502	23073.7247688	True	
2.10092199548	-1.7461548631	2.20887494537	23071.3829748	True	
-0.278556248463	-1.75936526017	2.32578639437	23599.9315307	True	
-1.75938304316	-1.49311733815	2.20216874988	23738.2442821	True	
-2.29633206873	0.799509823373	2.30721857885	23122.0516309	True	
-2.29787449392	0.595665347851	2.29205650226	22974.8942406	True	
-2.26984425534	1.29965850311	2.30626984435	23789.1102665	True	
-2.28592901916	1.66230265274	2.20980654632	23460.4348247	True	
-2.28713939497	0.655072600215	2.13560732526	25568.4302931	True	
-2.1604331076	-1.04569398453	2.22616896124	23205.1460353	True	
-2.19659274447	-0.401999878204	2.19058382781	23962.7820386	True	
-2.27016853391	0.949282145928	2.30425979569	23721.8239032	True	
-2.29468602021	2.38375695556	2.28095675334	22979.2925868	True	
-2.29992311687	1.93432178471	2.30837686712	23095.5594832	True	
-2.2639230765	1.9455494289	2.17724129792	23878.9868423	False	
-2.28087475705	0.670611967688	2.16736299471	24352.1587906	True	
-2.28785963215	2.54189887402	2.29420176287	23155.8355408	True	
-2.35276816227	1.63163435701	2.32700174307	23146.9374023	True	
-2.23775895923	-1.07114333579	2.34186749593	23163.8815597	True	
-1.39703778263	-1.6175075567	2.19997985662	23507.2140829	True	
-2.22225178837	-1.1589913582	2.27913414727	23131.8099127	True	
-2.10065301313	-0.914874935525	2.20351068059	24830.3614036	True	
-2.31456499371	0.405309297935	2.35520460333	23484.8210224	True	
-2.26884577264	0.795765655218	2.30333991733	23734.0197744	True	
-2.2919248686	-0.835430561622	2.37145837327	23484.103533	True	
-2.22133016605	2.54923619645	2.12666411354	24757.8138647	True	
-2.34125579687	2.72085990829	2.30462578049	23047.507803	True	
-2.29896205863	2.88352433996	2.30786931272	23106.3622556	False	
-2.32809320786	1.74010772227	2.27542964039	23072.2300648	True	
-2.28844483767	-0.927415239295	2.31735600064	23132.5603272	True	
-2.27807245595	0.215482256023	2.25558301411	23050.8026016	True	
-2.24532755849	-0.975776033763	2.33426921337	23144.2426589	True	
-1.84854582384	-1.55193285062	2.34344154789	24208.0890883	True	
-2.315880613	0.251176772208	2.3039472301	22911.9039115	True	
-2.25266501674	1.13621220871	2.28322358493	23922.6268901	True	
-2.33207907425	1.83745912856	2.30178200049	22959.6782885	True	
-2.35179195209	2.15599439475	2.31689562536	23155.5617366	True	
-2.31104084735	1.72299234264	2.22684083217	23486.4034727	True	
-2.22979265549	2.55739106735	2.20548632319	23809.9480895	True	
-2.30766804631	1.31924410984	2.31486263943	23049.943395	True	
-2.27897098424	1.71168262443	2.29184671646	23307.6843646	True	
-2.29630128863	0.647922510375	2.24825227377	23056.3082954	True	
-2.30992867479	0.728364922561	2.25675897171	23061.0089634	False	
-2.36327717653	1.14414350909	2.23442838639	24968.3551312	True	
-2.33915190929	1.59885133265	2.26438857573	23417.7845474	True	
-2.294624997	0.246512021093	2.35635318432	24002.3855932	True	
-2.05369959439	-1.41992287361	2.27150010519	22887.1037741	True	
-2.08022751849	-1.3654059022	2.22678644408	23204.9874002	True	
-1.94513224575	-1.53349002854	2.25137734784	23024.5772069	True	
-0.814616933589	-1.80009702043	2.30359862825	23327.0296161	True	
-1.40589937031	-1.74265351282	2.28900782138	23083.9017231	True	
-1.46853788564	-1.59856024467	2.19791073021	23588.1655017	True	
0.106938299006	-1.77054640235	2.21238660875	23328.8077708	True	
-0.301051034622	-1.78811972824	2.26329955728	23099.7775354	True	
-2.07334500049	-1.31920941909	2.23065519502	23044.0709504	True	
-2.00166200423	-1.57037118428	2.30085903616	23474.565164	True	
-1.87755142741	-1.65207000065	2.33011444163	23506.8320254	True	
-2.15583126339	-1.20021315287	2.24441345558	23001.0076178	True	
-1.87424752899	-1.58138984648	2.33611533108	23393.0124525	True	
-1.64221240388	-1.70219544162	2.3276991092	23261.0158139	True	
-0.108942160517	-1.79365195582	2.29223028247	23091.8223413	True	
-0.00175731007445	-1.82938908415	2.33699738574	23788.130668	True	
-0.268763405252	-1.77514265909	2.2790386452	22942.8127158	True	
-0.65394365711	-1.68895124781	2.22828253368	23391.4089196	True	
-0.938911945832	-1.73496853248	2.27202840831	22941.5164171	True	
-1.66652421989	-1.71427026792	2.28200438328	23432.2450258	True	
-2.26146966716	-1.03910662347	2.2550802997	23644.4985267	True	
-2.36296666954	0.030934628831	2.34456363107	23417.3356053	True	
-2.28896667018	-0.742697017982	2.28753930776	22989.9512372	True	
-2.27555711748	-0.734914292336	2.27391621018	22950.8446823	False	
-2.29497262221	-1.10596006241	2.37579672921	23878.4594967	True	
-2.16800373244	-1.13876544808	2.26321003312	22936.9391805	True	
-2.12040387443	-1.26368753911	2.26115119144	22918.1444426	True	
-2.32013417375	-0.578392761943	2.37155341743	23435.7729181	True	
-2.33147851854	-0.486846958169	2.36896600705	23387.6188143	True	
-1.89789319645	-1.49221240134	2.24898625584	23029.7380986	True	
-1.95073592735	-1.57239899746	2.31637972897	23112.1927351	True	
-2.27891838173	-0.0550416239507	2.3380923166	23906.293955	True	
-2.07238738079	-1.4439431935	2.27774093466	23050.7206263	True	
-0.688236381761	-1.70154459889	2.20630573174	23134.2123455	True	
-0.729220190909	-1.73688611178	2.25230886408	22891.4051032	True	
-2.11391651766	-1.337693839	2.32516806441	23152.5227022	True	
-2.3599646669	-0.258601984943	2.34478877445	23480.315361	True	
-2.29421002501	0.393073190979	2.280141469	22954.5367722	True	
-2.31175771839	0.0745632168927	2.27072109233	22994.7050743	True	
-2.31056966002	0.462225318412	2.26957948172	22969.5849616	False	
-2.33592180118	1.76764568914	2.31603205781	22974.2924257	True	
-2.30232753961	1.44859632353	2.25507313123	23020.4959614	True	
-2.25783552603	2.37660697954	2.21343893628	23407.0053901	True	
-2.27035953701	2.28689535499	2.20793519855	23414.7637768	True	
-2.25859095566	2.1420109214	2.19993644089	23519.6983164	True	
-2.31809315313	1.16685011429	2.34481096522	23281.1491869	True	
-2.23337513769	1.11893737203	2.21253975636	23734.1930623	True	
-2.31187430394	0.650919698279	2.28351208109	22910.8109655	True	
-2.29057275548	-0.115837213985	2.25298019985	23021.4626164	True	
-2.29902686072	0.130121810956	2.27231602469	22930.3134672	True	
-2.22969436009	0.705334800454	2.18220069305	23867.4997492	True	
-2.31752425165	0.0714295828401	2.30438974031	22914.6107254	False	
-2.27815315201	0.0998176622597	2.23190372761	23164.6861192	True	
-2.30533026254	0.150196181685	2.31026526395	22984.2746913	True	
-2.2866022926	0.687372682131	2.34347180356	24032.1631597	True	
-2.27366853758	0.593871039298	2.29861861048	23485.1388924	True	
-2.15160549513	-1.07180975988	2.22331024033	23220.6339208	True	
-2.14960304309	-1.17588456431	2.22855034919	23101.1789303	True	
-2.26265407305	-0.650683232855	2.30718699064	23105.9627346	True	
-2.28528783263	-0.0542080683595	2.28434767642	22993.7905613	True	
-2.29494151956	-0.169817381507	2.32623300415	23210.3856782	True	
-2.31813954045	-0.546598429477	2.38172398837	23636.6643124	True	
-2.16497927584	-1.27711810711	2.30812782587	22943.5806727	True	
-1.74960514921	-1.48813193889	2.21862904771	24064.9449479	True	
-2.00462199895	-1.49729219929	2.24749748557	23182.562076	True	
-2.05556945248	-1.42494592561	2.23879571488	23175.8940991	True	
-2.3443970697	0.0717446913856	2.35916684603	23261.9304415	True	
-2.32976572963	-0.0511507136912	2.27999536952	23173.8137886	True	
-2.31347101296	-0.564770432849	2.31484710325	23005.1407916	True	
-2.23271472119	-0.61320582396	2.22395492971	23238.9917672	True	
-2.09184806511	-1.16760413546	2.21319810438	23448.7263092	True	
-2.23369536407	-0.868296582903	2.23688755232	23100.5469112	True	
-2.3177834468	0.237965987193	2.30452147602	22913.0040479	True	
-2.32625552812	1.41668723984	2.31245936167	22933.4945058	True	
-2.32426596826	1.67081231402	2.31121313022	22928.9586699	True	
-2.35921656628	1.85303364185	2.36275363528	23337.6540862	True	
-2.3211666787	1.62837951108	2.2986971919	22908.4296256	True	
-2.24896278524	1.55439164988	2.1777725509	23822.5652201	True	
-2.31935267123	0.826249405376	2.32852188518	23053.5283887	True	
-2.3495825725	2.0969312518	2.29097336348	23304.0529821	True	
-2.29067609949	2.17143537853	2.26290728998	22993.5243347	True	
-2.26781896194	1.71738577339	2.20931257325	23399.032162	True	
-2.31691275353	1.82199217027	2.2850520545	22916.888915	False	
-2.33560624988	0.639388395356	2.29138518443	23067.2138529	True	
-1.90160337284	-1.50217169324	2.25122090226	22962.4094158	True	
-0.749893270467	-1.77660580063	2.31788013295	23221.5093483	True	
-0.51544964293	-1.76260318333	2.2809476973	22936.0778372	True	
0.685220251608	-1.72862824705	2.25818482139	23131.9354425	True	
1.59774718029	-1.78085409026	2.25859722046	22978.9894701	True	
1.21308516106	-1.75770142336	2.22724570203	22976.5229233	True	
1.83219773376	-1.75445636742	2.26635783571	22916.2630034	True	
2.31207894956	-1.77285622465	2.2911386698	23000.1612442	True	
1.25509025002	-1.7574394063	2.27796582012	22972.0403607	True	
0.703990060117	-1.77648738019	2.26178852919	22932.4841759	True	
0.662381719155	-1.73979770199	2.23577021826	22916.4181665	True	
1.55793212203	-1.73928316359	2.26426042288	23040.3468222	True	
0.965519026794	-1.7194696857	2.22945618642	23076.3295623	True	
0.562311183041	-1.80441014016	2.30950044096	23241.0666704	True	
-1.15851366134	-1.70457632966	2.25761776267	22986.4767945	True	
-1.26159164098	-1.7586529899	2.31851097702	23214.8087207	True	
-1.61077526179	-1.70593621022	2.30953728094	23113.9442214	True	
-2.03099874999	-1.38477406751	2.23247702062	23014.8921954	True	
-1.50558789152	-1.67542904059	2.25721157024	22882.2431491	True	
-2.10983022239	-1.32820783304	2.3041696649	22985.5525208	True	
-2.11473911878	-1.22815076187	2.28004029412	23183.2634319	True	
-1.54984808077	-1.65598665628	2.25606238201	22922.1229552	True	
-1.83831096019	-1.56412732218	2.24013265537	22934.2889348	True	
-2.00774896977	-1.40707143774	2.26819149677	23025.0906724	True	
-2.10515882346	-1.27040709451	2.26418138052	22974.2262844	True	
-1.78015093974	-1.62660238349	2.28422177991	22909.0170276	True	
-1.98689721499	-1.48640592065	2.23865449512	23083.4884859	True	
-2.27056464848	-0.78498747253	2.3018552275	22905.8195373	True	
-2.08754491833	-1.42402927968	2.299204133	22974.4471641	True	
-2.05829735139	-1.40150289676	2.28318326987	22885.9132298	True	
-2.31049229413	0.0433316200596	2.32570648433	23056.1398501	True	
-2.29600508865	-0.0857843149084	2.27922819555	22914.8354944	True	
-2.28052132177	0.22756866662	2.25810306752	23031.1667783	False	
-2.28872243288	1.02475550023	2.26116402396	23002.6898842	True	
-2.33943758427	1.20518080364	2.34965355149	23160.8598412	True	
-2.31386456416	1.31396743471	2.29658083897	22906.4258853	True	
-2.29599916194	1.44108740404	2.26438402271	22967.5934698	True	
-2.2831442972	1.43624740383	2.23386086154	23153.5359024	False	
-2.29707651128	1.65669516947	2.31127998505	23173.5118895	True	
-2.29214432958	1.41810003473	2.25067725307	23032.1277997	True	
-2.32128598924	1.61935117032	2.32593875316	23022.1731738	True	
-2.29994976386	1.67570959308	2.29814274764	23007.8287903	True	
-2.29977783417	1.73814659459	2.20901329972	23646.6560308	True	
-2.31857712757	2.24461056129	2.31287401032	22948.1926168	True	
-2.32789837943	2.16676427373	2.32185718556	22969.2307174	True	
-2.32752397639	1.62001379992	2.28260137674	23007.4445728	True	
-2.29082754854	1.75139786204	2.2794835996	23011.7399993	True	
-2.32682350978	2.33867614466	2.32497385608	22989.1214067	True	
-2.32265956794	2.82207790011	2.31761069828	22958.159629	True	
-2.30421229486	2.5857988442	2.26389079098	22968.2817196	True	
-2.31280587777	2.3082001604	2.31498059683	23000.3840278	True	
-2.28965515278	1.99122844608	2.25946387773	23004.8149632	True	
