Parameter 1	Parameter 2	Parameter 3	Potential	Equilibruim
2.64221064808	-0.0456082118905	1.89937938185	45957.1854891	False	
-0.839542029839	0.0164854721786	2.14168536252	110893.960305	False	
-3.31608115727	0.306332651551	1.91832958594	259338.849284	True	
0.277556201825	-0.958950839688	1.83405090408	34624.2068275	True	
-2.2302237026	-1.56253455561	2.73433861797	44623.2786888	True	
-1.56405799777	0.102616084082	1.82478546945	34452.0461465	True	
1.82936070303	-1.98211672308	2.14148375453	41237.669497	True	
2.65536612494	0.309775769372	1.38441842167	86727.251278	False	
1.26572342482	-1.46794591675	1.86640703028	32767.2304953	True	
-1.50495888293	-0.873918749249	1.62235452258	53183.7513853	True	
2.54693150796	-2.01936064347	2.21430565309	41931.5209292	True	
2.21941806569	0.0421217283294	1.83738330139	39477.4193823	True	
1.79609629495	-1.84915633998	2.07916668432	32371.8497319	True	
-0.097050107604	1.09646558903	1.88900900664	45525.8667203	True	
0.185250468419	-1.60411869274	1.66985426618	57939.1524039	True	
1.36975206268	-0.621949933944	1.97608662419	53178.1621458	True	
-0.0649147564294	-1.1066920104	1.92229394941	34763.7745145	True	
0.254457202731	0.29052613712	1.61907877711	46310.3326779	True	
1.68612527257	2.21320686695	1.90867695221	49292.6757343	True	
-0.10720430681	2.71304111428	1.9344511427	53451.0598814	True	
1.81898871248	-0.441734684237	1.87096243396	40472.5126381	True	
-1.91510305436	-0.0957342439518	2.15407930491	40078.0692382	True	
-0.863795892391	-0.284952192785	1.82729791973	36840.0975438	True	
2.20000270075	0.453271927404	1.96821821729	61102.9382717	True	
-1.39990566323	-1.86307469521	1.93813113694	48819.6202476	True	
1.30798391898	2.40358789028	2.07308314991	97440.5578176	True	
-1.27632205397	-0.606906615444	1.4695575611	74705.8847069	True	
-2.4011104337	-1.56337282584	2.36190360285	41905.9061132	False	
-1.96956100912	2.49903038029	2.2628510519	50639.646892	True	
1.68833675812	2.26158995549	1.51262541406	61574.4314495	True	
-1.9433422428	0.240637468159	2.0754894745	32659.3357648	True	
1.97298256102	-2.17019310146	2.58445131239	59146.8874324	True	
2.57184697539	-1.36019106498	1.93485862833	30324.6732501	True	
0.37277581227	1.58553165788	1.99517043964	69106.8638046	True	
1.46877968454	-1.83907966776	1.87229904294	48757.3234267	False	
1.49175620998	1.42297801952	1.2096361378	125548.835888	True	
1.53487958032	-1.83867023602	1.73624775124	64392.1540616	True	
-0.678647592727	-1.34285489705	1.76339994707	39161.0621198	True	
1.90490223115	-1.20163544009	1.59454151354	56332.5644373	True	
-0.874564369941	2.3119235892	1.49575010154	65781.5897208	True	
-2.62795038005	1.75882455291	2.18809050091	60793.0459329	True	
-1.58390237911	0.817180827104	1.98577509197	42466.2010477	True	
-2.51977137537	1.84040415159	2.77667779557	46091.6425958	True	
2.1806011273	-0.469351428726	1.83901588636	37978.9819496	True	
0.331690496759	-1.27942321419	1.87018972599	32068.7682724	True	
-2.41028000417	2.27217644371	2.4305003905	24922.6464257	True	
-2.14555018806	2.18329385431	2.42657366612	45194.3448943	True	
1.15707414759	-1.6586092115	2.10629386426	24494.6710019	True	
0.75894653426	1.75589251121	1.75064874795	37301.9809847	True	
1.22745249177	-1.07435323883	1.92777014217	36003.0220218	True	
2.39183462497	2.67507048645	1.56353556156	53409.0947173	True	
-0.904998159588	0.953739342185	1.84622860691	38926.9063688	True	
-2.19956713346	-0.131028189816	2.14050393873	24484.1611185	True	
-2.21395508812	2.14973024513	1.75727021822	52886.7957117	True	
2.43620798006	-0.239128076434	2.13928285472	116819.433343	True	
-2.3592734846	-0.963368213015	2.27019762647	26839.8255464	False	
-1.81190373001	0.97130326545	2.11542903868	46405.8173403	True	
0.371131898569	0.953522660199	1.85551053007	41720.1288945	True	
0.158879990613	2.86978478703	1.75541438059	37234.8811239	True	
-0.318133770593	-1.31426999128	2.01481860269	32766.0853645	True	
-2.03393932167	0.870519644499	1.84598964894	35616.647636	True	
-2.4833904051	-0.472577329644	2.74776588977	43336.8777039	True	
-1.81474619604	1.15477089499	1.89027004403	32239.6563188	True	
-2.63934345466	-1.01928764783	2.49873613711	56279.8403718	True	
-2.35603455901	-1.72052428961	1.8619715458	82947.6082967	True	
0.544620032783	-1.7528985935	2.10461076615	25970.2580904	True	
0.564135553513	2.48966954501	1.82766148205	39475.550854	True	
-2.20156568186	-1.70627894535	2.63066200353	37925.4784739	False	
2.6274625675	-0.785499440945	1.33740352302	99562.9108946	True	
-1.15435370482	-0.356256606891	2.05515030369	65616.6647746	True	
-1.22915370403	-1.81991506956	2.59490830807	35735.8850959	True	
-1.54205353365	-0.763548532407	1.81234378396	34501.9393914	True	
-1.36675611327	-0.528266306472	1.84668051015	34604.0316277	True	
-1.97045706251	1.80110124813	2.23084306695	45840.4812786	True	
0.90645901111	0.544370757603	1.66939084618	41183.7954541	True	
-1.33176737662	1.14674249028	1.90745513515	40368.1433556	True	
-0.00498757132932	0.233341196921	1.78853321269	37242.0883115	True	
1.44620316158	1.84947940004	1.93694786631	54702.5521138	True	
1.87374309345	1.52742913578	1.73386253649	37621.8698002	True	
-1.17155786748	-0.967735557795	1.91878676795	34449.5851867	True	
0.230573372522	-1.54855570032	2.13276628547	27080.7377185	True	
-0.283981854811	0.574517406716	1.66943644824	41302.8250904	True	
-2.27368811593	1.01984170671	2.10924512186	26206.1216535	True	
2.19866811923	1.45521132318	1.72857872163	37774.5382518	True	
-2.16511850911	0.976203140855	1.76798844221	48655.2174665	True	
-2.00248076126	1.62505316307	1.97741304965	29189.9018244	True	
-0.193444800891	1.12681223926	1.66626214146	41500.5957004	True	
-1.33297420256	-1.70260288176	2.20744427611	23183.200751	False	
1.62356609896	-0.631118014408	1.88001888005	39706.6711678	True	
-1.66427187633	-1.27779165273	2.29806002561	42894.8198941	True	
0.111385736721	1.96887297649	1.67216810162	40949.3015414	True	
-2.25479233258	-0.218247313651	1.95340266501	35737.2391962	True	
1.31099896953	-0.219997072582	1.54757714123	56627.7267584	True	
-1.04880281517	-1.15737386844	2.17468086086	57664.0532454	True	
-0.633567188533	2.46153141751	1.71409211418	38391.4254422	True	
2.48178503878	2.34133602752	1.89884514474	47668.8977941	True	
1.27254111064	-0.912389004187	1.50640148932	66840.3705208	True	
0.978409475009	0.307345762246	1.67384442757	40867.4395025	True	
1.91678752747	2.37521627192	1.83917537971	40426.5928803	True	
2.19594169867	0.76665541377	1.69667946494	39233.0349472	True	
2.15722741274	-2.10730000756	2.48319065203	47968.608281	True	
1.41502381147	-1.67142304893	1.98860550083	29272.7858261	True	
-1.05984101401	2.86514211887	1.7676032103	36574.3193423	True	
-0.426628518167	-2.0574568068	2.33299010869	43050.4114909	True	
2.30494651666	-1.54232115614	2.17034952781	28814.5677753	True	
2.24653464503	0.800523814421	1.71994216616	38076.5864761	True	
2.34102986551	-1.05178050702	1.58811492114	55025.0204171	False	
-2.21261417692	-0.638309925444	1.70350430195	62445.6258279	True	
2.70365502488	0.312446808858	1.64562357182	43371.8641157	True	
1.59752774621	-1.59504800296	2.14827282864	25588.9924821	True	
-1.22350210293	-1.75687614616	1.87694949221	44866.3250886	True	
-1.88189151828	1.46476967289	2.00601521683	32534.5989242	True	
0.785426012124	-0.775337027953	1.65798600041	43811.5239063	True	
0.41759873111	-2.14931912856	2.57570797743	55598.6647062	True	
0.329210236277	-1.46202495662	1.76114269414	41393.4123067	True	
1.16841098036	2.38652996448	1.73649263515	37556.7843388	True	
-2.57544984499	1.79278260155	2.17891586964	51691.2852439	True	
-2.39377981371	1.00758165214	2.5100381584	27109.8545248	True	
-1.32983797571	-1.70737377531	2.10983198385	25998.5648434	True	
0.776317597708	-1.28733815933	1.87787418002	31850.5184705	True	
2.3396930957	-0.0672111340755	1.66007400743	42182.5413977	True	
-2.22137444321	-0.315716045077	2.12430413505	24913.9789756	True	
1.97280371003	-1.27931290625	1.89997747064	31593.3166909	True	
2.93136496519	1.83456299532	1.79522094403	37824.559552	False	
-1.05192049572	-1.74267323742	2.26106463557	22884.5764343	True	
-2.3798245277	1.38574673637	2.31305072792	23950.6385132	True	
-0.539154151884	-1.35130504191	1.92015512676	30419.9305342	True	
-0.509506401825	-1.60531260042	2.04604498655	25952.5668955	True	
0.712289239864	-1.16638706158	1.62063434544	51993.8778926	True	
-2.15506426284	-0.0482734024466	2.05152264599	26582.9651729	True	
-2.53507924934	1.03613600829	2.525260591	34126.2242029	True	
-2.3987875411	2.95443314193	1.9006221371	51825.0074243	True	
2.54022651861	-0.505670634358	1.5113792837	63402.314724	True	
0.759795172395	-1.5304045135	1.85555422419	34634.1822983	True	
0.966520520302	-1.48552844402	1.95587556622	28769.1809347	True	
-2.36835680824	-1.3720421008	2.36486370841	31486.31629	True	
-0.91878104826	-1.45439709817	1.90530930854	30857.7647465	True	
-1.55505418814	1.59306551412	1.70718334098	40698.5151357	True	
1.79142773285	-1.58415215043	2.07298649512	25652.9671732	True	
-1.59778441082	-1.64293199295	1.99925975699	31698.9127952	True	
-1.76969977428	-1.53232124714	2.36174863964	26955.5850619	True	
-1.55568099601	-1.72255813965	2.36209051596	23811.9628165	True	
1.66558147668	-1.11485700742	1.97610652695	38349.5393855	True	
0.648000079186	1.46136544703	1.78453984363	37481.0491313	False	
0.924199253573	0.00902012122295	1.70476686839	38839.258854	True	
-2.04522930264	0.899190036648	2.06347335292	28194.1650272	True	
-1.95031736913	-1.26254580463	2.07599173944	25604.9142439	True	
-0.634932810775	-1.90087037503	2.11415865365	35078.2059412	True	
1.77393584479	-1.58401807295	2.31066020966	34540.792391	True	
2.53638866901	-1.42901491992	2.00603698217	29080.7905576	True	
2.64035161062	-1.70319510073	2.19133915493	23265.2943365	True	
-2.00415199916	1.78481616627	2.15189394529	34206.1031499	True	
-2.44800245168	1.39244863131	2.52896341044	28279.4124589	True	
-2.30576455204	-0.254462432461	1.9965792667	35459.9379762	True	
-2.49053402349	2.38651477085	2.28943324887	33097.4739219	True	
-0.340698105718	2.3189052547	1.78743280856	37332.0156686	True	
-1.58308660183	-0.740431056504	1.77405157357	36825.2389736	False	
0.00207039241809	0.77620570905	1.64243211126	43691.9838003	True	
-2.20122486323	0.0948207937969	2.15370532157	24355.3411043	True	
1.0061858289	-1.39647476177	2.10765793772	34720.0698537	True	
2.17879444451	-1.12535360329	1.71119759549	40818.6791129	True	
-2.10168380999	2.12922774472	2.12422075415	27139.3444888	True	
-1.30807734505	-0.669784892489	1.86120848842	34573.9261122	True	
-0.309961611012	1.6015997869	1.8346900586	39558.6425974	True	
-1.45415943056	1.15148494109	1.81269839661	35182.5028025	True	
-2.3282527108	2.62657549138	2.07231491599	30674.8508883	True	
-1.58572025536	-1.70742890035	2.18851821338	24523.3542404	True	
-0.738868896601	-1.60432982063	2.28206845514	29017.3568343	True	
-2.33063884582	1.13201204738	2.45869355805	26638.2813783	True	
2.24071721114	-0.585411072243	1.67254666849	41736.4707453	True	
1.29028202927	-1.51056910687	2.03712719598	27233.8334026	True	
-1.16244561733	1.07605574299	1.85679591652	38192.1926392	True	
-0.0751056957114	-1.51156402921	1.89532804454	31649.2454922	True	
-1.20157497265	-1.64762982284	1.8926745861	37197.9979513	True	
-0.912699747	0.678728360502	1.64127284697	44551.1506227	True	
-0.792422034507	-1.67186026064	2.00873200792	28658.1722813	True	
0.858204062121	-1.32815996614	1.79943065356	35636.6668614	True	
1.94647022723	-1.20018479905	1.84801809025	32999.1603095	True	
-2.17173533238	-1.49469354953	2.55107262331	30028.0127752	True	
1.88863642927	-1.5069529124	1.86484104512	33461.8778392	True	
-0.0747156205678	1.85394797895	1.92676378138	51959.2952291	True	
1.73254227718	1.34482850428	1.65970798063	41941.5143308	True	
-0.576812069781	-1.64961319149	2.02032596221	27365.8680746	False	
-2.36900230168	-0.386360402344	2.25115442779	25492.9494537	True	
1.99046698321	-1.62980886795	2.03524093896	26332.5260166	True	
0.639979029731	-1.74711757084	2.29003589686	23223.5277233	True	
-2.0444201114	1.04351516976	2.06953774707	28320.636168	True	
-2.37540188155	2.04755838427	2.53969361749	29248.0923168	True	
-2.0442863029	-1.43949916764	2.39781507465	25032.6463144	True	
2.16320486466	-1.71167106002	2.00391192059	29670.3677568	False	
-2.08685768984	-0.146329165605	2.1251846234	27039.094177	True	
-2.34281625321	-0.0499805527379	2.56171510349	32383.6629156	True	
-1.10533619674	1.0676031695	1.80194100677	36417.0405889	True	
-2.19501847258	0.755049561824	2.25599761699	25830.8350344	True	
2.2979845321	-1.63378077148	2.19455029693	24936.0540352	True	
-2.16114271995	2.39661150923	2.1816440187	25720.3865635	True	
-2.08499148157	0.710040925928	2.25635451167	34795.5897224	True	
-1.0539728842	-1.43203918119	2.080230419	28768.05068	True	
1.27264343761	0.661450030792	1.75206548739	37252.9743146	True	
-2.39547495436	1.43964522754	2.3160686392	24564.1960847	True	
-2.334338383	2.50605539642	2.25821394339	23401.5814402	True	
1.97646596706	1.02953745373	1.80422916838	38131.4301626	True	
1.18234511092	-1.67879403648	2.02897600292	27326.3394505	True	
-0.502102248881	-1.34011737609	1.88684296	31313.9485733	True	
-0.398793844172	2.57617619415	1.62243770301	45961.1567077	True	
2.13599629511	2.01339988573	1.75374328521	37283.1450968	True	
1.92042765957	2.2391938137	1.72126021703	38028.8125439	True	
2.05283928794	-1.87145032559	2.10384086565	32555.599259	True	
-2.00862869158	-1.36256011754	2.25018893433	23220.5940489	True	
-2.11214062725	-0.977879988491	2.0174888815	28592.6218083	True	
-0.18062181726	-1.59688639508	2.05693303837	25716.8216935	True	
-1.78195320059	-1.92507996753	2.49193981887	35606.2194829	True	
-2.28798419982	0.236197000873	2.23422383284	23165.4668819	True	
0.310801876914	-0.315248407931	1.77465352601	36658.2690324	False	
-1.51260134798	-0.944052232258	1.81192297412	34653.2722638	True	
-0.711675897377	-1.73271445319	2.04435853258	28619.9220164	True	
-1.57260160361	-1.26075072872	1.90759814858	30800.646053	True	
-2.31387197903	-0.311291631612	2.41008352764	24685.9137192	True	
-0.00617144724175	-1.61442541562	2.1281808534	24783.7806687	True	
-1.86317964551	-0.931633556054	1.97406315286	28935.9750387	True	
-2.01273207274	1.99648321604	1.96314192016	29361.2401396	True	
-0.547987358378	0.0514389293647	1.84505530242	39226.8311305	True	
-2.24956373584	-0.630746623454	2.17153655889	24223.8354549	True	
2.7535345338	1.21182482004	1.72426886149	37916.9509664	True	
1.73614897609	-1.60030186583	2.10098901273	25185.0387941	True	
0.389433629752	-1.5271549545	1.95323900055	28869.2644382	True	
0.0969904671975	-0.208745637851	1.68639004333	40159.1689736	True	
-2.66145132824	1.6571837972	2.44851267889	54877.765023	True	
-1.87507984656	0.986204477173	1.9945930968	32288.2598901	True	
1.48261586268	-1.84377580168	2.13143764984	29064.7367222	True	
-1.51911754331	-1.70861654523	2.33763228647	23470.3365982	True	
-2.25160494816	2.1336591705	2.25532424249	23575.845931	True	
-2.43605181938	2.66917786714	2.29912246588	27483.7192099	True	
-2.307904871	2.55487725314	2.24878655913	23115.2105171	False	
-2.53829889829	1.79554739094	2.41019691825	35190.8686941	True	
0.21276624808	-1.7818718466	2.20862867929	23617.6345094	True	
-1.72687102068	-1.22055649452	1.93541235623	29880.2033221	True	
-1.91628104246	-0.928492702497	2.15005253487	30562.7115984	True	
-2.46686406868	-0.0397783987885	2.49906102857	28630.3415334	True	
-2.29091470606	2.29668007277	2.15121280288	25057.3998508	True	
-2.23758479443	2.81451274074	2.37822766975	28604.7444201	True	
1.17143516296	-1.92168544871	2.34741252166	27818.5349448	True	
0.362774421767	-1.42896258894	1.80140174937	36906.9577925	True	
-2.05108180429	-1.13170585101	2.26729654746	25691.4482396	True	
-1.5531211954	-1.76973602174	2.36899711743	24180.7842253	True	
-2.40490005856	2.18190971076	2.30017022358	25352.6813325	True	
-2.33294694977	0.473808661431	2.11056053774	28806.3162551	True	
-2.26782758137	-0.0519658297815	2.22402454015	23233.2206538	True	
-1.9694290046	2.92235771908	1.98303852782	29666.0279498	True	
-2.34041290447	0.394935922304	2.41059721107	24309.3594347	True	
-2.09554169942	-0.508209270547	2.26375514762	30779.5098801	True	
-2.46579714324	-0.212701938859	2.52913674162	29384.4420773	True	
-2.38094997513	2.89980979251	2.2556552472	25187.6773303	True	
-2.27597807891	2.03029342883	2.25601024035	23121.7943582	False	
2.76012843412	2.76527899781	1.73711067041	37544.0147148	True	
-2.2773086347	0.595292195596	2.38026782209	25721.8796314	True	
-2.38032122907	-0.201884913169	2.29695893977	24645.580811	True	
-2.23959454847	0.147659483721	2.25604358404	23739.3265705	True	
-2.17865594881	-1.47937606948	2.34977123017	24804.461296	True	
0.341449365921	-0.268068982509	1.64199862061	44201.4279276	True	
2.49627543636	-1.33666282612	1.93111134355	30679.4297194	True	
-2.37161436626	-0.418673981413	2.205865953	27367.0803398	True	
-2.02946108029	-1.3607591838	1.99969111256	31703.9123219	True	
-0.0409097973953	-1.66726681825	2.06402654885	25718.3963958	True	
-2.46477579442	0.362822907391	2.43617040134	27735.0759099	True	
-2.27574661223	0.206245968648	2.2399318504	23113.7175718	True	
-2.32594679152	0.697020179767	2.26294148026	23196.0098227	True	
-2.20420463087	0.149777265143	2.28006401266	25818.7127395	True	
-0.320552794891	-1.69080278197	2.20720888079	23346.7263232	True	
0.113262925107	-1.72004674356	2.23221576811	23059.8226206	True	
0.341023673385	-1.69478114637	2.19781752914	23333.3772195	True	
-1.16326978738	-1.62829671298	2.38255066572	31618.8097499	True	
-2.27335115202	-0.0649935174885	2.3119390794	23514.3408385	True	
-1.93473496695	-0.217478701081	1.99559788478	29803.2820031	True	
0.0626957469345	-1.78348803877	2.32749110936	23376.6000395	True	
0.382136292224	-1.53396116713	2.05289497141	26673.4373376	True	
-0.71754625139	-1.68955972944	2.38214343497	28751.5018189	True	
1.25724145902	-1.75852577821	2.23525343986	22926.7513696	True	
2.81297658296	-1.69448155383	2.05615373577	26436.1779119	True	
1.67837428836	-1.81864390263	2.25839488964	23745.5083625	True	
2.51362872614	-1.94028647469	2.19493273314	33772.937488	True	
0.751499906332	-0.162432940052	1.79457033439	37092.6146847	False	
0.753217246439	-1.78680468602	2.17404119484	24582.330824	True	
-0.533917057798	-1.97624944258	2.31842686537	33535.1739634	True	
0.438472115249	-1.80184727176	2.39546966525	24879.01767	True	
-2.11412041049	-0.158533267554	2.08572888371	26104.6837972	True	
-2.04200908448	-1.50493186641	2.28554196446	23219.1120626	True	
0.21389576851	-1.67247787855	2.14247821	23874.5437973	True	
2.63877367115	-1.81765155864	2.39239096015	24641.9959694	True	
-0.297149704252	-1.88189096105	2.31938377039	25811.7064733	True	
-0.948047887254	-1.57738510847	2.01991801641	26771.6058089	True	
-0.902737422861	-1.73664955621	2.29890913853	23232.078407	True	
2.45101525562	1.91887684121	1.81399179541	38667.4706736	True	
1.83329891758	1.53361040063	1.68689046563	39835.0350496	True	
2.01077852243	2.2455563123	1.74601970376	37371.8177273	True	
-2.30252079362	1.74666147681	2.27929591795	22926.3386128	True	
-2.08104216016	0.562018667443	2.06645315259	27160.6217899	True	
-2.33498843712	-0.416600863557	2.39594103366	23830.1176646	False	
-1.13373414057	-1.59151982048	2.18042459451	24749.9853072	True	
0.860021233117	-1.76690818399	2.12451967648	25621.6340415	True	
1.80838293653	-1.76212169012	2.26853557677	22896.5765467	True	
-0.0249900777717	-1.7901651889	2.04262557805	31012.2356737	True	
-0.924278355647	-1.64943920805	2.07019006144	25569.9907223	True	
-1.14700273137	-1.82992690505	2.31113086811	24497.6644444	True	
-2.38152400921	-0.713166139958	2.2662190312	26762.6122667	True	
0.150806347832	-1.75833336406	2.2599335086	22877.5409729	True	
2.77753340925	-1.50736080498	2.05892169074	27399.7760281	True	
0.717750307601	-1.81962836745	2.34794029454	23736.0613008	True	
1.61457817621	-1.82140406029	2.33350267391	23601.0899626	True	
0.178017427981	-1.73895011603	2.20530158224	23080.1272403	True	
-2.27783683533	0.141501039875	2.18772480826	23851.2378908	True	
-1.71964835218	-0.821024828334	1.87455201312	32142.5252235	True	
-2.36098371051	-0.478600906353	2.44581329845	24918.0921839	True	
1.39122257425	-1.73147559358	2.19772742456	23126.7271141	True	
-2.187775874	-0.977472094661	2.22703828709	23156.3457538	True	
-2.05780741401	-0.888268388693	2.06133510416	26167.8869084	True	
-0.623528028415	-1.78065959948	2.16669627877	24902.641432	True	
0.991264564517	-1.64456349429	2.13911752056	24232.9006159	True	
-2.18816530174	1.06329364443	2.15990064735	24659.7062848	True	
-2.07357782956	-0.953404279421	2.12429268554	24929.6010167	True	
-0.258771826165	-1.71520713879	2.10510504883	25069.8801319	True	
-2.36950416249	-0.383071266538	2.35892470641	23799.7738453	True	
-2.25024832827	-1.0379831874	2.3592293892	23371.2171077	True	
-2.36632075117	-1.03254998851	2.35061880149	26023.9621625	True	
-2.34405026482	1.47214041161	2.32290575552	23043.7124679	True	
-2.30448638363	2.69576460882	2.24952419302	23079.8824851	False	
-2.38522961581	0.400218602001	2.37988279156	23900.6779711	False	
-2.29551435777	-0.202839813578	2.23277482985	23316.2243602	True	
-2.39528659431	-0.34652094082	2.42141134363	24793.6309492	True	
-0.12607424947	-1.89258237385	2.38231234446	26171.4279691	True	
-1.41487616422	-1.27485985338	2.0121522938	29577.0554625	True	
-2.30967259453	1.0662166233	2.35988899452	23750.3461661	True	
-2.27009401589	1.03391979842	2.24912513682	23177.2398861	True	
-2.21875730647	0.446180556969	2.02070545814	28953.264411	True	
-2.16251290263	-0.957806544318	2.30844873987	24712.4974806	True	
-2.24235873698	-0.770823169837	2.05721191504	29403.7018023	True	
-2.35245858234	1.68603675667	2.26304258317	23813.6497373	True	
-2.3060732245	2.78892036049	2.24099638721	23191.251609	True	
-2.36073091521	2.07016562029	2.22270458074	25198.6804061	False	
-2.43571134624	0.481340419621	2.30907728307	27315.5154666	True	
-2.43837683088	0.685985941397	2.4787871093	26655.8571018	True	
-2.25829928997	0.200413286697	2.24463717083	23267.7810341	True	
-1.89426378125	-0.928920445111	1.88196821062	32775.4591809	True	
-1.49447581814	-1.76872428324	2.3925505864	24501.3686749	True	
0.0142129116606	-1.5624901176	2.10842551015	26085.0004264	True	
-1.63387558873	-1.58523580082	2.03217515606	28227.4511314	True	
-2.0835867475	-1.25340252263	2.25753779506	23224.79987	True	
-1.95992187829	-1.1210590492	2.02886165579	26936.9817637	True	
-1.96171768365	-0.487450915257	1.95326695386	29547.0200065	True	
-2.27153933131	0.341828949304	2.32548918039	24047.3627362	True	
-2.39023227487	1.49840940578	2.36822000035	23943.3472946	True	
-2.31773276137	0.625576006486	2.24378805535	23335.5822651	True	
-2.28913810264	1.07297033886	2.27700746218	23015.1216809	True	
-2.30143339747	2.16074856977	2.30487209644	23042.2738568	True	
-2.21113407855	0.391550512076	2.34473573234	28540.7421507	True	
-2.13031891812	-1.58932263016	2.34121658965	26141.1510565	True	
-1.35036112611	-1.69273077754	2.19717399859	23264.4674209	True	
-2.37093688844	1.32109903932	2.31808636626	23599.4712415	True	
-2.46984683757	2.50216902336	2.45964578922	27992.9956176	True	
-2.24687026268	1.64239637284	2.1052411912	25685.4643101	False	
-2.17051945746	2.08903457122	2.20529333358	25785.8518852	True	
-2.31837284655	1.83546364972	2.35978910519	23554.7859667	True	
-2.08748363604	1.76071891773	2.0198527499	27594.9661919	True	
-2.3689294225	1.66159356122	2.37441719709	23529.2227365	True	
-2.37156873588	1.82906178894	2.26178388587	24575.2828442	True	
-2.29574380009	0.721336500021	2.25043294407	23037.0661144	True	
-2.36128395153	2.41292176615	2.37642287447	23483.2471941	True	
-2.30600838067	2.47177105259	2.23201284401	23319.1438506	True	
-2.34935260054	2.93414438666	2.31651029245	23117.2272388	True	
-2.28386208354	2.59976509205	2.34498091914	24236.8621928	True	
-2.2764652202	2.64080269995	2.31180474224	23697.233016	True	
-2.3237391946	0.506811852739	2.35065592368	23270.4825819	True	
-2.25128766462	0.489063155655	2.23976010252	23417.3322191	True	
-2.25675877018	-1.11257241508	2.31397907703	23215.8436195	True	
-2.27388366655	-0.854449726264	2.27481041012	23052.8390213	True	
-0.307776639132	-1.79961976477	2.19927365281	24438.274467	True	
0.873827277812	-1.73258196754	2.18970233397	23223.0546089	True	
0.155123187009	-1.68471255803	2.2274696204	23715.1390086	True	
0.813286048436	-1.64557015965	2.23844706731	25501.738108	True	
-0.396363361392	-1.58996357501	2.08499223052	25343.5686131	True	
-2.28335767145	-0.968381356289	2.13881268784	28055.8122614	True	
-2.33790395314	-0.14596835283	2.23737369134	24210.3319381	True	
-2.3653125952	2.88086933562	2.26642164975	24200.0341552	True	
-2.17808391419	1.77950188295	2.13683392279	24945.9489176	True	
-2.29921027753	1.87273274014	2.25860486098	22989.0460036	True	
-2.24790361502	1.93262276413	2.22277727724	23493.7755836	True	
-2.24423410696	0.955056563267	2.15023307678	24325.7067069	False	
-2.38955647391	1.20366348227	2.43998761	24745.874227	True	
-2.23635146369	1.30814973408	2.21736441432	23689.2068624	True	
-2.19214804548	0.93782850785	2.20415505806	24818.1351609	True	
-2.37159496763	0.530543048949	2.47613377234	25991.9518229	True	
-2.29436345676	0.26526577327	2.16087865122	24928.34513	True	
-2.31357392315	0.382878314234	2.30312913871	22915.1017758	True	
-2.28513551428	1.10730973932	2.33856187174	23992.6798212	True	
-2.35666269462	0.332131691001	2.45195377709	25332.037152	True	
-2.23210848564	-1.07160088711	2.2097714924	24121.3698199	True	
-2.17877759441	-1.26052538953	2.28974681762	22981.270531	True	
-1.74678051822	-1.58354015538	2.26534231832	23059.2723985	True	
-0.307223629142	-1.7442533495	2.31222502587	23600.8951836	True	
1.82060839704	-1.78794459311	2.35960572403	24022.8918011	True	
1.89969305499	-1.66914209496	2.16152929058	23773.8551309	True	
2.02335862094	-1.76856037467	2.20360417627	23410.0443171	True	
1.50514684246	-1.6893814455	2.11847507826	24288.948992	True	
1.56926841265	-1.77825351127	2.26261300907	22941.3056218	True	
-0.350553306117	-1.81325616546	2.35233946866	23771.4948679	True	
-1.46037370261	-1.57356239969	2.26338338839	25563.1071083	True	
-1.76740727395	-1.63922893674	2.18355837879	24373.2897618	True	
-1.67626430035	-1.59452040014	2.2703376693	23327.8190237	True	
-1.11607488562	-1.6610780735	2.11463089958	24482.0963874	True	
-1.34950475627	-1.68115960526	2.13871666844	24413.3356018	True	
-0.402670992411	-1.77328674369	2.2271806999	23227.0659207	True	
2.03310566512	-1.81224390112	2.36015173535	23889.1746375	True	
1.85272265292	-1.72187991336	2.26691371923	23380.0266311	True	
2.31217469612	-1.7765968389	2.24829386477	22989.0899342	True	
2.79566470695	-1.8317008343	2.37508706001	24278.0044109	False	
2.2716906881	-1.76938673593	2.29578638587	23056.5410462	True	
2.24899640111	-1.77575992904	2.24909281888	22975.459724	True	
2.36167983959	-1.81538280948	2.2823367657	23429.6236429	True	
1.94180752957	-1.63572585944	2.11339415047	24546.4931878	True	
1.96956981552	-1.76096117109	2.21836904549	23089.2771086	True	
2.47365421916	-1.79978709833	2.34079071955	23544.7403024	True	
1.73864943238	-1.81099243252	2.33245663683	23475.3018326	True	
0.578293430342	-1.71160777335	2.27623902161	23805.4590897	True	
0.667346117565	-1.78442897985	2.30379056803	23090.7389355	True	
1.48588329372	-1.74044592845	2.27985293428	23197.0330758	True	
2.91774370571	-1.7176424174	2.24600147767	23212.464059	True	
0.643302656277	-1.84383020404	2.3688309383	24358.5977224	True	
0.0246649305511	-1.80642788704	2.23774113181	23749.9384887	True	
0.223360773205	-1.78861186745	2.32166733229	23277.6711123	True	
1.9658925002	-1.75422670038	2.229389849	22941.1304523	True	
2.3036575071	-1.77591604175	2.23394018407	23101.6451562	True	
0.882167254041	-1.64917960009	2.09583857517	24719.6962151	False	
1.81616377223	-1.71944851205	2.23934700441	23128.6060167	True	
2.71242092125	-1.83381818553	2.32950493118	23803.0318581	True	
2.55821369254	-1.69577542239	2.19013915252	23343.7256877	True	
2.09003917313	-1.74746073706	2.24480881931	22889.0308534	True	
2.1375525322	-1.80713034295	2.30740800078	23257.4710501	True	
2.94778338138	-1.78155303477	2.24370588137	23086.5239039	True	
2.40757238934	-1.79357450323	2.26314304992	23121.1225466	True	
2.31033337428	-1.68183685548	2.13474668599	23950.1843668	True	
2.8749207456	-1.7112469232	2.25118875342	23402.2392456	True	
2.4386586599	-1.73201749921	2.22047451549	22977.1951147	True	
2.3367097499	-1.78211940761	2.29202817779	23004.7623525	True	
1.46132522029	-1.73107342791	2.24541125346	23008.4370789	True	
1.82267093729	-1.78052033733	2.25204255538	23009.9135177	True	
2.566561398	-1.73245830346	2.23664635757	22964.9686977	True	
2.74640354505	-1.7780596654	2.36543486305	24361.5996567	True	
1.2964598874	-1.78711184011	2.17733643766	24486.6028729	True	
-0.0215770308051	-1.75541871215	2.29274205915	23120.2053294	False	
-0.0668220781712	-1.7342736886	2.27946413161	23252.8475463	True	
-0.381266793383	-1.70985134427	2.21056869996	23104.4677596	True	
0.804403451728	-1.77456739472	2.21338516333	23359.4280435	True	
2.38233208312	-1.75043375263	2.2516100229	22885.510059	True	
2.17098655255	-1.68363470564	2.22420720701	23751.2923917	True	
1.35123037091	-1.75898079786	2.26519225068	22892.2805218	True	
0.46422904707	-1.77349704648	2.26231037187	22913.5068172	True	
-0.0925130638272	-1.6507608469	2.15204703882	24037.2544709	True	
-0.613211596787	-1.70263228639	2.14232426115	23926.1269762	True	
0.113022851021	-1.72434670072	2.21864213494	23011.3923564	True	
-1.0172680992	-1.70751402121	2.26492713717	23138.9329029	True	
-2.12850240676	-1.31642154916	2.30720573226	22955.543211	True	
-1.50274568087	-1.72000299464	2.21002001711	23858.0229895	True	
-1.00768806541	-1.82856490448	2.32518471277	24150.5007933	True	
-0.637389950389	-1.67066007922	2.16727723321	23597.3763321	True	
-0.505584815309	-1.78021550568	2.29685828361	23041.9076463	True	
1.03904757165	-1.75829626756	2.19548342561	23387.8835284	True	
0.960514348106	-1.75632673543	2.19775984919	23321.9836191	True	
1.55195861811	-1.68958152935	2.19295713233	23421.6847816	True	
1.19995555052	-1.72947778679	2.12678504761	24550.6958891	True	
2.2085117257	-1.76367443675	2.22498093755	23046.3227315	False	
0.289229229015	-1.75318262381	2.15238865652	24307.9586865	True	
1.59582802968	-1.75988244145	2.2311819879	22960.7802569	True	
0.503028145191	-1.74287973265	2.20662705196	23080.8637816	True	
0.973405189911	-1.73857018688	2.20993162304	23031.6435595	True	
2.66754301484	-1.68739887275	2.17707170747	23481.6543308	True	
1.88500376801	-1.80554236653	2.2698157883	23295.5356904	True	
2.4011711164	-1.68648202814	2.24117100518	23925.9659158	True	
1.63541351891	-1.79881841124	2.29420415682	23124.0726448	True	
1.66287890981	-1.7752530637	2.31920244508	23320.6909883	True	
2.62620712199	-1.71790475806	2.18300848761	23265.5210677	True	
2.45462690997	-1.7685995134	2.23386526738	23013.4413834	True	
2.95489123663	-1.77122678044	2.20384514489	23454.1285808	True	
2.14864172415	-1.74566045185	2.24347588687	22894.6392134	True	
0.810097844642	-1.71800191568	2.18795868006	23215.2044004	True	
0.618068033972	-1.77461113653	2.27517231201	22921.321538	True	
-0.575229581256	-1.74555739088	2.30868819948	23420.3002821	True	
-1.16084204695	-1.73308065806	2.29609461665	23061.7372245	True	
0.439068274819	-1.73049838089	2.18934577659	23221.0002055	True	
-1.97449176571	-1.39382416004	2.22041125267	23200.3759371	True	
-1.30943225525	-1.72668008132	2.20848950388	23441.3038407	True	
-0.754275388493	-1.73947612205	2.32821796732	23887.9900792	True	
-0.500499335845	-1.77885733622	2.25610176693	23047.9105975	True	
-0.84293516228	-1.76174739557	2.23671950609	23092.1420253	True	
-0.784048586663	-1.71302994137	2.22264282012	22999.8814103	True	
0.0434267513993	-1.78137060234	2.30732705901	23122.5874153	True	
0.135699966362	-1.75399253593	2.24504331277	22880.465733	True	
0.22403018401	-1.76212479899	2.31243397679	23343.860172	True	
-0.701347251893	-1.74975250665	2.26727344687	22892.1541851	True	
-0.302415600186	-1.79637584966	2.28000279015	23151.6032153	True	
0.909672568221	-1.71034746522	2.21551610778	23154.7016074	True	
1.44796266202	-1.76621442288	2.22746963361	23048.679502	True	
2.472318817	-1.74989208731	2.17377443565	23678.6643022	False	
1.93230099133	-1.74747033837	2.151251496	24189.6385493	True	
1.94048556268	-1.75929912773	2.25326270212	22873.8403964	True	
2.85286673072	-1.80577152175	2.30225219546	23224.047561	True	
2.75822270023	-1.73187997243	2.29024583293	23549.2613674	True	
2.75328143462	-1.69652362932	2.17357400951	23422.9664693	True	
2.6089231354	-1.76431042638	2.24575966796	22904.678594	True	
1.80298637531	-1.76025187462	2.20321549863	23285.4988475	True	
2.94229298006	-1.7803052238	2.28014153952	22951.9861514	True	
2.91428178949	-1.73344597097	2.2305495899	22953.1537448	True	
2.83248231683	-1.80864450413	2.26853756862	23371.7871139	False	
2.85045037139	-1.71366034784	2.21634069922	23120.0838498	True	
2.94362202615	-1.74201971657	2.26809907726	23041.1298894	True	
1.85151789594	-1.75251873725	2.2785972162	23020.7768798	True	
1.65966894801	-1.80041355768	2.28653548035	23140.3712923	True	
1.18063168587	-1.74279043973	2.24420147284	22907.2084244	True	
2.28563696782	-1.71426402491	2.19468566862	23173.9017907	True	
1.97078273725	-1.74496494188	2.21943503449	22974.5931148	True	
0.83315649317	-1.78103568288	2.2822958136	22961.9239379	True	
1.19006717394	-1.77107298172	2.273597338	22909.1032374	True	
1.4907199711	-1.78933533972	2.28180625872	23015.4231251	True	
1.05868489182	-1.76299253623	2.25030353399	22885.5361367	True	
1.98153559203	-1.75236505568	2.26235704507	22908.8345316	True	
0.765041897615	-1.70971528382	2.17491119605	23359.6500174	True	
1.14201585101	-1.75864760439	2.28531327687	23027.5895757	True	
2.34543952761	-1.69789326401	2.18902654574	23323.9318251	True	
2.11511322121	-1.80319357536	2.36976596538	24123.7413873	True	
2.7490519218	-1.75909577368	2.26131466106	22881.3451128	True	
2.40100535402	-1.6654984615	2.16923659314	23815.3451833	True	
2.73734441597	-1.76888233495	2.31143620188	23261.6560085	True	
2.29707207493	-1.73482540859	2.20970198347	23027.9371877	True	
2.78652635336	-1.67857343939	2.16846508192	23622.0437535	False	
2.3724078162	-1.77808936532	2.27632881095	22934.5713848	True	
1.85809697064	-1.78364634318	2.27528301887	22966.7480275	True	
2.21325651885	-1.72926678037	2.25100501993	23067.2918421	True	
2.74334288885	-1.68096550136	2.17436525516	23569.3798967	True	
2.88002298854	-1.72403093048	2.23026885601	23029.9006339	True	
2.25899689972	-1.78079184363	2.25847654332	22978.4425324	True	
2.12948968498	-1.77295323839	2.30256240258	23109.2225638	True	
1.62186784097	-1.77061617607	2.24742783228	22938.6206196	True	
1.3972128966	-1.73079378072	2.21846090149	22988.0755826	True	
1.38917525577	-1.73947727375	2.21801742462	22975.5230936	True	
2.03052273501	-1.72287253011	2.23569059691	23061.1065393	True	
2.11222991385	-1.75488431589	2.22286187699	22993.0334329	True	
1.7806242947	-1.73705619628	2.27489504278	23189.6058348	True	
2.61620301136	-1.73061069169	2.20037468781	23100.07631	True	
1.51987389245	-1.79488102119	2.29752743244	23096.1640477	True	
1.36993650236	-1.76291761205	2.2599404389	22877.4083721	True	
-0.204295933588	-1.72450045497	2.26145077395	23179.2354285	True	
0.700934573318	-1.74051441418	2.20891099661	23046.7789091	True	
1.26664181041	-1.7604852731	2.27541584653	22935.7662251	False	
0.698976856785	-1.72721475967	2.2200370022	22999.1831549	True	
1.15100202254	-1.76190561166	2.27705259888	22939.2247889	True	
1.04787157273	-1.75380258945	2.2590010066	22889.1835502	True	
0.290990205695	-1.79015573133	2.26270556252	23087.4991059	True	
-0.579101763569	-1.72269950753	2.23750352398	22974.4909258	True	
-0.191926582619	-1.76451129786	2.26456806757	22887.075996	True	
-1.40779058031	-1.67799152486	2.18696155921	23378.2329252	True	
-1.4527741332	-1.7038099398	2.31797600849	23292.2377431	True	
-0.606603813414	-1.74942767023	2.25549841211	22873.6424489	True	
0.193803646127	-1.74902126238	2.25549107585	22893.7032967	True	
1.14862872906	-1.73994087509	2.205393547	23076.7283475	True	
1.32290362564	-1.80592649267	2.28465381221	23230.5960029	True	
2.18921578953	-1.77949893058	2.24930482667	23015.4208332	True	
2.68085564118	-1.74296441262	2.25845547238	22958.0744684	True	
1.4991271132	-1.75208054569	2.2884266022	23135.5506616	True	
1.42603892719	-1.75453000111	2.26570486271	22912.3445892	True	
1.24717732767	-1.76162102899	2.23423538498	22951.5971222	True	
0.660634264885	-1.75530486144	2.23814104913	22901.3455909	True	
1.74083792117	-1.77456118767	2.24698246694	22976.5251262	True	
0.95698356203	-1.78319060602	2.28886840685	22993.2760611	True	
0.353972577106	-1.76982147203	2.29220734942	23015.2586317	False	
1.33658094571	-1.7375953765	2.22301875663	22952.3965508	True	
1.96609431865	-1.76583733775	2.27908467613	22937.364552	True	
1.72570028241	-1.7808770167	2.26858501911	22950.2931786	True	
2.51112675775	-1.73367378769	2.23464962954	22952.9098476	True	
2.93806424406	-1.7697557083	2.25401378987	22905.885448	True	
2.6314559153	-1.76646153509	2.22329844028	23094.9735423	True	
2.66621861817	-1.74949509918	2.25030310878	22886.8840823	True	
2.7513007496	-1.72872149275	2.23338694376	22990.8935056	True	
2.83628499442	-1.77157945175	2.24216355595	22978.5071388	True	
2.63259938104	-1.7333498773	2.22272210872	22965.5801496	True	
2.45512529835	-1.73573621335	2.26936273478	23144.359577	False	
2.69641252836	-1.76913502711	2.25834619292	22893.3861	True	
2.40506120744	-1.75882783895	2.24941320825	22876.7866863	True	
1.89960443362	-1.72838638037	2.26529022376	23223.4780243	True	
2.32324458294	-1.7337996794	2.23120071623	22950.8293562	True	
1.7666982522	-1.79112212691	2.28457169818	23033.2309685	True	
2.3532828601	-1.74818362943	2.24429135805	22886.9878349	True	
1.34605804112	-1.77727127698	2.28815704392	22976.0034422	True	
1.2844552876	-1.7752212767	2.24037965631	23033.1495599	True	
1.46400866596	-1.79913701947	2.29548313401	23130.3176952	True	
0.608766786128	-1.75494525828	2.24527892235	22879.7764652	True	
0.522586008699	-1.75366326369	2.26152961447	22895.9791607	True	
0.43234479357	-1.7762086543	2.30747175532	23144.2261045	True	
1.12805469722	-1.74043672404	2.2040860307	23092.2167198	True	
1.46940618669	-1.75874593619	2.25163395446	22874.3783907	True	
1.81864330405	-1.7934832712	2.30785318892	23145.3572613	True	
1.46785188695	-1.72858019672	2.23167416596	22988.6062228	True	
0.741877150105	-1.74754599011	2.28091866466	23098.5759156	True	
0.974538067989	-1.76909194125	2.26471135469	22891.0082834	True	
0.430407116852	-1.77704273118	2.23134718264	23158.8519433	True	
0.467560884406	-1.76056868152	2.2750668355	22930.1305965	True	
0.380095276511	-1.74824673394	2.24116516701	22887.5563778	True	
0.778140115446	-1.72690718527	2.22574786622	22995.7108667	True	
0.971416040433	-1.74874010041	2.28542903915	23139.9628263	True	
1.08426548856	-1.76166148852	2.25368957959	22876.5989458	True	
1.95765290383	-1.75959579693	2.23672164535	22923.4562493	True	
2.16842833248	-1.75988838689	2.2508474035	22876.4420761	True	
2.87632871316	-1.75872809873	2.25614446586	22874.2663892	False	
2.20183391043	-1.75935552869	2.22099257843	23045.1811787	True	
2.47754501686	-1.8080703828	2.27783991657	23296.8675177	True	
2.8516462652	-1.72252477426	2.24300674617	23107.3567365	True	
2.92901313671	-1.77273841574	2.29017333004	22993.0980134	True	
2.83795067874	-1.75826188509	2.2661227952	22898.2699927	True	
2.81008479936	-1.77038532681	2.22938788402	23076.4459771	True	
2.89112042417	-1.776029375	2.26932671109	22918.4348867	True	
2.37667093608	-1.74901475966	2.25601997452	22902.6076955	True	
2.89984436656	-1.77149368232	2.2609135193	22900.7608646	True	
2.23880557038	-1.72022620953	2.21948766227	23054.6931484	True	
1.92188548942	-1.76992019007	2.27230289607	22904.163463	True	
1.48882747655	-1.7726892498	2.27590409888	22917.9822795	True	
2.02954145462	-1.75537737334	2.28254516583	23031.3029138	True	
1.84354850992	-1.77599117212	2.29498043277	23023.6278539	True	
2.11382263208	-1.76259920058	2.24882805598	22887.2051105	True	
1.88971055405	-1.79691908791	2.29061177527	23097.6159869	True	
2.02924482238	-1.76057811316	2.265815923	22890.610844	True	
1.73162746298	-1.75971510562	2.25972887222	22877.5247951	False	
1.39384665618	-1.74762769703	2.2364054253	22897.8158627	True	
1.30457513162	-1.75257374423	2.26890837205	22942.3211328	True	
1.1084286499	-1.76845686788	2.26579881907	22890.1621334	True	
0.777273483633	-1.73484790815	2.24242602165	22955.9643085	True	
1.38987981778	-1.73966977885	2.23288486747	22921.1808235	True	
1.72434018131	-1.75870482331	2.25084943097	22874.9744775	True	
0.98698196479	-1.75855584781	2.2676959196	22902.8509614	True	
1.03488146131	-1.76453295968	2.2736198379	22911.7406721	True	
0.923121142936	-1.74271269409	2.22980013607	22920.6836086	True	
1.57512737444	-1.75960705627	2.28896034661	23057.8066358	True	
2.24248951926	-1.76647838453	2.2578826047	22884.1466797	True	
2.68402203289	-1.78867342081	2.26810558633	23028.6085892	True	
2.49115522742	-1.76435982576	2.26724350801	22889.6194025	True	
2.82527991171	-1.7501564975	2.23138667511	22917.1456744	True	
2.89254664186	-1.77953412315	2.242156626	23071.9806474	True	
2.69163990658	-1.78667640014	2.25867886073	23047.0255886	True	
2.91449863868	-1.72751225347	2.22782308482	22994.389957	True	
2.50436373286	-1.75076566974	2.23514459706	22902.5229858	False	
2.05387650894	-1.72596554696	2.24466520851	23068.9115856	True	
2.23146468924	-1.73442176918	2.24566647557	22974.8976701	True	
1.76273525873	-1.76927009137	2.28319953794	22953.1550198	True	
1.81359114249	-1.78044079247	2.2839774514	22963.736421	True	
2.37095919541	-1.74653489306	2.22143434962	22965.1636875	True	
1.9340091732	-1.74274717629	2.23489147317	22908.9281549	True	
1.48268463424	-1.79245870033	2.27102444783	23067.2470381	True	
1.52318713364	-1.75632354536	2.27350254658	22947.2723143	True	
1.35745461112	-1.75282738802	2.24460136919	22880.0635749	True	
1.5511598243	-1.75725077977	2.25109319814	22873.9728035	True	
1.34307341536	-1.75656795429	2.24540952549	22880.7736197	True	
0.68598241472	-1.74977390687	2.25374439149	22890.3645074	True	
0.54572970326	-1.73334569936	2.21294270315	23007.0794362	True	
0.167524089264	-1.72670928053	2.23329800361	22994.7020655	True	
0.341307900015	-1.76626752896	2.26101535763	22884.7310697	True	
0.481954347542	-1.73336036448	2.2319505922	22948.9803424	False	
0.608071011415	-1.77399189748	2.29528258666	23029.3542525	True	
1.08524424755	-1.75408974604	2.22417122642	22978.5225749	True	
1.27213519332	-1.77426519992	2.26232369207	22914.4082827	True	
1.41243885289	-1.76201813259	2.25793929035	22875.6959547	True	
1.55613296316	-1.73443600065	2.24221131277	22961.6440356	True	
1.47604158276	-1.75521339546	2.24452883374	22880.9537302	True	
1.65047028944	-1.73855483072	2.23884061084	22925.1024459	True	
2.32725821317	-1.76878280016	2.22722298958	23079.8305035	True	
2.27952323917	-1.73896756222	2.21272147379	23010.0934329	True	
2.45327387613	-1.75884294321	2.24361656396	22890.2457995	True	
2.06708753379	-1.76634822116	2.28555920606	22979.9223136	True	
1.76063888858	-1.76849037317	2.25357123275	22900.3523932	True	
1.22196142713	-1.74421936252	2.22876989656	22923.3752872	True	
0.947489291062	-1.76246117306	2.27060705075	22903.2994848	True	
0.623589099536	-1.73775233363	2.22697712208	22938.0515491	True	
0.835554806201	-1.76503084186	2.26398905822	22883.2896108	True	
0.823928244917	-1.77095558742	2.28692794822	22972.9655395	True	
0.901266921573	-1.74189590082	2.23786558554	22907.8725507	False	
0.994614563682	-1.77821436165	2.25263296983	22982.6686442	True	
1.22898191353	-1.75168951456	2.26635659477	22932.779716	True	
1.16965754569	-1.77167256873	2.25384300366	22919.4639341	True	
1.53027589876	-1.75628151093	2.25584260883	22876.4545899	True	
2.31434360083	-1.76332519239	2.23483476241	22958.8135648	True	
1.7210688645	-1.76716547124	2.27538528578	22915.4031809	True	
1.76020186139	-1.77086692603	2.27295995662	22907.0200943	True	
1.80850299862	-1.76180230793	2.26772209568	22894.3559342	True	
1.58246646759	-1.73952385577	2.22746153244	22933.4407137	True	
1.56667362624	-1.78662907691	2.26619188908	23011.9008909	True	
1.99355695656	-1.76841687606	2.24510424059	22933.5997916	True	
2.33421477838	-1.73045026387	2.23617781766	22981.1908424	True	
2.24403713105	-1.73324787852	2.21922285641	22977.3788334	True	
2.042949507	-1.75485133266	2.24929837855	22875.2433923	True	
2.06397854054	-1.76315829448	2.25527758093	22877.8181823	True	
2.60452853136	-1.75355716229	2.24321702807	22882.3319922	True	
2.76595114898	-1.75059673045	2.25410656454	22889.7314218	True	
2.41652681487	-1.76487364597	2.25504975632	22882.3502121	True	
2.59553007343	-1.75871373326	2.26525643882	22893.560854	True	
2.50728055534	-1.76224467646	2.23371131273	22958.7727155	True	
2.96986580755	-1.73915917415	2.23268953087	22923.6238855	True	
2.91110567785	-1.73982889888	2.25195938534	22952.3305066	True	
2.981587129	-1.74534192112	2.25215900219	22911.4163712	True	
2.86859583681	-1.77446078472	2.24112275529	23016.8036491	True	
2.68861989802	-1.73201298747	2.20659525848	23049.9892213	True	
2.86755819212	-1.75346110834	2.26507136076	22915.5481778	True	
2.6022851185	-1.75429250603	2.26385924978	22905.4985728	False	
2.44242582559	-1.77536487166	2.25922543106	22927.7914198	True	
1.99938923673	-1.76407349088	2.25387063574	22881.6635092	True	
2.79834191169	-1.76015480216	2.25478103855	22873.9935814	True	
2.94899037103	-1.7739569784	2.2768187603	22922.8412928	True	
2.86302810461	-1.74703170066	2.24216522861	22890.5498924	True	
2.72352782846	-1.75075141311	2.24560563374	22881.2656727	True	
2.81154958292	-1.75030720132	2.24057355619	22887.4168575	True	
2.88998589361	-1.7538348184	2.26384948224	22907.7683744	True	
2.84232975119	-1.74699212689	2.23935083877	22893.138147	True	
