Parameter 1	Parameter 2	Parameter 3	Potential	Equilibruim
2.19760132967	-0.238206009779	1.51569923741	61910.1428837	False	
-1.03885068807	-1.76768499574	2.4393177513	27004.3148544	True	
-1.84047337664	1.65489317863	1.63187573877	54022.066763	True	
-0.485465093904	1.69883222294	1.80079529796	37581.2325179	True	
-0.84872364485	-0.532921852549	1.74836476473	36929.7893963	True	
0.843123173283	-1.72634116554	1.97171013492	32433.0414003	True	
1.41565870784	-0.694963900001	2.36203366585	214550.013669	True	
2.55431456534	1.26968956351	1.78484977511	37505.6109433	True	
1.81612626087	-0.918165979766	1.63783627713	46940.3740018	True	
-2.27253815287	0.898685264047	2.12973029304	25370.3141053	True	
1.60531194547	-1.84094898398	2.00290884838	37094.7004678	True	
-1.96043690203	0.179423321841	1.76453571547	41273.2923152	True	
2.35810253628	-1.36070929825	2.09535829878	36195.0124373	True	
1.75599042024	1.28112951919	1.75593379774	37258.1633074	True	
1.17981655904	-1.98494737591	2.07970067796	45661.5825773	True	
-0.84745002204	-0.15636097391	1.81586853673	36778.8816091	True	
1.27714117299	-1.67382225088	2.64287582671	67549.8092391	False	
-0.374983902946	-4.63796070913	0.78377298153	311338.094911	True	
-2.78608788366	-2.01060398286	2.98423982228	134893.187267	True	
-1.10831283843	0.119005200414	2.02641265797	64319.285923	True	
2.74315478	0.39932210827	1.83190204125	39510.966058	False	
-0.545286653465	-1.32439745646	1.23400427694	128704.986303	True	
2.02025817376	1.72281783131	1.68503234105	39958.7803666	True	
2.05749727101	0.85663793873	1.90521213835	48472.5064921	True	
-0.063611464109	1.5184526236	2.11170998896	112769.823724	True	
0.0887608616752	1.95232778977	1.55677281256	54544.9157664	True	
1.73627686598	-1.7435140004	1.73447758884	57291.5017539	True	
0.19591944637	-0.90057705418	1.69501237795	40839.8919742	True	
0.280641595658	-0.268669963885	1.11303652025	148046.829596	True	
-2.29638853583	-1.08998425597	2.09497206242	32702.638835	True	
-2.93056790046	0.117024524728	1.80286080091	163151.588943	True	
-1.21113526582	-0.785312371595	2.07337151187	56785.6674579	True	
-1.26971119463	-0.852742777964	1.9817631605	39845.3802734	True	
1.96908744567	-2.46007504808	1.81235143037	146885.200212	True	
2.15464708554	-2.080693166	2.23870311569	49526.6385825	True	
-2.20149570129	1.52176907268	1.96284564154	31882.9551069	True	
-2.28312661529	0.494311714096	2.28442765217	23109.212229	True	
1.43087387653	1.80121771156	1.75114472382	37303.7076497	True	
2.87826242184	2.45631152784	1.85271970813	41683.5681548	True	
-0.578128854722	0.116363477679	1.85688221825	40208.5516113	True	
-1.96596350446	1.09103951579	1.99007394452	29716.3544656	True	
2.70687062938	-1.4567916048	2.4003124167	68191.1985653	True	
0.457398950522	-0.0848262040584	1.74394934052	37235.4841949	True	
2.64765264769	-0.915953070659	2.07804219764	64682.0331918	True	
2.0145866768	1.28346648693	1.5824183355	50735.5268951	True	
-0.739660216917	2.40145144357	1.50422396642	63935.7208114	False	
1.33619573199	-0.197653354664	1.82679553035	38274.5320387	True	
-1.81732928822	-1.43821102825	2.11868002118	24501.027768	True	
-2.66932529293	-0.718493697401	2.59098027985	57805.0447364	True	
1.90554087682	1.02533403551	1.22051776239	123083.030977	True	
0.392271921144	-1.80362807362	2.06568763979	30277.9417487	True	
0.813960118586	1.59667173538	1.55895137257	54124.7991245	True	
-1.99179410983	1.87998860176	2.23394833299	43561.383748	True	
-2.45740968686	2.22751217218	1.70372610035	83214.7867071	True	
-2.5027894471	-0.359768757424	2.6762723689	37855.2806174	True	
1.27646108757	-0.999755069565	1.82240392644	34455.9813009	True	
-2.13493832155	0.574422982779	2.17552065978	26633.0044372	True	
-0.125426801188	-1.79041461613	2.07353937619	29204.6413934	True	
1.41811120154	-1.89232152907	2.36605798503	25994.0943489	True	
-2.55533125228	0.160617478025	2.46290828129	36963.5531769	False	
2.3921945964	-0.268248039204	1.73856629193	37341.5744565	True	
-0.477861570741	1.05665008662	1.42338496831	78953.6080778	True	
-0.872354491872	0.95460672381	1.47665641469	69335.7123936	True	
0.611329392321	1.34063669973	1.82181196625	39058.4393458	True	
0.0648113099289	1.8046797564	1.78879130947	37516.6742435	True	
-1.9764991842	1.82152486534	1.88809984687	32029.3000755	True	
-1.45041711606	-1.16867395262	1.82063992226	34745.2880853	True	
-1.1236682891	-0.417192423972	2.01227818073	55510.8938084	True	
-1.70273909472	-1.37215126373	2.08116631372	25876.4167403	True	
-1.61749982806	-1.58851550137	2.28107502825	24086.4646468	True	
-0.747865553482	2.59451516034	1.5881879416	50682.9795425	True	
-0.577256538563	2.4717496656	1.87155520672	42489.9351624	True	
1.51968992459	-0.332387070046	1.87952304091	42012.6497015	True	
-1.78504859925	-1.56582743799	2.00346081137	31246.4791251	True	
-1.29123320403	2.16942599352	1.70154248319	39892.3526852	True	
2.23332430118	0.324249247516	1.86465233105	42403.1284908	False	
0.811873950261	-0.955012621462	1.99126213349	45927.7129148	True	
0.54374104872	-1.60065988839	1.87936709863	34662.7746865	True	
2.00336223593	-2.20339222249	2.66207849205	66873.6590405	True	
-0.635227788057	-1.64110077892	2.3440103668	30281.7960943	True	
-0.819853393182	-1.18890655451	2.18710538975	60672.4308191	True	
2.60368152608	-0.818670019537	1.48312851557	70226.5675821	True	
-0.985494927656	1.28781368589	1.71755570457	38348.7176095	False	
-2.16957774338	-1.95575010936	2.83441845372	65467.7556883	True	
0.620843332671	-2.09129965991	2.59818370297	47752.2643641	True	
-1.84446726413	-1.39458187737	2.01612742347	27874.5036794	True	
-1.8315347586	2.45088693515	2.29872244341	81831.4872418	True	
-2.20632939896	0.796005048673	2.46168671936	39331.6584699	True	
-1.22083103871	0.112136368362	1.66728239004	42891.0488929	True	
1.33353171234	-0.850094672733	2.01234324281	53507.0149212	True	
1.58115961852	0.186396200062	1.59039095887	49905.8892697	True	
-0.678545440389	2.87304659601	1.75883293783	36992.5631782	True	
1.00640540301	-1.35335815513	1.95332107115	30396.2739278	True	
-2.05690300002	-0.815177368917	2.64526665965	90652.2254018	True	
-1.33453952557	-1.04399603806	1.92898670993	32603.0479266	True	
-1.25958640792	-1.58371812705	2.21137314364	25086.7916046	True	
0.584106551195	-0.61094948013	1.64950856328	44104.080496	True	
-0.336303779945	-1.91569247938	1.86612296204	57039.0954318	True	
-0.157155892024	-1.24455467687	1.87772638181	32097.1959326	True	
-0.953901746095	-0.710663709664	1.56146257907	57528.3318661	True	
-1.4077065975	1.15515023019	1.71863967875	39003.016702	True	
1.26466559084	1.60586655471	1.737291849	37535.7992955	True	
1.10021520526	-1.33073035813	1.53503431309	68763.6631933	True	
-2.40362811795	0.231612843451	2.49601969546	26488.5409686	True	
-1.23847276746	2.53473204113	1.59401893303	51513.22293	True	
2.09610867947	-0.335745494404	1.83255768223	38181.442577	True	
1.54061736007	-1.9477919074	2.24840419813	32281.3093347	True	
-1.99831923708	0.981414838426	2.24758315888	44274.4266079	False	
1.67496303776	1.0993613419	1.73218646132	37663.2700277	True	
0.0158818815255	-2.07454127979	2.10827555949	56197.7757663	True	
0.357619268519	-0.65277850309	1.98270608506	53522.8620439	True	
0.474083188426	-1.62853328081	2.39571786511	37317.2192334	True	
-0.150812914907	-0.197545435134	1.71014957693	38624.9051488	True	
0.701837850799	-1.26493599682	1.98366909884	33504.4146989	True	
-0.91883185799	1.62026161388	1.89010755061	43031.2277621	True	
2.56217853936	-1.77469216209	2.09830741591	27036.6128582	True	
2.05725733229	-0.212589135755	1.59336951777	49912.761823	True	
0.577013064024	-1.32396950377	1.80310239822	35351.3341703	True	
2.71391019712	-1.5717854313	2.14940787297	26550.1549121	True	
-2.18297067269	-0.0912993066214	2.32877613949	29304.6460602	True	
0.577320330072	0.668927906023	1.62626229947	45352.928128	True	
-2.39780383045	1.98582982539	2.39345132789	24230.3907474	True	
-1.8969308241	-0.684687703	1.99500834724	29311.8565457	False	
0.649086307136	-0.394263575426	1.66383437303	42195.5675936	True	
-2.15309066801	-0.362383954028	2.59708457205	67067.0540221	True	
-1.63744741163	-1.46838188455	1.97794118517	29046.1392744	True	
-1.6958551792	2.55681408283	1.827404753	34099.0166134	True	
0.842690521331	-2.08164464478	2.38625104274	44913.9827324	True	
-1.47750914207	1.78438958534	1.36064019037	96657.6266578	True	
-1.42699978253	-0.316416815466	2.14366159418	78145.8615097	True	
2.12418449082	-1.61353338156	1.85108605208	37456.242026	True	
-0.852068503427	-0.140896144075	1.72502334253	37968.8203143	True	
2.54380084422	-2.00031134652	2.47635598255	34599.8409042	True	
2.38880810372	-1.32157071263	2.14853439723	45076.9621367	True	
-0.313266417702	-0.271395247355	1.9457433882	51227.0282984	True	
0.515027154564	-2.070489883	2.37732862263	43478.5410985	True	
-1.64533409717	-1.16709941873	1.85662647505	33395.7771664	True	
-0.137242428967	-1.80679241817	2.45353169286	27213.7607875	True	
1.37372538168	-0.589599767543	1.92556447188	45305.1030774	True	
-2.2337300139	-1.00274801693	2.30833960125	22945.0019805	True	
2.68776434895	-0.895229971052	1.65769610294	44472.8642407	True	
2.10798974176	-0.946378435902	1.82411372374	34739.5359141	True	
0.247416236693	0.848345913267	1.93594143918	53878.8468885	True	
0.649557795245	-1.07391389301	1.94066261358	36790.1439387	True	
-0.715666866439	1.14537093138	1.70876826274	38701.3000389	True	
1.72303272881	1.38025675371	1.6238345116	45539.7887409	False	
-2.3765902584	0.74548105943	2.21508028108	26367.4761029	True	
-2.20964994058	0.689886627053	2.35264312855	29318.1926855	True	
-0.877809365385	-1.64324941884	2.39096045514	32839.0720503	True	
2.04255843548	-1.70874011504	2.2855852375	24141.1382006	True	
-2.20779461998	-0.692998009715	2.22579707544	23389.4637146	True	
1.34557774728	1.01664886624	1.86448146017	42825.5086235	True	
1.08890326907	-1.80817989674	2.14873152092	26312.2890319	True	
-2.42472954269	-0.499632651092	2.39715004852	26236.3163263	True	
2.95523534593	-1.03762052272	1.5723138974	57247.3296225	True	
-2.42184062891	0.233064454759	2.12156729263	35189.0414435	True	
1.73993979895	1.49874522043	1.91802970569	50920.0124603	True	
-2.26608745285	-0.70178908543	2.46941344531	28919.7365236	True	
-1.71679522906	-0.298420247601	1.69891726106	43907.7841926	False	
2.65230240897	-0.0104703820865	1.70598336206	38770.8859777	True	
-1.58556881916	1.98281065079	1.92315294046	36878.2976776	True	
2.16326706778	2.30849306235	1.50972457916	62072.4931005	True	
-1.87470446966	1.15554032163	1.84481298357	33576.0765408	True	
0.177923636402	-1.55894038864	1.63755205889	60451.7605338	True	
2.06749807492	2.41412376888	1.65530404522	42323.5437977	True	
-0.0338889766953	-0.552375110148	1.71734655862	38377.105014	True	
1.40284572709	2.72304018925	1.75857753797	37257.1918264	True	
1.69206040603	1.36089101006	1.74380021826	37401.3618609	True	
-2.07312529904	1.21208890374	1.97715137622	28793.7665675	False	
2.86623110419	-0.194438883334	1.68860955996	39942.5016324	True	
-2.25711088433	2.27322876843	2.1668803977	24042.6364382	True	
-0.399886591131	-1.62228893748	2.3246846713	31054.0635927	True	
-0.159406863665	2.42763046158	1.82542652643	39071.308801	True	
1.50615131125	-1.68052666747	1.78260497675	47579.1258292	True	
0.0803746842086	2.58280895439	1.76286175117	37197.5702053	True	
-2.30207727343	1.05238121888	2.49173658429	30684.5578821	True	
2.42956544076	-0.210153861777	1.77051312164	36815.6624842	True	
-0.811065605853	-1.31692454447	2.06379030208	34302.6705172	True	
1.74798294787	-0.843394483257	1.83286660523	35464.8451527	True	
-0.406194149837	-0.801035004214	1.87424299635	36899.232509	True	
-1.7288488795	-0.646756167259	2.11194535371	43555.1748973	True	
-0.494771216411	0.197634357124	1.84517649982	39553.9554646	True	
-0.886196868123	2.7285698914	1.67660262064	41066.5091513	True	
-2.23406568265	-0.303914207677	2.11574992379	25361.0566252	True	
-1.15844227101	-1.82030290527	2.34212416497	24162.8022271	True	
-0.209150222173	-1.81843080346	2.38505657329	24433.5580719	True	
-0.251552855813	0.334933128148	1.69756637185	39277.8280909	True	
-2.45146113745	-0.483586726524	2.01020195957	48905.5827093	True	
0.668023173524	-1.89258799706	2.17346437209	30559.5622895	True	
0.312236100738	-0.613451448617	1.54996746479	57498.9933526	True	
-2.03307112554	-0.367313830916	2.02220399649	27753.5603675	True	
-1.54446744238	1.72101047439	1.68196163077	43047.3702935	True	
-1.710252797	-0.101351935002	1.99790456398	37388.9388444	True	
-2.32144762656	1.33764612413	2.13112727097	27038.4530469	True	
1.62693705471	-1.60124242312	1.93592142524	30676.1308525	True	
2.9076305369	-1.68151521432	2.23781305998	24026.1113416	True	
0.0271657997085	-1.69900640102	2.39227378037	29559.5475487	True	
-1.22999878994	0.526633543737	1.85322080853	37326.0893868	True	
-0.183783214012	2.34005017565	1.77970636993	37261.8547487	True	
-1.74814241174	2.00206202621	2.10393438769	50224.4303545	True	
-0.757662447334	-1.13366965409	1.85708523722	32967.3877585	True	
-2.43624031714	-0.218640455526	2.30834659305	27951.7719788	False	
-2.47256677583	2.39596824415	2.47863279898	28330.4237703	True	
-1.56480198652	2.03953029854	1.855294456	34617.0066853	True	
-2.34235923523	-1.12611509311	2.34907510577	25706.4603473	True	
-2.39945472614	0.739377410514	2.2394691582	26888.0836486	True	
-1.95567967205	-1.49814140602	2.21013939017	23371.5005504	True	
-1.04397493081	2.31504166804	1.60285362165	49447.3854257	True	
0.18270643357	-2.04943295508	2.38329681407	40517.1265099	True	
1.44940415356	-0.0118493370666	1.7005234976	39088.3884619	True	
0.146309749329	-1.82835169238	2.20155719307	25433.9226731	True	
-1.01121534328	2.14958085204	1.64797025033	43989.8695631	True	
-0.250376152208	2.02638420427	1.75447772735	37184.4070459	True	
2.28138471632	-1.3507364245	1.94791323412	30437.1495984	True	
0.274271927403	-1.78630446389	2.18642217184	24242.3772578	True	
-2.11215351505	0.35142291716	1.97561126372	29119.2783657	True	
-1.86868563112	-1.89154998059	2.57498524846	36794.2396896	True	
-2.26138548278	1.12775322348	2.1538805415	24394.9467988	True	
-2.03454035911	0.991919810753	2.01455535354	28329.0102229	True	
2.60967306708	-0.924998651715	1.78659345905	35393.2650214	True	
-0.0690510747635	-0.215518040676	1.72211027574	38003.2882375	True	
0.903608720247	-1.14030380532	1.90480948321	33678.8130584	True	
-2.35278976108	-1.07584242235	2.46977532734	26267.2837453	True	
-0.482799019395	-1.58475943912	2.37477167747	39658.3930796	True	
-1.66286077832	-0.713546973867	1.89337182947	32158.0577826	False	
-0.880889556216	-0.880798862602	1.78628635842	35373.5351925	True	
-2.30034442422	2.04898898632	2.41096359593	25915.8762515	True	
-0.429408240022	-1.75300214758	2.30957699616	23355.1295981	True	
-1.40774795716	-1.73335502272	2.13928882008	26003.4864594	True	
2.07107286834	-1.7603603245	2.3918030986	25931.8573743	True	
-2.12610111942	-1.16046623473	2.29868861083	23774.8178403	True	
-0.370931667191	-1.89996737019	1.94136636667	48004.9440968	True	
-2.0925367105	-0.690078204053	2.12487875286	25518.6485262	True	
-1.56723853672	1.38740877	1.5735878022	57560.020082	True	
1.15753138088	-1.76308555362	2.34174297289	24003.7119936	False	
-0.201122925874	-1.37098289977	1.96961776037	29976.1615787	True	
2.87158286843	-1.50100510551	1.9611528332	28565.1895072	True	
-0.965498203659	-1.65287013891	2.12834794861	24094.3771505	True	
-2.10999081823	-0.914731844996	2.18779227362	24417.2843729	True	
0.483809895516	1.70086861709	1.72854667293	37773.1931189	True	
1.30142730089	2.69110430976	1.71010810223	38504.7223402	True	
-2.07587946053	2.77702082466	2.17560820525	30334.6908178	True	
-1.69756805182	0.780123443462	1.91900130283	34193.7579831	True	
-1.66287050638	2.10975255365	1.93533618638	35813.6054559	True	
-2.33612504614	0.507749602604	2.3400388531	23079.1432342	True	
-1.44316444576	-0.786222075094	1.83502260179	33744.8708524	True	
-2.42934469067	2.96424008146	2.5083421756	27142.4006976	True	
-2.2316201603	0.755437208638	2.29109237589	24968.5427341	True	
-1.65382555447	1.47208948209	1.78505854012	35767.2784751	True	
-2.16384236059	0.933956150527	2.31098530931	30983.2723004	False	
1.54119051277	0.245216726189	1.76947575331	37107.274365	True	
-1.80032561349	2.61938364473	1.93243787671	32594.9204273	True	
-2.1644015302	-1.51467793288	2.16490910966	30779.879929	True	
-1.03516832833	-1.65545089234	2.42509555519	33671.528089	True	
1.26934862864	-1.82846047446	2.32061344789	23659.3155484	True	
2.65783379412	-1.70443800301	2.30016819632	24734.8742138	True	
-0.966526955094	-0.74099019287	1.69686459977	40770.966116	True	
-2.20474191966	-1.76169017528	2.50125721317	36940.8268707	True	
-0.0116832498051	-1.82613805852	2.28301886537	23760.1513556	True	
1.13874254702	-0.605204705499	1.90137598068	42064.0788843	True	
1.98313971558	-1.66589594971	2.00225640045	28366.0123111	True	
-1.17563085291	-1.7002021489	2.23167992569	22945.3074856	True	
-2.24078758672	2.20167060032	2.26362417439	24011.8872511	True	
-2.15005823971	0.17989374474	2.20750530925	26512.9314354	True	
-2.33823499874	1.64828125331	2.42057902125	24737.5419716	True	
-2.3790729375	0.949274990745	2.15388883994	29319.055845	True	
-1.57183410272	-1.80616085521	2.4067054935	25538.6988513	True	
0.136167896931	-1.57798298965	2.13703687224	25955.1781113	True	
1.55285016537	-1.54444312243	2.25047195579	33569.5544761	True	
0.376489100291	-1.47438858292	2.10995277728	30007.9983078	True	
0.98924940322	-1.926709361	2.58419047384	34290.4252684	True	
-0.347301179225	-1.82691456368	2.26351107188	24085.4211539	True	
-2.04793846664	-1.41721381333	2.06073853871	29497.1165261	True	
0.526064288496	-1.76615913289	2.42748091077	27482.4043895	True	
-2.3419830917	-0.470755370746	2.36530809259	23398.3625992	True	
-2.31037525383	2.43050634278	2.29239587164	22909.5658408	True	
-2.2384609364	0.536103479741	2.36744029671	27695.3076669	True	
-1.23953881027	2.33878949547	1.79374737669	36015.1944012	True	
-1.9869371692	1.98599884446	2.01575688058	29418.8952367	True	
-2.51320740148	2.04778705962	2.5009934742	31727.9288467	False	
-2.34424238753	2.17965758335	2.24755954585	23870.3888943	True	
-1.9840354363	1.9583846303	2.06088429019	30516.6138456	True	
-0.54636699727	-1.76848478409	2.23239076275	23123.6927413	True	
-2.26720411396	-0.688445705638	2.31192716091	23052.0897603	True	
1.06985957912	-1.6540060176	2.29180350166	27142.3543854	True	
1.32489226679	-1.67832103728	2.14050903419	23874.3148398	True	
2.1518114976	-1.68420179616	2.39911090367	31569.3067391	True	
0.46644057752	-1.8967277823	2.37823217896	26274.6832747	True	
0.725137390396	-1.84119737561	2.09880023061	30663.6537536	True	
2.10860887865	-0.197872124315	1.83194973811	38578.4343129	True	
1.91799420425	0.398356030663	1.71930192723	38100.1421191	True	
0.810476386873	-1.68451172074	2.21018238695	23577.640978	True	
1.5651218752	0.953945469037	1.83765792957	40197.6141709	True	
1.21734609754	-1.854475267	2.22612749805	25959.4705375	False	
1.07101423607	-1.82908500763	2.25298574831	24180.9722104	True	
-0.121184271453	-1.81412149016	2.49246794582	29262.266741	True	
0.918233851633	-1.65637336527	2.07309917982	25295.5977536	True	
0.344475691803	-1.5586687769	2.12342103944	26483.808803	True	
0.766297655305	-1.77081769302	2.34625800933	23953.8916669	True	
2.03787111864	-1.81066986743	2.08556335809	29484.1549914	True	
-2.13633858081	-0.891262215533	2.00325900384	29548.0969386	True	
-1.07943422706	-1.74594573585	2.26618725846	22898.6099263	True	
2.40687881871	-1.78260996504	2.32212761158	23311.4391885	True	
1.19880642019	-1.65724476536	2.1319363355	24123.4109545	True	
-0.616891695687	-1.56928753222	2.07721588285	25653.1100426	True	
1.21240408676	-1.73143182937	2.21930155817	22982.6962867	True	
1.06907803347	-1.848897936	2.49208224923	28472.3105477	True	
1.62577936742	-1.51420322463	2.06648326736	27264.729736	True	
0.178614381234	-1.64037505639	2.24729715074	25990.5954056	True	
0.741353944626	-1.7757657876	2.2208797445	23267.3356829	True	
0.930737615167	-1.47567787607	2.02000941817	28004.9700494	True	
0.390700852664	-1.701329596	2.26120575603	23802.8713495	True	
-2.36035876775	-1.12984887601	2.51628730921	28024.5438312	True	
-2.27911383878	0.975325553397	2.20893851456	23430.0059165	True	
-2.21723604786	0.0836924773215	2.35963315845	28576.2664426	True	
-2.24597044957	1.30615480196	2.2118642582	23532.9792541	False	
-2.35133834284	1.5606595238	2.42259869326	24500.017898	True	
-1.37406917901	-1.67049697753	2.31066482676	24027.4631224	True	
-2.29171876761	-0.622904725236	2.42728608903	25583.5307805	True	
-2.21163515793	0.54623929874	2.27698862123	25527.3944445	True	
-2.34091002223	2.47062224621	2.29314627489	23112.4675797	True	
-2.19613095516	1.85236633949	2.29355863861	27328.5085582	True	
-2.34497743881	1.31457621422	2.25871063303	23673.7203895	True	
-2.32147060725	-0.406536832104	2.32361276658	23009.6673282	True	
-2.17824215383	-0.409471372898	2.14157166822	24517.4109505	True	
-1.99940603824	-1.40018582199	2.30417939421	23668.1700484	True	
-1.70888684054	-1.68256504448	2.19734430452	24516.4544098	True	
-2.4288559563	1.42107333461	2.45722859725	25891.6349742	True	
-2.14607515633	1.69736426131	2.08711698452	25884.318859	True	
-2.22138731661	2.93081616451	2.2229891052	24105.8582044	False	
-2.25273108799	1.2729192545	2.20046412096	23537.5956659	True	
-2.23076868327	1.87430925382	2.38678914649	29762.9797974	True	
-2.35380755326	1.19277502276	2.36558000779	23334.2738958	True	
-2.29309401017	2.55513365715	2.18193547518	24163.1598564	True	
0.481529814582	2.36275558385	1.74921696713	37314.1654126	True	
-1.32902893973	-1.76928767877	2.25321313103	23678.3174147	True	
-1.78330458498	-1.5184697529	2.24522039834	23505.5712107	True	
-2.19118564187	0.486009903639	2.11296780462	25057.1197895	True	
-2.41721057026	1.76673377406	2.45318571837	25467.5260806	True	
-2.3386747044	1.04209907463	2.45822237828	26245.5838068	True	
-2.29672668218	2.39547297295	2.21615091455	23464.6183016	True	
-2.19185781841	1.68573880679	2.20734223908	24910.6947422	True	
-2.36385139627	2.02341067645	2.27813771275	23910.2127156	True	
-2.14729848049	-1.39951773212	2.31078055895	23323.2627786	False	
-1.0690364585	-1.86516518807	2.29566106709	26137.0005635	True	
-0.913757194241	-1.73422300883	2.21662721739	23048.122921	True	
-2.263099113	-1.1663925877	2.19519087736	26512.1256221	True	
-2.31912811859	-0.724189627426	2.27572038106	23671.6194756	True	
-2.18343107686	-0.564830049354	2.12074560763	24827.1660423	True	
0.535737493085	-1.7376848245	2.18005887176	23407.4262211	True	
-1.33984632401	-1.41388882982	2.10148856429	28247.5982625	True	
-1.00314195	-1.70724718093	2.21816985273	22996.955822	True	
1.78078352585	-1.67134995537	2.12533130135	24125.9661085	True	
2.42592502499	-1.7981867946	2.27454541037	23136.0405927	True	
-0.286973290878	-1.77979401484	2.37167029879	24426.1431033	True	
2.11967918264	-1.73828242973	2.29485964373	23486.9906575	True	
2.35779784166	-1.67105575674	2.29012111114	26033.9505268	True	
0.400981384795	-1.69209952852	2.08921990241	25153.0702835	True	
0.981102902954	-1.69572018391	2.22213859634	23431.0716952	True	
0.104816221817	-1.74500323317	2.19277150996	23286.2489258	True	
0.0551682846624	-1.62042075446	2.11753762648	24699.8676884	False	
2.22043061464	-1.88519210376	2.37488808865	25695.7242094	True	
2.79149651983	-1.85681229797	2.22779547315	26033.8243268	True	
1.04070494476	-1.83855878578	2.41454683714	25276.1921629	True	
2.65262600744	-1.68050293372	2.16808971627	23601.105159	True	
-0.204690630996	-1.68529647813	2.11747152441	24318.5951365	True	
0.599971223276	-1.71625555559	2.38854949204	28164.3405949	True	
1.65943216885	-1.77897450378	2.21875558114	23350.9466125	True	
1.9525510555	-1.71061747831	2.2686054665	23698.9528015	True	
1.71685219432	-1.71684648068	2.24521658835	23218.8770299	True	
0.615789798368	-1.70104129851	2.15607981664	23608.7257577	True	
-0.154231498263	-1.65984723696	2.08473728921	25011.5052813	True	
0.749801429215	-1.87155655356	2.33138890473	25070.6744505	True	
0.484883920047	-1.8040765844	2.3148172297	23269.4578155	True	
-0.372312705035	-1.72764473764	2.28658685189	23445.4139245	True	
0.278939336941	-1.77331866773	2.34763742437	23926.7155059	True	
-2.05910974393	-1.39512678793	2.29603421706	22963.8343532	True	
-0.436320581578	-1.86216334318	2.35814579713	24880.2484681	True	
0.833655858428	-1.76286937973	2.16133542159	24263.4401512	True	
-0.574132172205	-1.81457809154	2.2701837774	23700.3532018	True	
-0.6903805037	-1.77364972948	2.25738456556	23021.4784166	True	
0.841409078138	-1.82174374676	2.28975039593	23548.401827	True	
-0.31749112303	-1.67359998287	2.12944028759	24049.4321503	True	
2.54525192535	-1.76125374899	2.37659211404	25239.7260367	True	
0.921487496793	-1.76604284568	2.28733781277	22994.5303594	True	
-1.57733993418	-1.61674437236	2.22873188053	23108.1809506	True	
-2.26661409446	-0.526128143687	2.21944563744	23343.2107006	True	
-1.75507381428	-1.59904248516	2.21762944223	23090.4096039	True	
-1.26973744708	-1.73084388733	2.2127634945	23363.3385751	True	
-2.02303453083	-1.35110723649	2.24039467869	23130.5454538	True	
-1.8377113018	-1.5275777432	2.25242318866	23073.2707028	True	
-1.62057016867	-1.74578932716	2.38161409534	24232.3528386	True	
-2.00038475484	-1.2775220101	2.1920585828	23784.5404893	True	
-2.1498974863	-0.906627397485	2.0767771966	26272.6357298	True	
-0.124269751537	-1.6108806657	2.06579955572	25462.730379	True	
-0.226675750969	-1.61368647337	2.1779448259	25205.8331176	True	
1.72735875683	-1.6344126134	2.18645387323	24769.4297899	True	
0.721381790377	-1.69821214793	2.05031536256	26793.5829262	True	
1.9134637932	-1.72393007302	2.2775342299	23506.466381	True	
2.67876100381	-1.80201394014	2.24715427137	23441.476359	False	
2.83668910757	-1.78859891785	2.46668473319	28802.2943918	True	
2.9662829425	-1.66510020022	2.19110043941	23901.2691188	True	
2.28099437535	-1.79144754075	2.36880310115	24221.8903057	False	
-1.25326323158	-1.77438248977	2.39397499682	24634.575728	True	
-2.26986688764	-0.450801376302	2.30728234159	23213.2419441	True	
-1.24657463116	-1.57231159564	2.10204418829	24830.9237342	True	
-1.0400098638	-1.5824918835	2.0506783669	25866.8831819	True	
-0.408281114563	-1.76049593235	2.26421870074	22883.5325823	True	
-0.641244668005	-1.75782546622	2.38080795242	25172.3864302	True	
1.40931702599	-1.7612728704	2.1263254184	25360.8087182	True	
1.27455405935	-1.7248258439	2.29193153821	23771.1301388	True	
0.658086674665	-1.87918483513	2.38080375333	25508.2703776	True	
-0.748944182633	-1.78529195736	2.4150484519	25702.9696004	True	
-0.949768945748	-1.51360537442	2.09865055939	26637.6136155	True	
-2.05653241425	-0.327623269932	1.94769789244	30011.6869644	True	
-2.23208692878	-0.241103733098	2.30543275182	24689.3565956	True	
-2.3017586545	0.843298754518	2.27009154535	22940.0559676	True	
-2.38195613124	0.72203507709	2.36334609716	23741.593882	True	
-2.38706330874	-0.426682735555	2.28100360994	25723.4121979	True	
-2.29835441502	1.59541430785	2.30298751843	23065.7821568	True	
-2.28732690885	0.238332764489	2.20934613608	23521.2701304	True	
-2.18085618421	1.62200103356	2.14574963539	24854.0772715	True	
-2.22531442597	2.55572707987	2.22881887773	24046.1730491	False	
-2.27179881027	1.55508255461	2.26788773022	23229.4045692	True	
-2.32692200529	0.84034356383	2.36486746907	23484.1363622	True	
-2.28438628185	1.44408408709	2.27598295941	23073.5879724	True	
-2.11017640793	0.17303173564	2.09209731771	26345.501907	True	
-2.31246870555	1.75356162253	2.20247077403	24061.840123	True	
-2.31654242673	2.00378343154	2.29081856259	22904.472753	True	
-2.27140560387	2.87311023111	2.14665912979	24753.32665	True	
-2.3424636059	2.07946614679	2.34851721385	23148.296022	True	
-2.38394217108	2.51376562909	2.36873533676	23769.1165884	True	
-2.30298758134	1.87177465354	2.26501461614	22960.4999985	True	
-2.20059884424	0.0218264533361	2.19283081518	24215.0131629	True	
-2.33454487343	1.77712803168	2.29451091207	23013.886725	False	
-2.32725158128	2.88673921229	2.33798301414	23096.4453371	True	
-2.29222883384	1.80926915157	2.27337376444	22982.6253173	True	
-2.37716664495	1.00811073835	2.26428068813	24794.976075	True	
-2.31184498904	1.53280599021	2.23797211394	23309.7593887	True	
-2.30219333351	1.28502035891	2.23869699249	23186.1555157	True	
-2.38354403723	1.00048444334	2.32332106076	23979.6932204	True	
-2.25773704452	0.472654655931	2.29027128779	23802.9411915	True	
-2.29452984136	2.75258087882	2.25165855839	23026.3359014	True	
-2.34420308162	0.597522347298	2.32896481796	23065.0671408	True	
-2.23761066508	1.5363782546	2.23342874428	23740.6166051	True	
-2.29160513235	2.36528187497	2.23228408452	23187.2220286	True	
-2.35142692355	1.08636247326	2.26704626697	23717.6745341	True	
-2.4194938302	1.56597676672	2.35891204833	25203.9229516	True	
-2.3165797537	1.24167524964	2.29374056103	22902.9874689	True	
-2.23146403665	1.37164060666	2.14311118523	24425.5799429	True	
-2.34526215378	1.57134198017	2.38642212848	23678.6316213	True	
-2.22363340931	2.71213460972	2.17485842448	24013.0949009	True	
-2.20457775121	0.679761168482	2.22191782935	24585.083881	True	
-2.31356269947	1.68123243331	2.29680779177	22907.9252928	True	
-2.31159313889	1.33470074145	2.26471606648	22997.4547819	True	
-2.27192476693	0.941041075803	2.17729160047	23956.8529156	True	
-2.36383187022	0.265295870766	2.27891279756	24020.6003276	True	
-2.24991485465	1.22591303684	2.22060849404	23458.6446414	True	
-2.40998929421	1.0904138568	2.38641225458	24636.1168898	True	
-2.31186682361	-0.661441928446	2.37192537634	23458.1246187	False	
-1.52488184463	-1.70316615864	2.25168255018	23022.9848455	True	
-1.93922143496	-1.35064914914	2.19712832705	23820.2110949	True	
-1.90995184406	-1.59797458431	2.31270384554	23105.8056046	True	
-1.99820248961	-1.44865580948	2.26471283077	22889.1344784	True	
-1.4688085202	-1.76554103253	2.32500475499	23563.25844	True	
-0.398580410883	-1.84049936052	2.31943494255	24092.3402318	True	
-1.20241851496	-1.70547799682	2.22247168484	22969.0444269	True	
-1.8013408368	-1.57277796108	2.17475289635	23790.9594036	True	
-1.47013802256	-1.63885734054	2.25724518223	23342.9760021	True	
-0.546246155916	-1.75878249018	2.25789777507	22883.9046762	True	
-0.317504757742	-1.71535777936	2.23995897938	23119.2431171	True	
0.737182515979	-1.73250376182	2.23854614777	22965.1877806	True	
-0.413131344029	-1.7796381965	2.30349599959	23084.4274205	True	
1.18080472339	-1.71115926509	2.23503034466	23233.3465172	True	
2.57633230016	-1.80598844137	2.3838818275	24478.3111114	True	
1.62670184388	-1.7170399753	2.2424491384	23190.7817567	True	
1.76750578119	-1.65814661932	2.16629644299	23950.4162138	True	
1.56851177624	-1.77547091624	2.28437093179	22954.7679576	True	
0.732893530675	-1.83540445588	2.36926026793	24224.8906533	True	
1.64529661888	-1.83472977143	2.43643126599	26024.0892845	True	
2.48100371887	-1.71869385428	2.19258361715	23173.6996575	True	
2.40658260452	-1.79304150411	2.25768812873	23150.0667126	True	
2.75784566237	-1.79313366265	2.32174951742	23278.5967505	True	
2.18586065837	-1.68055009515	2.17834143167	23565.0353126	True	
2.80592605648	-1.79382780446	2.19927907565	24108.5183943	True	
1.0480814483	-1.70485939643	2.18462222288	23288.8079346	True	
-0.47713017298	-1.73463201422	2.21175978059	23027.6847326	True	
-1.66357111508	-1.65478979802	2.30211381884	23062.3384986	True	
-1.96023908994	-1.36723156465	2.25385820933	23867.9801742	True	
-1.94356630936	-1.42098218184	2.20373335692	23274.3402178	True	
-2.10308779997	-1.4344442468	2.33559099043	23197.0716762	True	
-2.30883097282	-0.156419510279	2.30977050505	22930.3667716	True	
-2.29860595158	0.026518427847	2.3173484497	23105.7067616	True	
-2.1933336755	-0.700586302772	2.20863733105	23585.8073522	False	
-2.34207189589	-0.0177146787497	2.34936614382	23177.4171046	True	
-2.24987049589	-0.52148688273	2.25949671527	23092.613477	True	
-2.27353825935	-1.03297559679	2.34103979933	23202.5165341	True	
-2.2994780719	0.618858398656	2.28703095804	22943.1003009	True	
-2.40587183474	1.04721505262	2.43762343312	24936.7691473	True	
-2.35647786749	2.62480404789	2.39895384707	23843.4968719	False	
-2.29840451622	1.64823711654	2.28206773394	22950.8788082	True	
-2.28000161152	0.457965839371	2.33995011875	24139.6075484	True	
-2.32307763341	0.882040065069	2.20702383981	24253.1302571	True	
-2.29390672097	-0.209533198609	2.22062228484	23505.7103568	True	
-2.3440316297	0.597009581092	2.29577592117	23176.5051271	True	
-2.30617246939	-0.34106090963	2.30742585455	22918.0947902	True	
-2.32792016961	-0.335555622774	2.3566627666	23239.2613411	True	
-2.36355754943	0.220316621402	2.35668822234	23405.0875003	True	
-2.16765634373	-1.20537200344	2.25022743893	23015.2103452	True	
-1.36428022394	-1.65999431865	2.25407255318	23252.5609132	True	
-2.18330007738	-1.19162331684	2.2960461293	22894.8725989	True	
-2.30027921112	-1.00996145615	2.32369011934	23582.9060772	True	
-2.2296418118	-0.922164806369	2.31976249265	23264.1480583	True	
-1.9428004952	-1.40755237955	2.18234771816	23494.4456646	True	
-1.60675098461	-1.62253519796	2.23333422997	23003.9259194	True	
-2.17887820505	-1.28914376275	2.34528659713	23219.019123	True	
-1.60117375922	-1.68863843534	2.31533103227	23137.531392	True	
-2.20021499527	-0.997786769553	2.30510837608	23306.8433374	True	
-2.32664947689	0.0900303583012	2.34506440036	23142.6722	True	
-2.29853574543	0.0508635631465	2.25942884898	22995.0991899	True	
-2.29784276639	0.82075468778	2.29257504935	22985.9646646	True	
-2.35617332393	1.64827738918	2.26278815891	23943.7749821	True	
-2.25775948602	1.3567696458	2.2954462789	23992.2044075	True	
-2.30927148131	1.20969951095	2.32228575597	23105.2857306	True	
-2.32903924663	0.843031594592	2.3216105763	22967.6354606	False	
-2.31082216513	1.54433070683	2.30316546635	22939.8247074	True	
-2.32270624419	0.942657885376	2.33654445455	23110.5611068	True	
-2.29003787479	0.916800762878	2.25216199505	23025.466925	True	
-2.37515834425	1.26812633001	2.33436365367	23603.8623522	True	
-2.29762121633	1.00209189674	2.21783994627	23454.614958	False	
-2.35655566059	0.83232635321	2.38409700115	23577.1138808	True	
-2.33968765063	-0.0106439500212	2.30978250029	23103.2012785	True	
-2.2634915828	-0.346812555016	2.28466903661	23175.1771025	True	
-2.31977209833	-0.302789430355	2.23108657172	23920.2075599	True	
-2.32488845211	-0.850485775352	2.2925971481	23972.4031933	True	
-0.932755273249	-1.76006992164	2.27128336178	22929.0007448	True	
-0.550657200747	-1.70219856227	2.22324188869	23172.6243307	True	
-0.0727279707083	-1.73972328131	2.27342882206	23088.040845	True	
-0.265965425042	-1.77780445953	2.29313270205	23007.8661727	True	
-1.57946357335	-1.63793311335	2.22544061497	22981.8938457	True	
-1.87442374803	-1.62684552724	2.32772771496	23243.7683446	True	
-1.87077010544	-1.4565261832	2.20999328987	23391.7893698	True	
-1.41410734973	-1.72217285667	2.25439934482	23005.0769775	True	
-2.28909373135	-0.247103004297	2.24867387292	23065.316835	True	
-2.29956534903	0.826178302178	2.27315786356	22936.7703207	True	
-2.36108939798	1.65199987676	2.30621029668	23431.1492869	True	
-2.32737543399	1.66835565148	2.32129760386	22966.8768158	True	
-2.34596075876	2.61095444169	2.33709086799	23087.64075	True	
-2.34152024251	2.88900534228	2.30182517627	23064.7970466	True	
-2.29624497133	2.85727484675	2.27981022317	22963.3546772	True	
-2.25101391482	2.95578353492	2.21024091736	23486.3404675	True	
-2.34735687002	2.76792862396	2.31277268279	23100.3420097	True	
-2.33602470665	1.72608161182	2.32445932261	22991.1669256	True	
-2.27395126462	2.41364025821	2.25388235725	23144.0867807	True	
-2.27143305497	2.14691121015	2.28442473605	23397.4635169	True	
-2.32709948686	2.60023503697	2.27365698465	23073.9662528	True	
-2.3085689548	2.89111537131	2.25679501922	23039.9015864	True	
-2.31169931897	2.6811056178	2.35068564796	23514.5403935	True	
-2.29335160244	2.89234550845	2.28926890967	23032.4970672	False	
-2.33638573162	1.79037747764	2.29617062002	23027.4727147	True	
-2.29755098145	1.47020054506	2.28122821068	22954.5641286	True	
-2.32742945819	1.91784176899	2.27378108969	23078.1366446	True	
-2.35530580556	2.36274436661	2.33653565649	23179.5483593	True	
-2.37411438996	2.16671978559	2.34209622021	23535.2713055	True	
-2.32652383155	1.75434431801	2.301759793	22924.525246	True	
-2.34801657015	1.22657591148	2.33687482416	23105.2865889	True	
-2.31878176281	1.16647232782	2.2538516009	23187.3936845	True	
-2.32205439103	0.0952165731806	2.32977759397	23020.8526651	True	
-2.29538826236	-0.20113546181	2.27128635832	22932.9936143	True	
-2.34686498497	-0.370658648989	2.29966331262	23537.2069587	True	
-2.18599459361	-1.02966588747	2.23702199963	23062.9699865	True	
-2.17841118696	-1.28340512991	2.31952916898	23030.7515596	True	
-1.54142696619	-1.68125023496	2.30564826716	23155.6967519	True	
-1.50389717642	-1.67837630767	2.2642205812	22888.7434945	True	
-1.82368383654	-1.48970402846	2.20333480732	23372.8498728	True	
-1.02245054627	-1.76462576945	2.22375002781	23454.1080229	True	
-1.20517187551	-1.72465596582	2.2146185019	23163.9195961	True	
-1.87971958058	-1.51128471108	2.21229429371	23122.4871421	True	
-1.0283304407	-1.69406842727	2.18195315911	23302.7536265	True	
-0.354855031314	-1.721270395	2.24637422697	23070.4856811	True	
0.00512274774598	-1.74546892921	2.26280667733	22942.1996217	True	
0.443264092849	-1.7496800198	2.25287652084	22887.5158683	True	
-0.758684635313	-1.72034867747	2.25806399813	23056.1772323	False	
-0.453125333614	-1.69844436289	2.17433553595	23380.7662695	True	
0.268641765245	-1.73603950444	2.24567812791	22948.987488	True	
-0.0929051169207	-1.75769339384	2.26243758604	22881.3851932	True	
