Parameter 1	Parameter 2	Parameter 3	Potential	Equilibruim
-2.0138312445	2.96733092614	1.81574446157	37584.6656948	False	
-1.96566432802	-1.84546073013	1.83761625164	70039.5976307	False	
-0.874623222374	-1.81228076785	2.62125515436	40175.1442883	True	
0.369706518838	-1.98011917699	2.29304188794	34178.1881017	False	
0.266878030443	0.208290969457	1.89586011703	45981.481993	True	
1.43630817474	-0.389330997841	1.66806572583	41786.9326977	False	
-1.97073879353	-1.59793369849	2.05455646767	33176.9505602	True	
-1.52972389426	2.50821495118	1.8101311491	34954.068395	True	
-2.22723207561	0.81014752886	2.51413215483	42330.7407768	True	
-0.320072121315	-1.34405329987	1.57695223756	62541.6128055	True	
2.90297767689	-1.45836144945	1.88189815696	31760.0999168	True	
-0.112498506258	-1.87134133428	2.57743906554	33757.980014	True	
0.548671151324	-1.3448113871	2.25135221316	58588.1410311	True	
1.09790978789	-1.01658844456	1.46288433543	76023.289601	True	
1.41718055377	2.1066494714	1.89259573098	46676.1216153	True	
-2.01180189052	1.45562329625	2.25619426688	43747.2474447	True	
-2.45603693553	2.33609092084	2.16941584312	35365.7773201	True	
-2.32478944183	1.17287988662	2.17663811774	25273.1122794	True	
-0.306264029352	-2.28936747951	2.36946524349	84043.6826121	False	
1.15613175318	0.646870686697	0.986973360571	174652.003824	True	
-0.0319040704393	1.46790806173	1.29287141228	106778.311266	True	
2.24833689809	0.385812947299	1.47199310591	69098.258173	True	
-1.50720710845	1.73140317456	1.95373686151	41481.390876	True	
0.180534744995	-1.60113207289	2.23070309855	27650.0455324	True	
-0.19381588218	-0.103722357521	2.03635125051	76177.9886052	True	
-0.597389358073	0.228982142835	1.97429584762	58990.9760327	True	
-1.12207451713	-1.92093416749	1.94480580454	51807.7139199	True	
2.55082105454	-0.514790779229	1.63022623909	45941.0103371	True	
-2.31830991219	1.04575090167	2.29355079054	22905.9106121	True	
2.83827295177	2.02441341483	1.18729612676	130631.713971	False	
2.74492473258	0.6196235011	1.83903890241	40198.2415458	True	
2.56693904794	2.4894521222	1.84282491092	40745.9778485	True	
0.0313604951315	-2.17004798645	2.35261899096	60557.885786	True	
-2.39171442025	-0.183346177022	2.28574927142	25465.6316282	True	
2.00314036501	-1.3040984362	1.47411493176	78960.3943703	True	
-0.880282951875	-0.519364626991	1.80295761691	35787.5276956	True	
-1.09086972276	-1.68995370286	2.12167979103	24599.0777817	True	
0.798074778218	-2.0366044246	2.3298201826	39868.2504299	True	
-1.49162680005	-0.613610856908	1.91209781336	34704.2010769	True	
-1.36519911672	-1.06445024276	1.48146123467	77187.9668746	True	
-0.243148830052	1.46509199346	1.68887513616	39785.8835332	True	
1.69063340325	-1.84811645348	1.97376758976	40020.6429245	True	
-1.70945506314	-1.59604530452	2.03275005451	29255.6822358	True	
-2.21210820652	1.31253760319	2.5129728736	44939.4747337	True	
-0.366871054464	2.24824676031	1.87459427346	43337.1458552	True	
-1.07533113207	0.273848971031	1.83427099969	37200.6038847	True	
-0.0940215005017	0.369697813518	1.81828721553	38385.6199722	True	
2.92795199617	2.01589437138	2.08911357446	104417.049265	True	
-2.07262073657	1.35790330001	2.35982382427	48541.2200644	True	
2.0615215184	1.99542438251	1.82140388282	39108.3220486	True	
-1.76739579853	2.20577555909	1.86922030195	32892.2829744	True	
-0.0823411411838	2.46380446858	1.72499950876	37889.4418098	True	
-1.60121653774	-1.72097647785	2.18705649909	25093.0379444	False	
-1.33975637092	-0.699090952192	1.57736048555	57033.8827914	True	
1.78617080658	2.45046786542	1.73908004695	37499.1389911	True	
0.833115575747	2.18110567854	1.46605119078	70034.359325	True	
-1.01127346298	2.40014024475	1.80466223134	36767.1485478	True	
-0.672733962231	-0.867417751389	1.72675670084	38458.7129789	True	
-1.66541784312	2.28023362332	2.00274336827	41346.5359423	True	
2.09482576847	-1.81219162285	2.46986751607	28043.712345	True	
1.35386522211	0.85722623513	1.67399547573	40784.0232751	True	
1.7691114416	-2.00841516852	2.50169806877	35803.9258693	True	
-0.0909141990858	1.47390202615	1.76614413333	37163.0256587	True	
1.67339093761	-0.0689248186966	1.89569648179	45331.4262306	True	
-2.40093504031	0.469350650734	1.90210471747	52103.6574269	True	
-2.3492920979	2.15440789821	1.90629962377	46301.3245007	True	
1.89038741417	0.894195373505	1.74748341066	37329.2601603	True	
0.963137025759	-0.0383137071852	1.66975027836	41325.8993224	True	
-2.67190794952	-1.12938316371	2.272401718	73503.4385039	True	
2.75125341051	-1.42410761546	2.22524918907	44092.8120236	True	
-1.17001938781	1.34175410453	1.65531169683	43699.6341486	False	
0.479212600213	-1.79229186333	1.87072590492	45272.2796553	True	
-1.09630659671	2.78660423352	1.62897011789	46354.2368877	True	
1.52644987796	1.70072520313	1.57581613057	51645.2416173	True	
-0.379946336192	1.09136091385	1.75570480443	37126.6070061	True	
-2.36116164053	-1.0515311438	2.30917501978	26694.3485938	True	
2.93945336384	2.06714643171	1.80947933247	38432.2938	True	
1.78500415358	-1.57854368181	2.19852576815	27803.4561555	True	
1.16984136339	-0.155727023069	1.98463586771	62136.2001956	True	
-2.6424967141	2.40347156394	2.24234286555	60195.1446471	True	
-0.682420340626	-1.88433666562	2.69590028158	45096.1367377	True	
-0.335641048566	-2.03833972316	2.13189295808	49552.4090279	True	
-0.727377889897	1.31273492766	1.78060947617	36900.528201	True	
-1.88003196077	0.524448026823	1.84593503607	33565.7284545	True	
2.98220561503	1.96310342079	1.70840022396	38586.4767566	True	
-0.0731656853164	-1.33437902133	1.77778436434	37438.6163267	True	
1.78628086998	-0.987613616233	2.04356080833	53155.0398587	True	
2.45416085344	-1.71840622259	2.12933405263	24294.1431176	True	
-2.31125847609	0.641634506901	2.10802448627	27763.4408922	True	
-2.23485436996	-0.723307174661	2.37497165111	25517.4684816	True	
-0.790515149316	-1.98317246193	2.54120755603	35361.2500144	True	
-2.21709348621	-0.143058127254	2.23286591545	23943.4624159	True	
0.000932265193424	-1.3557631953	2.00705014081	31164.2433372	False	
-0.239160209999	2.93117413301	1.63232304118	44772.861602	True	
-2.12048239331	1.90785638298	1.75136741042	48297.4131624	True	
-2.02777103457	-0.964187124066	2.46315984707	50777.944349	True	
-1.65652009314	2.66929696049	2.04581148135	47448.4699542	True	
-1.92934261463	0.386867616513	2.04467299337	31968.6822676	True	
2.6028349872	0.134944691241	1.76564443093	37057.3016854	True	
-1.61377724973	2.9102768008	1.66938485865	45107.6599909	True	
0.758814698179	-1.57815408732	2.07033524794	25763.3068035	True	
-0.526564703087	-1.79711535214	2.53253290722	32879.1442448	True	
-2.47303462628	1.13026766671	2.70875823023	39623.7422425	False	
-2.41192724271	-0.903662387101	2.45226167077	27231.1102639	True	
0.620572056033	-1.71002240688	1.98819289059	30620.4262113	True	
-1.6088747859	-0.886615768803	1.88536248562	32009.3508527	True	
-0.66047970606	-1.12704437076	1.84023531872	33362.3135856	True	
-0.747516295967	-0.12030553554	1.7298316446	37705.4546506	True	
-1.23332075873	-1.53090662841	1.71198352258	51856.6377171	True	
-2.05347223274	-1.27039703736	2.48065816829	35508.1288038	True	
-2.50889915744	1.75758089183	2.64666764113	35789.6172523	True	
-2.39404914693	0.923920249608	2.52872641976	28014.8762314	True	
-2.36633213967	-1.21203981664	2.25021046372	31369.6028743	True	
2.27823246974	0.43144010071	1.60398289026	48023.9542571	True	
1.53731838934	2.55568165618	1.70145731235	38946.7920567	True	
-1.06303131839	-1.65402071752	1.90645933897	35718.7024408	True	
1.60032010155	0.0879200204696	1.85860932292	41378.3938585	True	
-2.4857118465	-1.21984662773	2.80454589183	51025.8946105	True	
-0.247397937012	-0.959893875361	1.95246370479	40364.5647611	True	
-1.92330220713	2.37409472546	1.89449756623	31606.1009271	True	
-1.34157302014	-1.86107988925	2.12038658666	34013.8320537	True	
-2.48762863782	-0.527532507685	2.24124974484	36932.7100426	True	
-2.34389986719	-0.425269211983	1.84787040054	53743.0521104	True	
-1.07428523048	-1.75772870153	2.06685150954	29155.6403504	True	
-2.26622259874	-1.70374766485	2.33627224028	39029.2169479	True	
-0.936141164348	0.800919648086	1.80055788211	36804.384071	True	
2.33143095424	-0.112832378956	1.83789631299	39187.2986565	True	
-1.82321235105	1.8153798631	1.2259973983	131420.301167	True	
-2.2212608089	-0.641658250645	2.12569786637	25133.1254836	True	
1.07225787903	-0.559740780107	1.62032657471	47266.1147413	False	
0.922061141177	-1.49113805525	1.79310581135	38979.4370361	True	
2.24784753599	-1.47312509132	1.84648893095	34168.8926143	True	
2.06773627196	-1.79414867369	2.07180189678	29346.2451921	True	
-0.594564494096	0.37117251701	1.63050906286	45349.6741742	True	
-1.98967083342	0.37625551436	2.06320293078	30068.4316592	True	
-0.7703334815	1.705820934	1.86678766507	41297.7013996	True	
-2.16013203717	2.84431388148	1.96229308152	30627.8180034	True	
-0.464953649346	2.09430331728	1.7597929978	37078.1644396	True	
-2.07500997874	-1.44912295242	2.35615639623	23452.0616461	True	
-0.528469952433	-0.916246698308	1.65048799593	45834.7914172	True	
-2.22146447437	1.0041520701	2.27627232567	25081.5844218	True	
-1.98948295222	-1.57395052392	2.41447372469	24757.510603	True	
1.0574690688	-0.272196702676	1.62429332041	46135.4544139	True	
-0.0631512323412	-1.81807884106	2.09754733957	29392.8656566	True	
1.89008042853	-0.900089693282	1.84974528822	35368.3273389	True	
0.395002629199	2.83058326556	1.76718571357	37239.1420078	True	
-2.14482223065	0.190252699446	2.18577453702	26208.879448	False	
0.385242763391	-1.79599293132	2.58234093721	38352.9135395	True	
0.589605609112	-0.638289603769	1.92747498645	44753.6317622	True	
-0.238722700888	-1.62095307004	2.07554429312	25213.9262456	True	
1.36239717191	-2.05240292411	2.62291337564	44266.6730941	True	
-2.08109390677	-1.39815837047	2.28641399443	22890.5701333	True	
-2.20251005003	-0.465249836875	2.48093917922	38263.3915829	True	
-2.39532754071	0.726603218398	2.34552069454	24243.6662886	True	
-1.18340464744	-0.69892763382	1.74677395866	37326.3221985	False	
2.35274715717	-1.80212370274	2.6359664837	44443.5882504	True	
-1.54869343404	-2.10574174129	2.57508846624	54292.8365881	True	
-0.846020518458	-1.52871401741	2.07067435244	26267.4675741	True	
1.06978958037	-1.51098099394	1.92650091222	29930.1531189	True	
1.97145831249	-1.0360669077	1.80171128836	34744.7554369	True	
-0.912295071618	-1.57878924954	2.38199214597	39049.5831751	True	
-1.70032172355	0.644769012697	1.94564300822	35241.3611424	True	
-0.544887507708	0.665062535389	1.70547632004	38845.2143272	True	
-2.55426562084	0.913897252586	2.30572445523	41004.3770481	True	
-1.19671905104	-1.64709866914	1.98346915536	30283.4345169	True	
-1.9845312797	1.89791333695	2.12019148493	33442.2510415	True	
-1.72846452605	-1.67484274802	2.53829698304	33063.517316	True	
-2.52003228225	2.66986589563	2.76185286155	44654.8382953	True	
-1.33666557733	1.20961743496	2.00567433659	54768.5456372	True	
1.7666946176	2.61698281542	1.80982445975	38450.8813576	True	
-2.42437238955	2.95926307692	2.22116881756	29467.0724998	True	
-2.17318656313	-0.1513412898	2.2822229297	27424.7901634	True	
-2.32206424026	-1.3661058156	2.30248686046	29584.6101618	True	
-2.44836760538	-1.29053143602	2.39802651428	35962.0514262	True	
0.903085440385	-1.2196176364	1.88500034406	32335.1389276	True	
-2.03951639171	-1.74920593515	2.60254861314	34628.8813478	True	
0.526113585038	-0.508634449667	1.82944616829	37272.8364741	True	
-0.429342070277	-1.62339490913	2.0870084351	24970.9488367	True	
-0.231405365517	-1.87668568913	2.39484377451	25657.8491627	True	
2.62662807583	-1.37692518943	1.87776213834	31597.6323756	True	
0.287617549822	-1.49222729312	1.94096797291	29255.482659	False	
-2.21502009565	1.16033968672	2.04626242234	27478.4145367	True	
0.188669322649	-1.83852801596	2.10416423643	30243.2117521	True	
-2.11019828852	-0.802568283979	2.21740896543	25573.6473154	True	
0.372425478338	1.4637918787	1.77270293765	37267.6813511	True	
-0.0629167955472	2.53279579119	1.63411947917	44520.8394319	True	
1.07095330916	-1.74997534529	2.29205557244	23213.6822149	True	
-0.940195235026	-1.51322959241	1.883307629	33003.8125333	True	
-1.80944196723	-0.822568616858	1.9160353539	30727.7365898	True	
-2.18899935048	1.67863075666	1.89043821011	37051.3044052	True	
-1.40035133861	-1.55525996639	2.23546136968	25976.8763356	True	
1.65200196981	2.33655692671	1.81431495674	38687.0088066	True	
1.63048903669	-1.75372509227	2.2789561446	23012.1608368	True	
-1.22793473645	-1.76161293156	2.03718360183	31798.0948784	True	
2.29019160543	-0.492819994334	1.82072426159	37047.2589251	True	
0.805281390456	-1.60828633493	2.08763219283	25156.8509132	True	
-0.18907749647	1.75459053035	1.65082973032	42874.3480094	True	
-2.23325153534	-1.0769846507	2.1658356845	25619.6780207	True	
-2.4097306896	2.44902973424	2.58142823522	30787.9028244	True	
1.80508657262	2.8796300167	1.57856671201	51248.8111856	True	
2.25461526258	-1.87857686	2.37305356494	25410.4593677	True	
-0.989244613522	-1.91013743083	2.40871331368	27992.7074295	True	
2.73705966995	-1.55668174887	1.98988287684	27599.1527397	True	
-1.86014521301	-0.475708105783	2.04876413936	32904.9752688	True	
0.814595513128	2.42491588843	1.83955667048	40422.8486109	True	
-1.07900774135	-1.57537973867	2.33819757719	33731.2638899	False	
0.931394256576	-1.9972838861	2.54237840994	35918.9703051	True	
-0.774033524488	-1.8214631165	2.12111081673	28933.7822996	True	
-0.629503803516	-1.76221254851	1.89894931074	41072.7699273	True	
-1.6146562294	-1.65500275985	2.39952885004	26201.6207642	True	
0.856979812421	-1.67830791301	2.14323205463	23837.9040273	True	
-0.598338281799	-1.14294021902	1.67419479777	45351.6035965	True	
0.650870459533	-1.89312849736	2.42091613555	26581.5369589	True	
-2.2652728155	-0.146068110362	2.16508101316	24294.1329457	True	
-1.09838267031	-1.64827098024	2.16198973693	23652.2121291	True	
2.92710579338	-1.74360471046	2.04953505865	28255.8106699	True	
2.75833354746	-1.57488624413	2.09252231904	25746.7991049	True	
2.38580297247	-1.72270507155	2.26154905391	23287.7863309	True	
1.64334326218	-1.67471352831	2.20641078499	23787.7730112	True	
1.27666584138	-1.00741224028	1.82125095342	34430.6976177	True	
-1.82515878805	1.81358726168	1.96381757477	32805.0261144	True	
2.81543659409	-0.0215202221671	1.70671571052	38732.2552227	False	
2.56000560779	-1.80588860041	2.51642121146	31480.8760167	True	
0.937109068146	-1.42275818826	2.05915406602	30539.8499494	True	
0.378523702997	-1.53073329144	1.96096471647	28580.1714404	True	
-1.71841943803	-1.68113664828	2.12668035478	27224.4960447	True	
2.00297353186	-1.73233270534	2.222487405	22970.2169702	True	
-2.331296189	0.423065086202	2.25932777936	23373.1261263	True	
-2.19843542056	1.86049151891	2.27492917501	26384.4831678	True	
-1.83930158753	1.866264207	1.86174277402	32790.6336657	True	
-2.43879636396	1.28638519354	2.06235619021	41079.6899036	True	
-2.31489101444	2.11296479741	2.19138763284	24435.3539709	True	
-0.714704193077	2.73618510119	1.68858971747	39978.9398914	True	
-2.34232081973	-0.751235141468	2.30433575581	24046.9843147	True	
-2.35633654511	2.05721943858	2.19197041143	26090.9494204	True	
-2.42188514449	1.55949115659	2.38816690536	25138.8643471	False	
-2.20768917129	1.63881117644	2.22439789578	24575.136217	False	
-2.08544265637	0.932460595913	2.02960285218	27422.0503109	True	
-1.80405395543	2.93112663535	1.8824048416	32443.1457436	True	
0.310624792067	-1.74414982461	2.25992895254	22946.065526	True	
2.67232214196	-1.5018465883	2.00532564891	27611.2676906	True	
1.53301189551	-1.79120850272	2.35613210199	23897.489853	True	
-0.198362474255	-1.82037501533	2.23947031752	24217.0216093	True	
-1.448091385	-0.00213454581037	1.82546563885	34903.6610302	True	
-2.36679196248	0.228075726865	2.37448020369	23552.9323909	True	
-2.02804305561	1.1650645536	2.16681383206	33322.0182009	True	
-2.17792666133	2.1635057471	2.01770085837	28056.5686617	True	
-1.51264639593	-1.76259862101	2.60069147103	37309.5063157	True	
0.462933941897	0.041638794921	1.78789315366	37167.9361769	True	
0.442412635029	-1.39248848224	2.02763736903	30624.7382495	True	
1.43555680341	-1.79621856058	2.37717881256	24394.464579	True	
0.656918931689	-1.86673133656	2.4237781208	25867.749851	True	
-2.11023661407	0.123746689205	2.04354967812	26860.0064006	True	
-2.12308696091	1.97915311589	2.05489909789	26625.5584857	True	
-2.2552692579	-0.13885386039	2.11414182288	25767.0909465	True	
-2.38270450264	-0.551652374158	2.29828536035	25361.7445386	True	
-2.30814297253	-0.160832273381	2.3935901217	24448.2080107	True	
-2.23390415558	1.0798153582	2.178987277	23868.1463978	True	
-2.32764087563	2.85680619471	2.46759076553	27296.8364118	True	
-2.00596116989	-1.52655765602	2.38528059328	24108.3559618	True	
-0.583896306614	2.43180816351	1.81493314788	38034.9280151	True	
-0.382941060964	-1.65987774319	2.16405096506	23811.362476	True	
2.51229269634	-1.69660049655	2.12821763129	24108.0563954	True	
-0.219957797264	-1.67133286115	2.20039863108	23715.6832927	True	
-0.0139597809518	-1.08275682018	1.83634930277	33791.1833416	True	
2.27618155655	-1.65216625414	2.16326497848	24067.9162647	True	
2.20632886282	-1.93885821027	2.34318326779	29146.207677	True	
-0.331600077291	-1.56568065961	2.06908917505	25878.1108453	True	
-0.835901685438	-1.76452233239	2.25766588225	22967.3821877	True	
1.42743970843	-1.89256245511	2.24791034156	27688.4004611	True	
0.902600811024	-1.64837873645	2.17839986684	24226.9418682	True	
2.65223718703	-1.58719499908	2.04362853022	26072.350115	True	
1.21360916307	-1.76353361693	2.18413646907	23701.740112	True	
-0.315333586606	-1.64905956521	2.08032951721	25094.0957794	True	
-2.37889707797	0.0559937277663	2.43067447418	24515.0742164	True	
-2.23373922875	1.3975776868	2.18188206782	23846.3060676	True	
-2.48475923366	2.48530761478	2.56056109068	30818.1509354	False	
-2.30330604981	2.80331747912	2.43469902416	26928.58985	True	
-2.182569703	0.679694147208	2.14738003443	24775.7941616	True	
-0.388696505925	-1.82690977077	2.28108781079	23884.9944896	True	
-0.259822602431	-1.70317976586	1.99603688962	30023.4754264	True	
-2.33626858135	2.32942950888	2.29815982468	23014.6847627	True	
-2.21532647006	1.37899517165	2.15464201973	24288.790693	True	
-2.30761836031	1.57249856406	2.2804381481	22914.1005282	True	
-2.38867406201	2.28456267788	2.4167785987	24286.5664699	True	
-2.40314267676	2.48677988414	2.45300210405	25181.6442506	True	
-2.35227627043	2.85488630214	2.30893128512	23204.661322	True	
-1.33167563733	-1.38513582041	2.04996708525	28142.3484833	True	
-2.07040331277	-1.57140426383	2.37038578554	24294.3872704	True	
-2.32934701493	-0.117988223317	2.22586017475	24196.3724997	True	
-2.19473907159	1.15360450628	2.05777474436	26635.151399	True	
-1.84051826359	-1.63874522889	2.39237472786	24396.2373266	False	
-0.365708843179	-1.74433776212	2.32854312442	23979.8655911	True	
1.92800332359	-1.58588953217	2.19164047888	27111.7363336	True	
1.654448221	-1.80751409228	2.19912128201	24574.8200911	True	
1.4362694022	-1.75906080772	2.19610432391	23386.5868474	True	
2.22502716935	-1.67250987874	2.14762289087	23830.1702126	True	
2.51312476344	-1.65057343186	2.1858492417	24243.7948603	True	
-0.148259925378	-1.80660179112	2.34973201284	23694.1029695	True	
1.16469022423	-1.7357657109	2.10248817577	25534.7259877	True	
2.79719181876	-1.69674586213	2.34525609169	27049.216246	True	
2.54551355972	-1.38624809418	2.02136205079	30721.3580305	True	
2.11393242713	-1.5652297973	2.06947382652	26004.7643729	True	
2.29473220606	-1.89092864999	2.36270195063	25917.7310446	True	
2.09075348668	-1.79589412694	2.3276752037	23353.8213345	True	
0.843049585772	-1.7978868515	2.17415378031	24964.5962537	True	
-1.32625482258	-1.6242379364	2.15349734264	23750.4067162	True	
-1.7982195638	-1.54992221072	2.42284842208	29073.872445	True	
-2.27341259698	1.29520336868	2.20337949167	23483.2875904	True	
-2.28875721872	1.7323198428	2.22923103861	23209.2647768	True	
-2.24966876042	2.17646970778	2.25665178983	23640.7597505	False	
-2.33059205715	2.08523450462	2.20275045657	24594.9677112	True	
-2.27480224901	2.43187133337	2.11533512331	25964.3026408	True	
-2.28013510741	0.0937347947319	2.32441181225	23641.7180699	True	
-2.31189852637	0.940839901603	2.18367594544	24604.7034321	True	
-2.24123559761	0.141773641323	2.25650198732	23695.8268628	True	
-2.06951604396	0.785964750324	2.08082040964	27599.4993674	True	
-2.3984139819	1.35420362057	2.36015306664	24238.2607481	True	
-2.23893823986	1.80187095672	2.14003150819	24525.3197669	True	
-2.42407975698	0.137638217245	2.4527732466	25803.9520801	True	
-2.22031568932	-0.858865596492	2.26131962668	23028.0419	True	
-1.94196378514	-1.40349737832	2.22399948562	23364.888507	True	
-1.17655587563	-1.87333560196	2.31445225264	26655.9287381	True	
-2.31035819567	-0.386341495803	2.27205655451	23093.764907	True	
-2.28259845844	1.78319185692	2.16191952497	24514.7516138	True	
-2.17265569172	1.58127003217	2.1007718337	25407.3938157	True	
-2.2920087716	2.91692937002	2.22756203623	23246.0553235	True	
-2.41860344713	0.27092854169	2.39704141365	25116.4426381	True	
-2.36196654442	-0.266769934604	2.44141339029	24802.7834649	True	
-2.06226060924	0.391162070779	2.06263775692	27576.464395	False	
-2.31375492967	2.38888936711	2.23468434526	23390.9461522	True	
-2.21617072009	0.911666319407	2.13209989336	24636.1009924	True	
-1.63122723911	-1.69627687985	2.34806462443	23555.7370483	True	
-2.30758382732	-0.281029813144	2.27344962989	23004.2147152	True	
-1.93487073855	-1.3687152315	2.0406971828	27434.6252438	True	
-1.23996009897	-1.76515549755	2.3069111816	23168.9878574	True	
-1.13188720245	-1.61806023222	2.1861867124	24086.1045046	True	
-2.19478000116	-1.18715145311	2.41612501272	25280.644614	True	
-1.88368829943	-1.33398173624	2.07884844584	25463.1672371	True	
-0.735810025801	-1.70162153649	2.20417191508	23130.4608661	True	
-1.57227909825	-1.64925616435	2.26309125143	22962.6288898	True	
-0.591233201526	-1.70865901678	2.36858887313	26923.1992758	True	
-1.40729396452	-1.59409467315	2.15675501531	23864.9694779	True	
-2.17809919545	-0.635111167377	2.27485566392	25145.4672753	True	
-1.84497116673	-1.678188659	2.30969177647	23725.3508019	True	
-1.88062859786	-1.51065457419	2.20057962973	23253.5212779	True	
-1.26534240996	-1.71455117149	2.22451636017	23017.0312331	True	
-1.96004039831	-1.22273646052	2.27397877489	27784.6150286	True	
-2.36131015312	0.59681379972	2.32109009879	23358.1494526	True	
-1.75948204606	-1.5264868438	2.2473879624	23602.8365205	True	
-1.48045985555	-1.64190508973	2.16365321264	23639.572205	True	
-1.6014411986	-1.63923468959	2.21944993246	23015.8467404	True	
-2.31085870086	-0.0783214062414	2.35938139215	23527.514558	True	
-2.31014187685	0.711513359351	2.29711289696	22914.7664174	True	
-2.26403155425	-0.297429188471	2.32612257755	23883.6856678	True	
-2.31092986174	0.839594054107	2.39810192324	24842.5926498	True	
-0.282481116599	-1.82280807638	2.29359517916	23642.9069328	False	
0.751977797095	-1.73200105171	2.17298497014	23474.804503	True	
0.859797987712	-1.79476150239	2.22266268274	23646.161895	True	
1.79012603331	-1.67353147218	2.1930889385	23717.1904837	True	
1.98067247263	-1.81827448536	2.35297098842	23793.0361466	True	
2.54792064108	-1.72228891136	2.23457182257	23063.7967688	True	
2.80812298907	-1.79699484137	2.28736601604	23095.8984655	True	
0.730423444769	-1.66409339338	2.13631104021	24013.0695196	True	
-0.466849655339	-1.8450620216	2.39037291827	24805.6757506	True	
0.597720306046	-1.79499179959	2.2201408322	23705.3868601	True	
0.599653835131	-1.81279833124	2.23564811267	23939.1735137	True	
-0.652000025475	-1.79716621282	2.24984578658	23514.8948095	True	
1.37969183776	-1.77687326588	2.12384376127	25999.9935655	True	
-1.22957454619	-1.69425191054	2.23411969309	22948.7890794	True	
-1.17776643326	-1.78349017583	2.34958122108	23666.6609	True	
-1.29414672405	-1.68498095766	2.06822718127	27069.6140109	True	
-1.50105206815	-1.74381681733	2.30198343715	23267.4314954	True	
0.32432659352	-1.72955656182	2.22094302882	22981.9670673	True	
-1.86413434091	-1.63181025809	2.33323247972	23287.1380697	True	
-1.47548355963	-1.69531422803	2.29167839212	22998.048416	True	
-1.1302276963	-1.73644484716	2.20618192317	23362.6081249	True	
-1.4402630997	-1.73722627335	2.36097358618	23848.6337234	True	
-2.2068574078	-0.910412748314	2.26372230339	23081.6057168	True	
-2.30820526711	0.861155125007	2.33694899841	23316.0808876	True	
-2.35146858612	1.86263172659	2.38594606565	23622.5879259	False	
-2.28506891029	1.30240337481	2.2395679206	23108.7076455	False	
-2.03051628825	-1.35978215587	2.28689809421	23377.0252375	True	
-2.33183122875	-0.486362630923	2.39512819195	23817.2850026	True	
-2.29518788762	1.25260251396	2.27447165271	22960.0684104	True	
-2.33111656685	1.36262113793	2.35408733576	23261.3578865	True	
-2.22321776256	2.08585135343	2.13945122758	24491.4528102	True	
-2.35159192995	1.92925954855	2.33188480189	23128.9156264	True	
-2.27400916712	0.957199484287	2.20093533873	23524.6784423	True	
-2.19664915718	1.07421343061	2.14170904216	24617.8940516	True	
-1.73364127378	-1.65327138222	2.30586116915	23022.1754591	True	
-2.03774334158	-1.12369243594	2.18951325287	24536.1291561	True	
0.286145695635	-1.66952048743	2.13585685689	23975.2134842	True	
0.0880928888862	-1.65580120338	2.20335478182	24230.5746516	True	
-1.84339503616	-1.66881861296	2.42109276143	25073.7065959	True	
-2.35090285458	-0.956219885051	2.39562050808	24646.7275714	True	
-2.26745342473	-0.131867527286	2.26839224812	23119.2609941	True	
-2.32718493537	0.0206649453574	2.26968163438	23224.3221095	False	
-1.90646933166	-1.69675052433	2.30721076542	24990.5829833	True	
-0.75646135198	-1.7414839599	2.27575242948	22973.4170587	True	
-0.518828516411	-1.81922846486	2.31345767486	23578.4703179	True	
-0.0414993153754	-1.81787226872	2.33672151453	23607.5865185	True	
-1.78043450458	-1.57943621005	2.23374808002	22953.2471028	True	
-0.295892393173	-1.77589604768	2.20688524939	23584.1121188	True	
-0.197556109776	-1.80770952943	2.25010045641	23632.3338495	True	
-1.28856917402	-1.67317285604	2.28482985709	23663.6953419	True	
-1.17191837416	-1.70250424913	2.21206220755	23033.6934876	True	
-0.595893907292	-1.80197168473	2.35083359275	23704.8294798	True	
-0.901090309362	-1.69569104718	2.16727540774	23486.6096965	True	
-1.67885089812	-1.61554446998	2.18864675509	23407.1403216	True	
-2.13230840169	-0.943351142492	2.2154390329	23964.787161	True	
-2.23617832653	0.654277717753	2.21765057546	23661.5438416	True	
-2.33769739313	-0.277090733215	2.22954900136	24534.6475146	True	
-1.19722923061	-1.70412801707	2.29696350702	23420.909534	True	
-0.551958566669	-1.77054306028	2.33769356314	23624.2593067	True	
-0.408059730172	-1.77582653139	2.23427911024	23181.7780772	True	
-1.508610491	-1.53734938978	2.18967347123	24641.9930026	True	
-1.09539895047	-1.75535189244	2.38657067107	24911.290963	True	
0.247375925325	-1.84957138375	2.29278128667	24453.1357741	True	
-1.73106994629	-1.56552132692	2.14875038649	24013.154953	True	
-2.24410791987	-0.978338880306	2.29652488832	22895.9131769	True	
-2.33626162035	-0.163542758913	2.3377105635	23096.7033845	True	
-2.21239152959	-1.32889792662	2.37633475493	23812.7392703	True	
-0.842592234098	-1.71200058122	2.24215130731	23020.7641189	True	
-2.10671386952	-1.35184596279	2.21323625743	23637.9141076	True	
-1.2793594236	-1.72458909251	2.24230904871	22956.5623906	True	
-2.09137905937	-1.43838682523	2.33260610961	23152.642979	True	
-1.26369944464	-1.72319150346	2.26374934063	22877.7904081	True	
-0.835550830729	-1.73601005691	2.26325399589	22914.0767213	True	
0.633076695679	-1.70696239296	2.22436664628	23229.3146101	True	
0.332316220201	-1.77442825408	2.26172927059	22922.0594671	True	
1.00148715291	-1.77009702923	2.21212540428	23299.264914	True	
2.1833724427	-1.79149231504	2.26432837247	23082.7864739	True	
1.94425731173	-1.73931528606	2.25570501041	22977.0717272	False	
0.944176992394	-1.82762081142	2.28603153028	23728.6175439	True	
0.896249700281	-1.74359154954	2.2911578895	23306.0608114	True	
0.393629346715	-1.69362294417	2.16037584279	23562.4697612	True	
1.18921778257	-1.67518581461	2.17544572026	23647.3641185	True	
0.634523644688	-1.68400910364	2.19658960426	23511.577369	True	
2.03329698465	-1.75259271506	2.25114688228	22878.7950215	True	
0.937289188464	-1.64798334576	2.09730202219	24694.0701628	True	
1.57588128177	-1.8049252233	2.26246580976	23342.2922214	True	
1.32626700787	-1.74014347839	2.23017299953	22924.6724778	True	
-0.252007493354	-1.75817356194	2.26849941171	22895.5487864	True	
1.06864815306	-1.78879261914	2.29064066509	23028.5148504	True	
2.36195068148	-1.77858962065	2.28024089742	22945.4053892	True	
2.15452061111	-1.73275733615	2.11091625285	25142.2977574	True	
2.45220688744	-1.7081421552	2.16387502955	23499.8843441	True	
2.93264486536	-1.76284555489	2.21031462222	23214.5011241	True	
2.72957162554	-1.74955599622	2.27857039554	23052.9491442	True	
2.29806260268	-1.68116937931	2.21685637894	23729.7861371	True	
2.89475129451	-1.74100723227	2.24705492915	22924.7163199	False	
1.36284725856	-1.71649590668	2.23148791214	23126.11552	True	
1.43465624537	-1.69469248447	2.17896141663	23399.2497134	True	
1.40812391575	-1.72140112692	2.27349001899	23496.3628458	True	
1.20725676154	-1.7053242289	2.18802325846	23264.6281424	True	
0.0830630056989	-1.7054721464	2.26648535302	23748.8574565	True	
0.262208757483	-1.74198781369	2.19044970235	23286.5578695	True	
-0.16958675657	-1.69316643022	2.17280168165	23430.0392499	True	
-0.661173017049	-1.78028774238	2.2504923809	23158.6600342	True	
-2.02913082146	-1.48755588394	2.29384179884	22968.3468464	True	
-2.13065539928	-1.43072322333	2.29099163051	23525.7317615	True	
-2.38567289791	0.778075266171	2.3841664721	23898.6416592	True	
-2.32032342869	2.91571304696	2.34674769432	23285.1599204	True	
-2.34254926627	2.33414744526	2.37156382723	23434.3027092	False	
-2.34480246959	2.69975486014	2.35443333553	23204.0954687	True	
-2.33176491861	1.69072843676	2.28495410221	23041.4447062	True	
-2.29505140932	1.42145199279	2.29009601665	23012.967632	True	
-2.28692626463	1.58318490436	2.28527442524	23093.4196221	True	
-2.27817023819	-0.522006475769	2.25159046034	23037.6875838	True	
-2.30736184954	-0.619805671216	2.3587023862	23298.8683517	True	
-2.19241461767	-1.08867729027	2.16998482287	24461.6663614	True	
-2.26719990083	-0.698423962755	2.28606326786	22902.735691	True	
-2.32719405003	1.11340626816	2.31965436666	22958.9913668	True	
-2.35921807613	1.65638331308	2.36508956259	23357.2896254	True	
-2.28715183564	2.38697571186	2.27595274944	23041.4025273	True	
-2.27976358156	2.67027018171	2.24976820292	23087.5787261	False	
-2.29651101228	2.83606929566	2.30703228306	23137.374363	True	
-2.26194761127	2.22186936845	2.260281733	23375.3628096	True	
-2.34871181626	2.47999676351	2.30758397467	23147.3322856	True	
-2.37070530142	1.72386763997	2.39733127329	23814.2607679	True	
-2.33591565988	2.317932132	2.3585950014	23286.8161587	True	
-2.38046413538	2.39746022007	2.37899798841	23737.6467386	True	
-2.33966538732	2.52236454488	2.32315620118	23006.2043793	True	
-2.35255441646	2.18687397119	2.34318609728	23164.5282227	True	
-2.34970030713	1.8452987966	2.41374130301	24273.3248283	True	
-2.30839451332	0.516541507595	2.29729508715	22918.8615642	True	
-2.27963490026	0.639042548329	2.23256233767	23163.8296142	True	
-2.32260115327	1.72486846022	2.30093082455	22911.5354921	True	
-2.33477571601	1.09485275133	2.32408356526	22987.1142436	True	
-2.32992245153	-0.628081792641	2.37534497628	23491.439897	True	
-2.31943366912	-0.203633807767	2.35854093725	23340.8034327	False	
-2.29360217039	-0.157771062909	2.26920067581	22937.726981	True	
-2.31257269879	-0.000340029156677	2.29903406406	22904.9112808	True	
-2.26526574997	-0.92696897058	2.26478820542	23179.1533845	True	
-2.19099293071	-1.22721214742	2.29776195799	22952.1962712	True	
-1.67883572193	-1.62039724153	2.24308692398	22914.3600845	True	
-2.00153302549	-1.427857646	2.22577996687	23060.9597793	True	
-2.0968338608	-1.24283720405	2.18410066217	23594.963892	True	
-2.34274138508	-0.190294878042	2.30481636018	23253.7384828	True	
-2.23272661781	-0.57700207829	2.28926967051	23627.7437593	True	
-2.33123328483	0.0251312290329	2.32109324331	22992.2206976	True	
-2.29628586474	-0.548151438966	2.31638766721	22953.6261598	True	
-2.33798674906	0.154414405741	2.3961813051	23933.8436605	True	
-2.33104270628	1.07213468223	2.28887137362	23010.958434	True	
-2.27062965841	2.4941496308	2.26457536541	23233.5561064	True	
-2.28415562186	2.14527250012	2.25562279065	23044.9731238	True	
-2.30624710352	2.41220785515	2.28906688497	22919.7328617	True	
-2.33202334756	2.05235366695	2.28706363167	23028.4846952	True	
-2.26720982491	2.38921084412	2.2394696603	23221.7853342	True	
-2.34754623309	2.80479945891	2.31841713769	23086.1804723	True	
-2.32747769809	2.7150923957	2.35402793068	23302.5680236	True	
-2.37399931778	2.95479857059	2.33719454319	23548.9778372	True	
-2.32803798162	2.19255039339	2.2564213882	23299.3223122	True	
-2.32078474781	2.14718967907	2.2793529573	22963.6299466	True	
-2.33762290321	1.62313573631	2.33146368953	23024.8110453	True	
-2.26781629144	0.957000571559	2.24297973815	23201.4373688	False	
-2.27668697712	0.220962826756	2.27300691671	23100.7661397	True	
-2.34368267421	0.123003120828	2.37110388198	23402.48248	True	
-2.28604980273	0.419598585222	2.29133534074	23109.0616255	True	
-2.32424728894	0.791628530104	2.28958696691	22946.9331982	True	
-2.29093788461	0.4079310294	2.29618860698	23073.0624355	True	
-2.33079167339	0.06695244049	2.26955144397	23283.3416868	True	
-2.33315742982	0.74602603212	2.26339936003	23322.4526197	True	
-2.29836811532	0.989327330396	2.29253187588	22984.2906466	True	
-2.28917779466	0.575664461802	2.19708867038	23760.8448819	True	
-2.28253206956	0.676129462159	2.25467853424	23045.3936778	True	
-2.33852152911	1.02982286884	2.37362939112	23499.98513	True	
-2.35530327661	0.513845537323	2.32290730081	23231.1819495	True	
-2.25591456471	0.0662888524134	2.23114655556	23274.4891524	True	
-2.3755594539	0.394069651692	2.35469215203	23615.1317176	True	
-2.31627467782	0.279699713659	2.29608872993	22905.7617314	True	
-2.24549083877	0.71405573417	2.21883537877	23506.9554132	True	
-2.27870116464	1.55383673511	2.23453118561	23156.4723327	True	
-2.32339895719	1.56193300596	2.29876829666	22914.6220287	True	
-2.31444330252	1.69210967902	2.24670545066	23217.4960922	True	
-2.28253906102	2.35703304203	2.23398279996	23153.3407441	True	
-2.27737269017	1.84722981419	2.26971769034	23147.258413	True	
-2.35115373082	2.11936586621	2.30822761171	23188.3928027	True	
-2.32220769962	1.49513211285	2.30511255	22914.7333093	True	
-2.27489876455	1.66125167029	2.27130486463	23197.086091	False	
-2.30672450692	1.64815370141	2.26627985851	22962.3593387	True	
-2.32664547039	1.80850711922	2.32077098966	22965.2145984	True	
-2.2689415752	1.60870230639	2.25796932695	23225.4262656	True	
-2.32103599677	1.11746575005	2.24704027283	23322.5599271	True	
-2.31769643507	0.564193055166	2.28181872184	22941.6287315	True	
-2.28116616859	-0.450210191328	2.29616302284	22960.657387	True	
-2.284168929	-0.381868639164	2.24553988121	23093.2191963	True	
-2.30668865694	0.0957637281122	2.26916545074	22967.5392125	True	
-2.30027312915	0.532042177871	2.30836808445	23059.4643157	True	
-2.28370316756	1.11540523644	2.2776867954	23087.3187084	True	
-2.34070870294	0.987820845274	2.30243854981	23059.9483376	True	
-2.27657518633	0.811069648196	2.23078984101	23184.4307334	True	
-2.25158221452	0.125153937464	2.21229282553	23406.7129855	True	
-2.32581550505	-0.0818010957295	2.33086539679	23018.5536903	False	
-2.24196889744	-1.09128197363	2.31745878786	23004.273999	True	
-2.24584367728	-0.67910009911	2.30189134598	23288.8259674	True	
-2.17577109472	-1.02679835221	2.24885994603	23100.7151119	True	
-2.21791790695	-0.945157114767	2.22421455575	23221.6783974	True	
-2.24555427015	-0.897805350159	2.20859323859	23747.8798699	True	
-2.27701210868	-0.697434865074	2.34200393424	23304.1104563	True	
-2.25364534034	-0.847494034502	2.27709683143	22899.8690828	True	
-2.24269108608	-0.955829995221	2.28338837061	22893.2726819	True	
-1.65918774739	-1.61493181092	2.28944620184	23370.9674107	True	
-2.05813029224	-1.33840287864	2.23422903887	23021.9372955	True	
