Parameter 1	Parameter 2	Parameter 3	Potential	Equilibruim
-2.50171192844	2.1081168346	2.68259026476	37746.3359579	False	
-0.356745569083	1.78154539403	1.62247768657	45935.3914804	False	
1.70636232581	2.19223211685	1.39141628982	85007.5208551	True	
-1.69139484799	-1.43509836613	2.20044202628	25895.2569804	False	
0.580481667259	2.04762020329	1.73847645904	37505.0515702	True	
-0.0665999391023	1.46510677654	1.78742731318	37438.0410742	True	
0.860576911046	2.17680919242	1.71532218792	38269.6511938	False	
2.70371779567	0.197654919264	1.66501551092	41616.8274478	True	
0.539129481608	0.440653923116	1.89638801644	46572.223282	True	
2.86709484605	0.508634142228	1.74165428349	37405.3141999	True	
-1.56349728991	1.45286660116	1.85735812262	34645.2757469	True	
-0.401878583168	1.98150874697	1.83629919716	39577.1233646	True	
-0.905351665055	-1.54210870887	2.04852951337	26177.1599359	True	
-2.92750432808	1.96758274595	2.65653608793	119386.281798	True	
0.956345346894	-1.31793022744	1.76934646253	37822.6375107	True	
-1.36365853995	-0.711778324685	1.69372621838	42279.0744207	True	
-1.81830213984	-0.546706105932	2.41234586713	100186.965681	True	
2.58757526463	-1.23331536586	1.74914224051	38514.2013699	True	
-2.89152437397	1.96701895959	1.79184057576	154192.31925	True	
1.90000242964	-0.274669654148	1.58871043432	50651.3107951	True	
2.76797178054	-1.68014423121	2.10672965472	24519.6829372	True	
-0.383206449762	0.144579610224	1.96039255959	56572.5434784	True	
0.797116049958	-0.519717560246	1.55933692847	55599.4398096	True	
0.0258757098075	-1.93204716649	0.969471325341	193846.861983	True	
0.602674717335	2.41296999444	1.89158858448	46439.2082104	True	
-1.51754882946	0.843061013336	1.98772274622	45169.6346335	True	
2.25841582017	1.75703505742	1.47620680804	68106.8606774	True	
-0.126036684394	1.88345608188	1.47868549096	67868.8533037	True	
2.37043061851	-0.584010624255	1.66181025804	42745.7684428	True	
-0.520653120099	-0.988736780094	1.68402004803	42684.393746	True	
-0.753575888561	-1.70486331836	2.58128903862	47707.2602922	False	
-0.00994644494877	-1.72681982428	2.21374196906	23013.4146826	True	
2.34396842705	-1.70482217566	2.04490398341	27205.890039	True	
0.735308770504	0.63274753851	1.90670042057	48469.9677237	True	
2.04765696083	-0.680437967559	1.77996033562	36032.0823767	True	
-0.469448810989	2.60329472354	1.68734097996	39946.8828387	True	
-0.966579551472	0.324937901576	1.80532102995	36692.5425999	True	
2.72582591552	-1.61055948308	1.60774444917	67216.6283963	True	
1.32099833721	-1.86668650634	2.09313912987	32834.0322891	True	
1.21674136415	0.643207624066	1.98129562406	64843.2728035	True	
-2.56879887933	1.6163663976	1.90383168581	74990.8485543	True	
-1.68810848769	-1.465956828	2.3618048744	33240.430268	True	
2.04699179149	-0.411195499916	1.77264910002	36570.8956916	True	
-2.11131909169	1.92177211614	2.12706575129	26806.6347293	False	
1.30020978242	1.69304119391	1.6117906504	46937.2070441	True	
1.75718371289	-1.56411028483	1.48817486492	84884.1400368	True	
1.67793110167	1.64262265741	1.6198981989	45981.3027755	True	
0.959583688788	-1.4001380286	1.95930538407	29569.8108965	True	
-1.08426662532	-1.6111112607	2.51812047828	50359.9981122	True	
0.627214112686	-1.26093837008	1.89609245893	31811.8616424	True	
1.65852508274	1.20964957002	1.84120789966	40542.7564905	True	
-2.0488526136	-1.53571198595	2.0612305292	32917.4225147	True	
-1.00518655203	-1.03676495362	1.98436523686	38299.310009	True	
-1.38002512137	-0.631804345767	1.60572699527	52800.4734572	True	
-1.60103191726	1.88921733934	1.83844519052	34292.7504073	True	
0.553184540996	-0.576028205832	2.15044707068	108530.96905	True	
2.26669573185	-0.535112144549	1.65424021398	43378.8741398	True	
-2.34249385077	1.12745804469	2.18945042306	25539.8631119	False	
-0.423645418559	2.06609908651	1.6875141015	39920.3983038	True	
2.57986719332	-1.61702944562	2.08932722538	25039.2803465	True	
-2.05851300876	-1.41731703371	1.9758423704	35835.5299517	True	
0.152528562816	2.45906769379	1.73802653896	37504.8728186	True	
0.968608515465	-1.0587650588	1.75886524983	36708.6337953	True	
-0.750018610227	0.833132650992	1.89066020187	43921.5774562	True	
2.2730278396	0.262770832045	1.7392091882	37432.7654872	True	
1.98177866142	-1.91772060679	2.53338380807	31149.4627905	True	
-0.405314857103	-1.80314438589	2.35800919106	23836.3699969	True	
2.16243689822	-1.89181231573	2.20155111829	29248.0853456	True	
-0.602845766798	0.786543298905	1.54996334282	56146.5062371	True	
-0.193500219807	-1.86786610099	2.0662304885	34883.5319813	True	
1.14272416684	-0.195649567383	1.79268339594	37016.0654863	True	
-1.11581547479	2.55937693278	1.94435554005	48712.3933248	True	
1.83236412841	-1.92745556176	1.86977735627	57508.6357984	True	
0.876616998091	-0.328103422214	1.77422637643	36666.8003157	True	
-2.32757097646	1.48859933098	2.3292636057	23015.8355538	True	
1.84304162029	-1.75068849602	2.27242796432	22983.9653647	True	
2.02171141859	1.78784300591	1.76181002938	37250.794537	True	
0.896860682112	1.24395424472	1.94331666122	55919.3637033	True	
-2.2122505392	2.14421338524	1.91882029498	35695.3662485	False	
-2.36336782493	1.57704330855	2.42459833938	24392.7833676	True	
-1.07392384261	-1.86358301344	2.15965514175	30594.4449213	True	
1.05682518956	-1.96558624682	2.07731281053	43523.6946279	True	
0.181853815895	0.578594402275	1.76135848056	37144.0291411	True	
-1.40512278418	-0.8619041864	1.83168373021	33755.621993	True	
0.981763724013	1.04884202269	1.80814306095	38297.286263	True	
-1.55377636182	-1.46347249272	2.27991381047	31095.4424813	True	
-2.63127816473	1.13125622564	2.68600367703	49532.7607934	True	
-1.98863082612	-1.17421755079	2.1307559965	24806.8887409	True	
1.31028223597	2.32950375947	1.86085237989	42526.7020918	True	
-2.25599804677	0.43118765765	2.15702745815	24277.4285254	True	
0.470849818007	-1.92335720252	2.55695880578	32558.4184259	True	
-2.31309874938	0.385043544359	2.28618844367	22910.0434407	False	
1.94561742232	-0.203764588841	1.63026385368	45347.9996908	True	
1.00468278898	-2.00457024539	2.07693617935	48342.8867009	True	
2.53407118632	1.47877383267	1.63095502812	44750.989927	True	
1.22164193132	-1.96283243203	2.060292568	44434.9434088	True	
-0.393832915672	1.70499024913	1.76348513157	37082.81161	True	
0.335365198491	-1.88884863674	2.48337025247	28246.0773722	True	
-1.65148038639	-1.80824216528	2.58675835331	33616.4444361	True	
-2.24985302558	0.35900863913	1.92918412761	36968.020897	True	
2.47139852104	0.461615851879	1.33146396765	98133.3526549	True	
1.22594426944	1.03739008446	1.69103128409	39574.6533211	True	
0.507408421327	1.76644519914	1.91011551769	49375.6962616	True	
-1.84510532175	2.37249532899	1.93391243227	31779.0101044	True	
-0.957082082149	-1.67800636954	2.29377842122	24647.9541576	True	
-0.304050302594	1.88734339474	1.80765367779	38004.80126	True	
1.77274353831	1.96982426357	1.65658412226	42210.3437163	True	
-1.30733469953	-0.896917039038	1.94979551779	35932.6437795	True	
-1.84124477134	-1.70738250483	2.37760794675	24433.707612	True	
1.49209318145	-0.22520690904	1.7278368252	37740.2173702	True	
1.69948987218	-1.21389213893	2.08886206631	46012.3340799	True	
-2.64619928277	1.23852186415	2.49354110331	50887.6980546	True	
1.36556185573	0.91933379376	1.70339230405	38850.1452746	False	
-1.87854401522	-1.45451551603	2.39275848125	29216.400408	True	
-2.02803138996	2.3363296951	1.95372663743	29562.0154108	True	
-1.75222983922	2.21419164963	2.06802533802	44605.4076661	True	
-2.04226720896	0.8275046291	1.91147680199	31449.6294412	True	
-1.25020636758	2.8188586184	1.86293091133	37927.1293429	True	
1.29259815291	-1.13764545871	1.99146712928	38856.9886625	True	
-2.02937106269	-0.671248520684	2.13642608692	27771.3435682	True	
-2.25667875619	1.79325077898	2.4520909513	32045.6304419	True	
-1.98015131214	1.8830677778	2.08723267938	31810.4391252	True	
-2.2006007905	2.58957139604	2.15065203698	24496.9864978	True	
-2.46630877581	-0.923804520436	2.4422576806	31277.3843286	True	
0.472883795201	-1.55497869797	2.08176225922	26191.607636	True	
2.35617684286	-1.08467917479	1.7333157228	38600.5210009	True	
1.39041179948	0.216532445426	1.94068778313	54140.5199532	True	
0.851286827219	-1.91729993645	2.32615739298	27754.0138165	True	
-2.23977585485	0.926640458133	2.42743943274	31765.3579676	True	
-1.80149258064	-1.65188672152	2.16788353565	25588.5816294	True	
-2.46687206014	0.573307560641	2.71971545073	40768.1500922	True	
1.46498604627	-1.49102392366	1.79550670977	38742.5545411	True	
-0.00394157647751	-0.83961142844	1.68521606093	41481.9053343	True	
0.0413247201666	1.736951566	1.72216346652	37994.9431759	True	
-1.02003158058	-1.94458771946	2.31920737244	31417.1228843	False	
-1.79852882413	1.29924396653	1.56820447795	62756.0345255	True	
-1.91153732751	1.26094095725	2.09094133513	36172.5825382	True	
-0.849560483035	2.87046949391	1.8134874049	37454.7004592	True	
-2.47740920285	2.03894049663	2.42911559979	28534.7269861	True	
1.69329122902	1.34057326927	1.75507320186	37264.9263139	True	
0.441645632102	-1.71552432135	2.00225147161	29953.7489653	True	
1.21181803699	-1.33138934957	1.91197661645	30899.1637747	False	
-2.32179348421	-1.08476468311	2.05926158251	37019.2476274	True	
2.66330161106	-1.40769828916	1.84795111295	33244.5192073	True	
0.71119565673	1.05659432755	1.93077059419	53166.9329262	True	
0.901691063453	2.32072826165	1.66878138706	41175.5537911	True	
-0.39490986409	-1.29960482367	1.81116210935	34757.2133106	True	
-2.13861176334	1.48332447644	2.12187994838	25857.6786434	True	
0.570911326712	-0.320358427436	1.80560621593	37062.2808819	True	
-2.41463240609	2.28522960351	2.21789456349	28813.9124669	True	
-2.33410971719	2.35943107525	2.25319036312	23480.8177303	True	
2.12509414189	-1.76888872117	2.15658780916	24554.6474257	True	
-2.28887507711	2.7585836643	2.21928012676	23337.0353699	True	
0.807058846814	-1.62672075405	2.16440176874	24720.4561405	False	
1.68134326623	-0.766383586735	1.71589961717	38706.0908166	True	
0.823136380534	-0.788823749593	2.01477398381	56209.2127186	True	
-2.3238696816	2.05406475469	1.80479259089	55445.500831	True	
-0.890798473699	-1.56739158737	2.19457929286	26845.519527	True	
0.783986592605	-1.55237173823	1.79022106531	41104.1458747	True	
0.831762759625	-0.834813964927	1.72033971299	38562.1025691	True	
-2.26296453512	2.24764025638	2.41949125043	29027.146624	True	
1.0097094623	-1.99897977757	2.22160416812	39021.7388828	True	
0.025400684367	2.98316757196	1.89635769211	46860.1356016	True	
-1.12677036519	1.52643391054	1.81001149495	36501.5988663	True	
-2.39638355988	2.66979598788	2.31007771075	24699.2903419	True	
-2.26196965518	1.16964032724	2.04167657273	29205.1299348	True	
-1.52200232657	-1.40909448464	2.10145922207	26770.5175877	True	
-2.18809705826	0.247071081591	2.31520652244	28640.539837	True	
0.0230759422341	-1.56197261943	2.04222779555	26292.7374526	True	
1.85698544005	1.01058750109	1.75564901174	37249.8002998	True	
-2.45733503521	2.72695289168	2.4815741202	27486.1311497	True	
-0.350607738	-0.647659328666	1.7125642392	38839.3743319	True	
-2.37995770381	-0.446569290782	2.34580363612	24283.0870832	True	
0.734920194567	-1.66518167507	2.01193585451	27862.3230445	True	
-0.589759334111	-1.77595079615	2.27296089895	22970.1158832	True	
-2.48026257519	1.8030504838	2.54158925141	30005.0570081	True	
1.08576268402	2.42818318848	1.81372996848	38644.1054438	True	
-2.00197556703	0.448049785589	2.2157544423	39643.9455397	True	
-1.00552137522	-1.82428331572	2.26818819021	24489.9828748	True	
-2.4360661561	-1.60064073061	2.7205756929	50183.141217	True	
-1.32144418454	-1.79264970388	2.5461706494	32230.1813344	True	
0.791353131381	0.901705991524	1.70406426681	38817.6575625	True	
-1.08612897427	-1.55466837288	1.87770057053	34728.588263	True	
-1.0111063022	-1.93253826077	2.33403453139	30042.5333431	True	
-2.47358074168	0.143946700486	2.38907959629	28910.407507	True	
-1.95560029344	1.79123041842	1.94068861655	30255.362767	True	
1.10267484861	-1.12956630095	1.89426346989	33614.2672705	True	
2.7240730801	-1.65448361104	2.31109920463	28130.2832152	False	
2.01260729053	-1.62165641214	2.11446214596	24736.8182559	True	
0.945206882	-1.78906243324	2.2455050318	23194.2194083	True	
-1.59123354964	-1.62946437959	2.1984503096	23190.9738082	True	
-2.15152119802	1.76848255928	1.97874468174	29504.162053	True	
0.274258866055	-1.27935502637	2.06836172165	38853.9140239	True	
-1.32171407102	-0.526393234777	1.64374625843	46931.1772387	True	
2.27749044498	-1.81945090407	2.36021152343	23917.0583897	True	
-2.34615591216	-0.400005969334	2.14229079283	28741.5297225	True	
-2.10004772002	-1.69900087644	2.37188643069	29046.0062447	True	
0.249861187177	-0.83835214104	1.89362220843	38090.5686544	True	
1.24793778357	-1.24407606223	1.88650024138	32073.6755708	True	
-0.290475686303	-0.486794107656	1.90970166524	43643.8902312	True	
1.53818861635	-1.77312306725	2.22317712672	23187.6701482	True	
0.71618740031	-2.02280245287	2.17489202531	44481.9238409	True	
-2.20753967622	-0.679397509298	2.32924371204	25306.9723206	True	
-2.21799925019	-1.35930214076	2.34308405053	24058.1272841	True	
-2.16866395283	2.53805553726	2.20128846124	25784.1204548	True	
-0.978644218245	0.75466016462	1.79585429312	36625.9024201	True	
-1.75267661125	1.07770922672	1.94350425378	33920.3810549	False	
-2.3312047388	1.15872483259	2.36748089642	23477.8643406	True	
-0.577506859749	-0.994941408936	1.71775270985	39624.065758	True	
-2.34607512965	1.21440518837	2.29679286796	23182.1294952	True	
-1.66070685059	-1.97104146745	2.71465725163	47820.7059375	True	
1.98181135914	-1.49039377174	2.03590642251	27708.6149958	True	
-2.39143504864	0.890531314808	2.27149270637	25349.093937	True	
-2.22311832938	0.832898857642	2.13784817019	24520.9362415	True	
2.08617806104	0.196641300482	1.71154958747	38456.2907512	True	
-2.26368952233	-1.19138369104	2.20335841232	26529.4892501	True	
-2.17903453673	-1.18536625445	2.57938414033	38521.5759715	True	
-2.09435668834	2.64726971324	2.11100485053	27205.9320125	True	
-2.16080851033	2.66922753269	1.94014045369	32068.6185081	True	
-0.377811830459	-1.74477200897	2.25745305001	22900.6952185	True	
1.04534597685	-1.63276919167	2.19326959122	24941.1238301	True	
2.53968783479	-0.863797321314	1.75293818358	36701.5471821	True	
1.67000646863	-1.85697623683	2.29355372866	24712.3238522	True	
0.53221486369	-1.96136013476	2.60139588383	36497.6428018	True	
-2.31092012193	-0.527873536588	2.26532778268	23297.4056976	False	
-1.33144063822	-1.68373109156	2.21054526602	23052.7475584	True	
-1.14519252874	-1.75825935382	2.12548927951	26459.8640145	True	
-2.52650982379	-0.385679049179	2.30626669346	38376.2291757	True	
-1.86497714058	-1.61718931069	2.24397598438	23479.5728755	True	
0.466583798864	-1.68063858534	2.15554166157	23684.3118206	True	
-2.24464514564	0.200804222726	2.23675914289	23479.7884875	True	
-2.31804764768	0.799316577054	2.40333067035	24755.7290047	True	
-2.25876902206	2.67695730444	2.22563702052	23343.1037659	True	
-2.31034625023	2.27205924873	2.31120203387	22993.7356828	True	
-2.44861050695	1.95503097896	2.54284600396	28788.5388046	True	
-2.30432824776	1.69791103187	2.27881990363	22921.1463618	True	
-2.24884739952	1.25169991687	2.36401191149	26892.6025527	True	
-1.72378846576	-1.23236320194	2.11686862069	28854.2394339	True	
-1.1081423161	-1.70352692151	2.2064881057	23071.2460782	True	
-2.41499969246	1.80398175515	2.36834608056	24895.1266439	True	
-0.977395806635	-1.57471634762	2.26399592987	29211.6489076	True	
-1.94074532929	-1.01159520768	1.92298800397	31196.7123022	True	
-1.81342666506	-1.55584002005	2.33007486063	24163.3525727	True	
-0.925762848611	-1.42662143521	1.9747665508	28566.9753372	True	
-0.45259533355	-1.54911700653	2.02716283105	26627.5294396	True	
-1.74669489192	-1.10427260453	2.05676347511	29370.4141914	True	
-2.24916710413	-0.208507051566	2.274450108	23487.4476249	True	
-2.568775453	0.769070111419	2.48967299034	38246.7888274	True	
-2.14524438708	0.386813082599	2.04525359409	26736.1723544	True	
-2.25304359813	2.29282301405	2.31661111409	24756.0559854	True	
-2.4165081361	-0.208762018776	2.20255335772	30460.010274	True	
-1.67033455378	-1.59932787219	2.346472541	25263.8463309	False	
-2.37077577935	0.521023194951	2.30280762961	23821.9353519	True	
-2.2892814688	2.31200977943	2.34101771363	23930.0733971	True	
-2.22665845845	0.720775121577	2.00570209056	30052.8543477	True	
-2.22254178137	2.39692285156	2.2468595772	24392.957996	True	
-2.25429880375	0.740935308269	2.25758505131	23492.2136068	True	
-2.19959529335	0.986365654073	2.14063175976	24594.4132301	True	
-2.31557945599	2.60007902814	2.15082827975	25896.5678945	True	
-0.84124949335	0.55593797403	1.72618759392	37869.9414411	True	
-1.83237940991	-1.4387537591	2.25396199236	24720.2999525	True	
2.07128670203	-1.61859949211	2.08144313978	25141.7337165	True	
1.74923836644	-1.71682473847	2.21288606956	23088.8072937	True	
1.13138121479	-1.63031342816	2.13118733129	24510.5627201	True	
-2.275709808	-0.944890804102	2.36472825538	23394.0311144	True	
-2.19057804686	-1.83686452553	2.57295381649	42655.2493842	True	
-2.04699571331	-1.5897219097	2.18465560933	27935.3882157	True	
-0.804706256454	-1.70462781257	2.1841792237	23266.8702734	True	
-1.98347737818	-1.4987134167	2.22337154498	23368.4510106	True	
-2.40583929075	0.535468084416	2.40859338	24618.6215009	True	
-2.42526398865	2.17498889411	2.43622784018	25472.8624286	True	
-2.24840085467	-0.0731705767339	2.19874085157	23520.7690394	False	
0.623770291257	1.56080191194	1.79284397949	37706.9558594	True	
2.3814809334	-1.84143626122	2.29384192494	24100.8132548	True	
2.88138562435	-1.65887418941	2.25781530282	25484.0944246	True	
2.95877273979	-1.79288941527	2.29463153506	23069.6274681	True	
0.502278776215	-1.81157929875	2.38086047722	24352.134832	True	
0.114949227986	-1.6167018895	2.2505679402	27521.9357429	True	
-1.93480284842	-1.46723403519	2.20167674687	23255.5440836	True	
-2.19383572927	1.29715619843	2.11843070077	24963.4356892	True	
-1.95344126163	-1.63419296262	2.32169218417	23883.2987672	True	
-2.18782705205	-1.04645007559	2.28337275446	23074.7870327	True	
-2.1721935093	2.02515849181	2.26658252217	27814.7754613	True	
-0.328027648994	-1.72947545178	2.34534300004	25047.3671019	True	
-2.32784032927	-0.265558460353	2.28206544265	23208.5136364	True	
-1.46342898489	-1.78038234856	2.37707408824	24270.4757566	True	
-2.36757374759	1.07521464343	2.18034400925	27240.9996833	True	
-2.31888798064	1.38104755894	2.23782129824	23432.7448949	True	
-2.28893293266	2.89439966777	2.18025130317	24126.4961986	False	
-2.33426839916	2.22020780883	2.34144247617	23095.5064844	True	
-2.26930077917	2.81567787978	2.29618231538	23630.4981796	True	
-2.32732513662	1.98326265745	2.29681019588	22937.0556535	True	
-2.38431965707	-0.648382592607	2.36745274698	24749.9418582	True	
0.248294011706	-1.59112547656	2.08896840353	25385.7993704	True	
2.58370337917	-1.79997685128	2.23314585831	23594.1035067	True	
0.611749315984	-1.83334366165	2.35766780222	24032.6412586	True	
-0.998357988693	-1.87734197459	2.47509750342	27966.5523284	True	
-1.6979316674	-1.81361532271	2.4272110827	26832.5113881	True	
0.949942061162	-1.65756911069	2.23818010344	24941.3817839	True	
1.76223799445	-1.74007782019	2.33183238268	24371.7135278	True	
2.49000635092	-1.68113440293	2.10143978674	24660.9488015	True	
-0.648326875279	-1.79488365374	2.5030698266	30517.5547317	True	
-2.06361537583	-1.33226848875	2.21229939791	23207.9501268	True	
-2.22178714649	-1.09408355196	2.33570106214	23153.394754	True	
-2.23927118192	0.664367322116	2.10624894879	25538.6442695	True	
-2.32450356267	-0.580662973311	2.36971777375	23401.3308904	True	
-0.763333072178	-1.81652805203	2.38611007605	24453.4718797	True	
-0.453582522908	-1.75853827631	2.19269327387	23551.6003458	False	
1.28768625184	-1.65279724629	2.22239755646	24761.2642033	True	
2.18682200304	-1.79321117583	2.19406036594	24220.2016737	True	
-1.79163114292	-1.45766636649	2.12068041311	24444.6596669	True	
-1.11261919786	-1.65105936147	2.03603002187	27240.0355602	True	
0.418635528112	-1.80769684496	2.39257044543	24711.3006185	True	
0.974707393991	-1.58779518103	2.0351334876	26261.9656316	True	
2.12019705042	-1.8378838636	2.2809488552	24100.4958475	True	
0.688164485716	-1.78019076169	2.39627679575	25401.5347935	True	
1.18923525325	-1.55236081319	1.98523612349	27750.2779164	True	
2.85970605117	-1.65313564869	2.09376879236	24757.5381405	True	
2.36624900583	-1.78470791894	2.30602868423	23110.8475014	True	
2.7904258846	-1.55708395357	2.02377568624	26695.5448958	True	
1.52633442068	-1.6941808457	2.17242193739	23447.2226489	True	
1.30637179514	-1.5940384911	2.10283896489	25305.0518744	True	
0.727720714347	-1.68292403722	2.10645885774	24546.4522654	True	
0.909901401417	-1.95404569647	2.43800866468	30233.9935038	True	
2.08674628113	-1.63469641527	2.1429633203	24413.225534	True	
1.45415640014	-1.68598472829	2.23581905264	23848.6408336	False	
-0.419493178569	-1.76770747428	2.25285005679	22935.3659877	True	
1.51860471826	-1.85758914038	2.17179254795	28084.9321271	True	
1.9024610644	-1.63751981513	2.2040062977	24979.0011754	True	
2.41108593352	-1.75775070306	2.23411348849	22928.8448529	True	
0.80893169232	-1.75560025889	2.20504648696	23203.5202993	True	
0.288505427895	-1.7080386193	2.23001509665	23233.152353	True	
-0.868221258083	-1.73710419911	2.28883892989	23107.7294436	True	
-1.99672802224	-1.45214002554	2.29043076983	22995.8025501	True	
-1.34340767921	-1.7769038995	2.37405699673	24098.0252808	True	
-1.0477633871	-1.59144415286	2.08895967784	25009.6035524	True	
-0.682102926815	-1.60249414303	2.12736206478	24800.2230999	True	
-0.744649718027	-1.72576194733	2.24669173963	22940.3472545	True	
-2.25901758455	-1.18985241355	2.33359691097	23559.9842786	True	
-2.36681206753	-0.161325133938	2.37782741783	23665.0185351	True	
-2.46854653178	2.00784466129	2.44441696339	27847.5393295	True	
-2.25589481261	1.1133727164	2.2543122217	23449.3524199	False	
-0.988372895957	-1.54975029762	2.04946900591	26039.3142217	False	
-2.33029271859	-0.294597260078	2.40869549091	24254.328703	True	
-1.09454983986	-1.62250514312	2.13089688342	24166.7599243	True	
0.219738564347	-1.74736265873	2.40683772273	27258.8076144	True	
0.168262075046	-1.56265918282	2.05255331194	26154.2251985	True	
-0.488030392909	-1.6624661097	2.19603279632	23803.0435562	True	
0.491531235976	-1.77952450645	2.39055341352	25184.0996351	True	
-0.61898318796	-1.75247200838	2.23903262162	22924.613291	True	
2.09691721318	-1.80737084345	2.41936113031	25686.8202063	True	
0.144062589665	-1.77962630368	2.31336331855	23196.608748	True	
-0.396770062354	-1.71735086897	2.18687490909	23231.9045599	True	
1.41830337199	-1.69683011469	2.28379249803	24545.708652	True	
0.60584780283	-1.62657446799	2.11185621729	24670.2028943	True	
1.1693843596	-1.62463245621	2.13592296283	24622.9824647	True	
1.18060620539	-1.84810936312	2.26682567603	24710.2523956	True	
0.925673633184	-1.75753327589	2.18243052836	23628.0203608	True	
1.0786941638	-1.88127871416	2.24043086262	27150.8086892	True	
0.459843360649	-1.72862883765	2.20173662636	23088.2710097	True	
2.53951911806	-1.81557628531	2.27904646666	23454.557929	True	
-0.14156495777	-1.83984434687	2.33553236545	24031.0316052	True	
0.158489873086	-1.71269485268	2.1971305192	23160.0520546	True	
0.241064913448	-1.66668562814	2.16594159178	23775.3493917	True	
0.862296359901	-1.68371248965	2.20640841866	23569.4565737	True	
2.37676371064	-1.67804008402	2.17327947578	23611.7642675	True	
-0.341859717338	-1.70508653661	2.13944251864	23964.3744166	True	
-0.386358606556	-1.78283947673	2.29003835757	23017.4551204	True	
1.47630825401	-1.64589801963	2.22584675513	25140.8785776	True	
2.88287447676	-1.83995211713	2.40529859895	25024.3676301	True	
-0.487502611794	-1.65575841005	2.21220987042	24165.1979139	True	
0.116778499771	-1.77222155387	2.30383216073	23117.3455421	True	
0.155159085956	-1.67799852407	2.17846708599	23576.6488454	True	
-1.02404551017	-1.77968606072	2.34886764671	23645.6761124	True	
-2.18225026119	-1.53943389387	2.44183538101	26459.1952741	True	
-2.25659620277	-1.00262341182	2.32223641992	22994.0956222	True	
-2.23912233669	0.088574493784	2.30871837695	24846.4917361	True	
-1.03453801077	-1.75258693985	2.26053111892	22930.6616538	True	
-1.8069611182	-1.5733461364	2.12334636919	25411.7460273	True	
-1.72389070934	-1.59253227073	2.24030089688	22962.5538055	True	
-0.641929056297	-1.77007340919	2.23780049536	23116.3391492	True	
0.377704906441	-1.79539194028	2.22378640528	23657.7881116	True	
2.00220487165	-1.67529225076	2.15008044028	23783.4958972	True	
2.44998004391	-1.87064346788	2.28975629666	25410.57464	True	
2.64093524717	-1.72396341374	2.15911714222	23658.8625597	True	
1.34002413991	-1.77385408564	2.31086664944	23207.2156926	False	
2.74211729875	-1.72585213269	2.34061729117	25245.8682012	True	
2.10739897319	-1.74452194661	2.21359664905	23018.4004404	True	
2.96206685121	-1.73945824064	2.23313867024	22921.9497299	True	
2.47633770795	-1.79943524168	2.29403286119	23130.2611204	True	
1.98552950812	-1.68286236919	2.16685400412	23582.7251339	True	
2.89057845763	-1.67167164068	2.19365285439	23762.6833502	True	
1.73631626001	-1.77371875828	2.22227937333	23208.3163917	True	
2.32785194418	-1.80443207436	2.22366387108	23891.6826213	True	
2.87670263542	-1.72403979147	2.2453361523	23101.2095792	True	
2.49276690855	-1.68201740785	2.18684870203	23537.8305621	True	
0.942876200869	-1.79495682258	2.20515690902	24010.6026384	True	
2.6529201531	-1.80464398663	2.26966776581	23277.7993874	True	
2.51083596913	-1.72175323803	2.14240400608	24002.2007808	True	
2.12058175493	-1.49225941888	1.93037536015	29661.6640501	True	
1.87895683491	-1.83387725809	2.34699508444	23919.0652735	False	
2.1173107871	-1.73165617409	2.16318358284	23653.6731226	True	
1.7836229593	-1.74396507229	2.245530913	22903.654429	True	
2.03657372998	-1.63805682333	2.12425737808	24420.7226601	True	
2.40095835971	-1.80052228489	2.32294173805	23310.2034176	True	
2.84630623821	-1.56512466442	2.08410171412	25973.5057388	True	
1.12732233858	-1.72778799389	2.20507459805	23063.8357504	True	
-1.50456721958	-1.61570189473	2.24971208457	23563.1702565	True	
-2.08198603474	-1.46820163861	2.33364055956	23220.3336152	True	
-2.28455716542	0.0418921599686	2.30309426303	23178.2253058	True	
-2.2792254865	-0.463485581967	2.21838940809	23467.5791147	True	
-2.38946709016	0.614033371082	2.35159368246	23999.8235524	True	
-2.29232958818	1.16128665033	2.23220433546	23193.9199397	False	
-2.31413583147	2.06722653919	2.31218471891	22969.4260342	True	
-2.27447335641	2.87841286827	2.27720764044	23254.1261471	True	
-2.31075174987	1.6812245913	2.24659925201	23172.2025879	True	
-2.4121262535	1.46046745622	2.36091241899	24816.2229582	True	
-2.28642315186	1.14111959485	2.18737878489	23916.4647828	True	
-2.34576122722	0.663855002355	2.29652241857	23198.7404507	True	
-2.3846322434	0.207654475425	2.37071981727	23894.4104979	True	
-2.23844372954	0.565557860344	2.27444541611	24211.3168863	True	
-2.33708020306	-0.365402665921	2.26562820044	23765.0514745	True	
-2.11691628923	-1.13966498847	2.16491954394	23884.5079125	True	
-0.979126465798	-1.74112856076	2.2444592108	22905.1653087	True	
-1.59406333713	-1.75225474418	2.33573666291	23733.249365	True	
-2.31038355021	0.0672746117491	2.37143391511	23868.1970882	True	
-2.34359371754	0.869025076641	2.29703107658	23143.8354705	True	
-2.30840193501	0.974712486812	2.30795323292	22981.2460401	True	
-2.16826500476	-0.936853275347	2.2180427657	23400.6468799	True	
-2.33456839331	-0.604129768293	2.28801804528	23667.1069356	True	
-2.23262318778	-1.11746397024	2.29600184515	23006.9743963	True	
-2.32312129061	0.224338905524	2.2741958549	23070.5151793	True	
-2.22334229015	0.370972004373	2.2508151801	24283.4818734	True	
-2.29502850129	1.93327707554	2.24671149869	23061.7275144	False	
-2.27823079474	1.2632746604	2.22508791148	23231.7427395	True	
-2.29038238015	1.09231713893	2.20489295117	23599.6052338	True	
-2.22877379849	-0.197221185408	2.25859252525	23860.6766906	True	
-2.24004952401	0.425900218975	2.16765851649	23978.4791996	True	
-2.31393336123	0.29450426768	2.30661818935	22923.5586283	True	
-2.23525628813	-0.99866253594	2.26747760525	22963.4070514	True	
-0.337765364637	-1.77410028471	2.20578497153	23575.7412182	True	
1.13921336053	-1.76074173393	2.30078436263	23193.2928818	True	
-0.0903865951735	-1.72075572595	2.23124333235	23036.3742908	True	
-0.314006908012	-1.69405090337	2.14328440035	23822.2241882	True	
1.78108805253	-1.79149366721	2.25146027486	23175.9526648	True	
1.57529960846	-1.758363368	2.20758820731	23196.7498134	True	
1.7683411212	-1.75096202404	2.22920680596	22930.2782544	True	
0.0691339140069	-1.74864558364	2.24142250737	22886.0875864	False	
2.59393042897	-1.72547627697	2.17563771058	23381.6810427	True	
0.650596109867	-1.76617027934	2.33246676191	23698.3650223	True	
0.690025912331	-1.75631574537	2.2282156732	22962.4632429	True	
0.967100070435	-1.76024376519	2.24814520944	22882.4190414	True	
0.855171553571	-1.78802065996	2.31520173863	23202.9314031	True	
1.30948809823	-1.76521067174	2.20575629936	23319.5473759	True	
2.30620387123	-1.74992219519	2.25898091883	22908.4309024	True	
2.67400388967	-1.78631227074	2.27321199989	22990.7603264	True	
2.70956314279	-1.73124633301	2.15083149054	23922.2742717	True	
2.66641812527	-1.68737265882	2.16569312748	23550.7306296	True	
1.68755231811	-1.72776497588	2.20023001202	23100.2052969	True	
0.704285147759	-1.69514359045	2.16703663672	23486.4084135	True	
1.66123541472	-1.79330901386	2.28407760798	23054.7067457	True	
1.65529132792	-1.79930032259	2.21061916398	24012.0428105	True	
1.43035119137	-1.73196704981	2.31372397815	24101.7029134	True	
2.80424912502	-1.75320614608	2.21905232835	23015.615567	True	
2.90206219556	-1.78826980437	2.25519988802	23092.2691983	True	
2.72274719946	-1.72427640547	2.23402547908	23038.0090071	True	
2.63429315262	-1.76133534114	2.15176139392	24496.7593283	True	
2.65240998996	-1.68540854808	2.23718252585	23891.0512557	True	
2.70859572212	-1.79562519912	2.3060367159	23144.1479692	True	
2.80422656053	-1.73966643364	2.22281507436	22950.5910059	True	
2.47156744685	-1.81703001434	2.30731781195	23407.3791707	True	
2.22198107228	-1.77638836482	2.27621003665	22927.8029841	True	
2.76958301292	-1.74733961156	2.26028501536	22931.625142	True	
1.48825420749	-1.75315200732	2.19880631106	23263.0783892	True	
1.25589261605	-1.73458647122	2.19177393116	23205.6454661	True	
0.060444633326	-1.76701165486	2.28418650388	22959.6513125	True	
0.319240465777	-1.75142804222	2.2726456384	22969.617879	False	
1.74967267267	-1.71539341537	2.19163432558	23190.2227486	True	
1.54158975547	-1.83793558263	2.42575444325	25630.6801397	True	
1.68971046197	-1.77413420445	2.25647470276	22927.3640335	True	
1.34040911657	-1.80675748986	2.31144578919	23271.6872593	True	
1.14193744427	-1.74879731137	2.24110677874	22887.8031254	True	
2.4307724616	-1.79735814454	2.31307206078	23204.423604	True	
1.50893879028	-1.80390403497	2.33280209143	23436.6865598	True	
2.71470171028	-1.75200816027	2.23691647537	22897.8269312	True	
2.49689822452	-1.75172722897	2.25884522341	22898.3706762	True	
2.78846223345	-1.74950770199	2.28133219715	23083.5855811	True	
2.25127918714	-1.79314636678	2.23410237758	23413.552503	True	
2.620761391	-1.74284199808	2.25690845476	22950.4731087	True	
0.816193228486	-1.77992509096	2.26561766966	22950.0509798	True	
0.705738930189	-1.77239708585	2.17250277959	24201.4440208	True	
1.21833889555	-1.79242825661	2.29145448534	23057.2252255	True	
1.1507655769	-1.73022757906	2.20046944074	23099.1300208	True	
0.386621739631	-1.75958321505	2.25374142005	22874.6148341	True	
0.710690353848	-1.76936196544	2.30357266511	23142.599321	True	
0.639286173787	-1.71377861582	2.19649689666	23163.1516729	False	
1.18738323863	-1.76444285228	2.22495655452	23055.9523474	True	
2.04165249149	-1.72100830846	2.22545296129	23051.7025482	True	
1.72935360568	-1.76788793389	2.24664882568	22922.3237006	True	
0.701873151474	-1.79746836171	2.36869632706	24140.9330205	True	
1.87722044438	-1.81442393245	2.22664458611	24155.9301989	True	
2.55529428344	-1.75625180791	2.24688937624	22877.6665721	True	
2.98247366984	-1.75860171499	2.22140277941	23034.2957058	True	
2.99130232952	-1.77606629614	2.23897111773	23054.5412893	True	
2.25790751579	-1.76426130665	2.24314348006	22915.9244753	True	
1.843295279	-1.76916062418	2.24890861344	22920.7439056	True	
0.778221796188	-1.80272570899	2.29236140369	23174.2034241	True	
-0.195581453002	-1.75334803221	2.23653358171	22912.9162042	True	
-0.342040486881	-1.75157096941	2.29269051685	23132.6083378	True	
0.23579781446	-1.76939616315	2.25513594261	22907.9582204	True	
0.241071446142	-1.78879055374	2.28114168341	23020.1811354	True	
-1.49115534603	-1.7548848363	2.31792322923	23425.0322156	True	
-1.62044176685	-1.64893991971	2.31887540649	23544.1873874	True	
-1.74961701675	-1.67361908925	2.30864236545	23142.1234989	True	
-1.59669711921	-1.60562231544	2.25396028793	23360.4487419	True	
-2.08730617969	-1.30377095126	2.25106281776	22958.8511992	True	
-2.28400167942	-0.575633245344	2.30131418991	22918.8664637	True	
-2.20519168437	-0.414979645273	2.2221648389	23857.1526873	True	
-2.10517017924	-1.30071988368	2.24546031006	22965.1879669	False	
-1.52269742315	-1.67938504203	2.21925108229	23114.126469	True	
-2.17612255655	-1.19214201271	2.27110970786	22900.2723616	True	
-2.18398145326	-1.25188475577	2.29360799734	22980.138901	True	
-2.23134956501	-1.12106346419	2.29212673228	23021.1655937	True	
-2.30113486596	-0.713766888124	2.29402828793	23063.34022	True	
-2.20986542129	-1.24967638032	2.28009329627	23411.7342345	True	
-2.23017802872	-0.570832620511	2.26677557258	23404.2753499	True	
-2.28079546548	-0.581831685944	2.25875191037	23014.5326878	True	
-2.30171734405	-0.23751014608	2.24449749182	23237.9641223	True	
-2.309008774	-0.451779167264	2.35808134289	23354.4640059	True	
-2.28996752184	0.567289636156	2.24487420726	23068.9288712	True	
-2.32736203196	0.318656455481	2.27863265303	23076.9301005	True	
-2.28422185093	0.673302671472	2.27243438769	23042.8635336	True	
-2.29105969083	1.18391156602	2.25297776154	23020.8073429	True	
-2.34075794181	0.928549869277	2.35267761656	23189.0034811	True	
-2.35223886815	1.75682271184	2.31394319111	23177.6142648	True	
-2.27980967353	1.28831569203	2.24213074225	23109.2334254	True	
-2.31804767893	1.76261442316	2.30366595518	22913.8117494	False	
-2.29032334088	1.30470295787	2.2776909209	23007.9002616	True	
-2.30176055618	1.54323087444	2.24530281198	23105.4181971	True	
-2.30546975499	1.01861119602	2.26358502086	22975.3449617	True	
-2.34547204022	0.671988933381	2.30584890958	23126.3003626	True	
-2.30645514679	0.937385118446	2.28287145911	22912.098884	True	
-2.27877067066	0.292863349975	2.23941815923	23110.9102715	False	
-2.28445815503	0.00552704139121	2.28912540758	23043.9395212	True	
-2.3252420625	0.955562647782	2.36989061113	23618.3452925	True	
-2.31103805759	-0.238195016519	2.27985635549	22979.5649413	True	
-2.26174963366	0.644117269223	2.23804695414	23264.4005432	True	
-2.33384696556	0.54956856894	2.33788710891	23063.5778496	True	
-2.33599518402	0.533857513003	2.29940829937	23029.6605297	True	
-2.36460043493	0.667148892123	2.27013985102	24145.7197839	True	
-2.31860766509	0.268415027383	2.31166793229	22931.5288673	True	
-2.28340052858	0.520907599691	2.32495834784	23675.5220067	True	
-2.29193801714	0.255549399691	2.24446845784	23080.1511921	True	
-2.26678437525	-0.625087295444	2.26436801943	22942.35228	True	
-2.26574986868	-0.634753851813	2.27566484519	22922.1441577	True	
-2.20183342489	-1.09361530687	2.23778358487	23156.5182117	True	
-2.30203699357	0.264318018257	2.31058374013	23033.1280223	True	
-2.30834099497	-0.452220338349	2.30647905732	22931.8445042	True	
-2.31279493949	-0.388528969699	2.32924427109	23012.9432934	True	
-2.318150484	0.155213822492	2.33097543586	23056.1551153	True	
-2.3231646331	0.661650191839	2.29825122837	22919.3459004	True	
-2.35362642972	0.720483662961	2.32182570532	23190.4702294	True	
-2.30064253033	-0.133229574627	2.29551821304	22911.3241193	True	
-2.25653949274	-0.485022761109	2.27706739874	23113.166605	False	
-2.29534739909	-0.377241992622	2.25615216068	23074.2113039	True	
-2.30425616602	-0.204411340411	2.31516592276	22975.6802979	True	
-2.32153541122	-0.00368203383052	2.32336568037	22977.2094464	True	
-2.28833947194	0.594748846393	2.27379096092	22999.9242407	True	
-2.26515438508	0.0352818054538	2.25599900804	23158.9846363	True	
-2.26565537288	0.812658928345	2.23578903881	23229.9177693	True	
-2.29192877873	-0.316914080528	2.26473833495	22964.8652324	True	
-2.29927866932	0.174316608879	2.24909762526	23078.9513795	True	
-2.27242153987	0.856586465027	2.27401038638	23244.9307529	True	
-2.28789858866	1.0333550284	2.25920719004	23010.7124637	True	
-2.25544942959	1.20377583064	2.22219754286	23384.1732973	True	
-2.30531389463	0.468486070247	2.32095616191	23116.0844323	True	
-2.29979493796	0.676400505105	2.27871886487	22930.542366	True	
-2.30251040096	0.597142820759	2.27385077325	22928.3768637	True	
-2.34672986655	0.439269868906	2.31823821012	23110.0417832	True	
-2.32531811048	0.517615600213	2.31888357193	22955.856168	True	
-2.30264126419	0.457918526068	2.25715685351	23014.8363759	True	
-2.29756446689	-0.0326310396561	2.28986283744	22921.1006933	True	
-2.29004877935	0.66667961187	2.25968889662	22994.312165	True	
-2.32820809764	0.287310992118	2.31776174534	22957.875548	True	
-2.32916633733	0.508876026461	2.30683351947	22945.4833245	True	
-2.32282625137	1.81965196785	2.27897382876	22983.770902	True	
-2.30908837274	2.26373184642	2.32879442659	23195.4572463	False	
-2.34202849435	2.466682698	2.32138970871	23022.4801985	True	
-2.34706101146	2.39163531502	2.31384572714	23092.359262	True	
-2.3017686225	2.89433618728	2.27137724774	22938.3556896	True	
-2.35486468382	2.65218271663	2.3682097157	23364.0712621	True	
-2.31117383379	2.872592233	2.25354801758	23093.7674428	True	
-2.27302050262	2.50984866998	2.23213796852	23196.477479	True	
-2.31093870212	1.70029273764	2.27705837907	22925.1225406	True	
-2.29891834585	2.10693585602	2.29129595313	22979.982484	True	
-2.31484609685	1.92496462664	2.32074281148	23029.8076448	True	
-2.29487918489	1.47363776066	2.26572020836	22968.163888	True	
-2.32889984069	1.6641731888	2.28898948445	22982.1752772	True	
-2.32930881145	1.08267108532	2.31581240271	22947.5928217	True	
-2.31994078389	0.986898325503	2.28664405908	22927.9252334	True	
-2.29235192458	1.89614467601	2.28260263401	23008.2006812	True	
-2.32253258928	2.2923992725	2.33565810571	23109.1560604	True	
-2.31013094167	2.49809502276	2.2969243099	22920.6452265	True	
-2.30422081597	2.84736851406	2.26391984243	22968.1298527	True	
-2.28490873665	2.89318117919	2.23972720839	23108.612679	True	
-2.29677705687	2.9831167333	2.25902357258	22986.5500938	True	
-2.29108527299	2.90666685986	2.26868176738	22988.1668383	True	
-2.33322869879	2.80371664319	2.31462657994	22957.3498558	True	
-2.27543352664	2.5670840978	2.25347724526	23126.2270652	True	
-2.34255151858	2.24173539337	2.32899047477	23038.1454118	True	
-2.31168330728	1.83800756287	2.29871841106	22918.7903473	False	
-2.34527890943	1.38491477327	2.30217570316	23125.7382869	True	
-2.31205744964	0.904306319553	2.27881174594	22923.5786072	True	
-2.32049313456	0.767533162652	2.29961594481	22909.0166959	True	
-2.31739183464	1.21566823231	2.28191803837	22931.3608309	True	
-2.30443328767	1.70938232067	2.2656110356	22959.9648306	True	
-2.32136684223	2.38705931379	2.30552411308	22915.1992527	True	
-2.30833268157	2.31098904277	2.30977355331	23002.4524852	True	
-2.29573901953	2.08700939862	2.25750054303	22994.262083	True	
-2.28767234412	0.874275148217	2.29390202954	23137.8536115	True	
-2.29981620277	0.586286622668	2.29625741777	22977.7619534	False	
-2.3134559196	0.80108091831	2.30473396992	22927.702515	True	
-2.32081771701	0.907572278892	2.28430161502	22943.725165	True	
-2.34044204936	0.398996268681	2.3040153591	23077.3170593	True	
-2.26750470222	0.905915185722	2.25133963236	23212.1300145	True	
-2.29330059117	1.17408733662	2.27421255796	22972.170647	True	
-2.32747278617	0.868833193888	2.29055095116	22968.0024431	True	
-2.28282990348	1.21970711458	2.28594948924	23161.9947683	True	
-2.30470495173	1.3866214445	2.25702548735	23016.287525	True	
-2.32452841301	1.37676984533	2.30276600484	22917.2464652	True	
-2.31517838234	1.46874048877	2.29376530261	22902.582783	True	
-2.30936997625	1.22040997896	2.28938468481	22907.6791262	True	
-2.34252393558	0.899288421395	2.33977865217	23087.5054957	True	
-2.29816433112	0.885831296285	2.28857466512	22965.7731344	True	
-2.31181769369	1.09856789379	2.31381826768	22995.1922985	True	
-2.32512563312	0.960617765481	2.32208712005	22974.1170886	True	
-2.31793220018	0.888976811065	2.26316076366	23073.9167282	True	
-2.32848349548	1.72317987299	2.3034149564	22932.8064417	True	
-2.31163427238	1.96417442706	2.2734849255	22942.0411196	True	
-2.28647103287	2.7594448444	2.26118199911	23022.7913897	True	
-2.29358056088	2.53185693939	2.26489778798	22976.1390465	True	
-2.27272497953	2.09285444319	2.22186905301	23268.7416797	True	
-2.29388008159	1.82447467792	2.25860801066	22992.1143788	True	
-2.30261787557	2.19776427402	2.27918171776	22926.365254	True	
-2.3045264507	2.59439929869	2.2643962248	22966.2806671	True	
-2.31376360296	2.65194602536	2.27962925258	22923.5666753	False	
-2.30511397512	2.48254491823	2.30251666322	22983.1989865	True	
-2.28757001058	2.05567200559	2.22086029236	23306.6928174	True	
-2.28151658399	1.79322139602	2.24411667692	23093.8909745	True	
-2.32457939411	2.26600008996	2.28717142695	22951.8890093	True	
-2.33469109018	2.16194043567	2.32033150952	22974.0118314	True	
-2.32379723611	2.64444562041	2.3103374645	22926.5206103	True	
-2.33874684257	2.22314058987	2.31449692973	22994.9249064	True	
-2.277274267	2.67811835641	2.23717353274	23147.8034143	True	
-2.31785273531	2.67466786478	2.28294523696	22927.5939261	True	
-2.30907817689	2.8714847768	2.30195101034	22946.8285159	True	
-2.30050443263	2.08945428552	2.30789436254	23082.5151246	True	
-2.3067025704	1.41466573629	2.27642370127	22922.0987238	True	
-2.30938764353	1.65321895861	2.27387895587	22933.4633347	True	
-2.31305514763	1.92980661504	2.29325653296	22904.3425375	True	
-2.30685124477	2.17890216085	2.30439017644	22978.5305084	True	
-2.31176907618	2.60370431219	2.29278080444	22906.4377884	True	
-2.3266878421	2.97391039542	2.31499856028	22941.0363511	True	
-2.30775854687	2.91775626635	2.29645338747	22931.8571513	True	
-2.31821266894	2.90982828669	2.29650146721	22904.0391945	True	
-2.30742824755	2.89108912628	2.26967582907	22946.6764941	True	
-2.2779878825	2.79948147188	2.22923170436	23197.1177159	False	
-2.3203797523	2.33887431752	2.2888025991	22919.8672506	True	
-2.31253626703	1.74468205397	2.30725548186	22950.2743517	True	
-2.30512355629	1.46200967996	2.29972860515	22964.236638	True	
-2.30998202907	1.46266014638	2.27988051903	22915.3374542	True	
-2.29909188525	1.70252527524	2.27091319787	22944.9933118	True	
-2.31367850393	1.88102530451	2.26129226054	23040.6812134	True	
-2.31515998282	2.08047405204	2.28472578163	22912.287077	True	
-2.30363449341	1.62409206521	2.27479015028	22927.9622824	True	
-2.32053250133	1.12867139036	2.30757158772	22920.2598025	True	
-2.32125818979	0.831896456123	2.29231524183	22919.2618816	True	
-2.33787288693	0.850843575941	2.34757128911	23142.5603546	True	
-2.30901217087	0.940774697054	2.30529501516	22958.8866617	True	
-2.30364696704	0.55882255377	2.26045227159	22993.0786984	True	
-2.32181624689	0.329114643378	2.30115340929	22918.3376676	True	
-2.29530848357	0.267595893786	2.29287328373	22981.9447244	True	
-2.33130724324	-0.360472106795	2.3231061731	23078.7883997	False	
-2.31830167754	0.0876065593983	2.31298530613	22934.539745	True	
-2.30214386037	0.0568814141431	2.28807541243	22907.2744173	True	
-2.30954532899	-0.0898426061879	2.29969585746	22904.5691226	True	
-2.34590839894	0.35836503391	2.33168824844	23098.3982508	True	
-2.33284047721	0.0805064623949	2.31947848694	22995.1304672	True	
-2.29021040484	0.166802098568	2.27613717056	22960.0046171	True	
-2.32456746751	0.170457114617	2.31004233191	22936.0652608	True	
-2.27425659468	-0.249057558097	2.2521487292	23022.2862301	True	
-2.29179809867	-0.132877505605	2.27904994328	22923.1794866	True	
-2.29961402477	0.141619154182	2.29580409696	22945.9598049	True	
-2.31262067568	0.740008092164	2.31191233018	22969.2285616	True	
-2.3058296158	0.904578097705	2.28735034521	22914.9205089	True	
-2.32691975511	0.955896211558	2.30841466771	22928.9173977	True	
-2.30802159098	1.21352126091	2.28996675612	22912.1916216	True	
-2.31637346508	1.25817600033	2.3030475001	22914.9263684	True	
-2.32255490782	1.74201654333	2.29767790357	22912.4428057	True	
-2.30310809642	2.49497828107	2.28186092616	22925.0794621	True	
-2.3212885987	2.36275501008	2.32401325266	23007.2679776	True	
-2.31679407618	2.40508060553	2.30342710886	22915.9555205	True	
-2.32223168825	1.88628773867	2.30278422694	22911.7773498	True	
-2.29820686065	2.39554579623	2.25545248146	23006.2010371	True	
-2.3120927565	2.35512403731	2.32123759619	23064.0453014	True	
-2.31631260957	1.54804296172	2.29771795124	22904.9061494	True	
-2.30721233356	2.00351208204	2.31115147021	23025.2273487	False	
-2.31847517842	1.84521321935	2.31718056548	22974.0393123	True	
-2.2970998605	1.42897318036	2.26407868155	22965.9590124	True	
-2.32093514369	1.75509063136	2.30381962078	22912.0632062	True	
-2.30886938855	1.36054961931	2.27783727672	22919.506833	True	
-2.30265199239	1.21234349546	2.27241292261	22933.8383097	True	
-2.30835770612	0.682234472373	2.28056653196	22912.9842564	True	
-2.32239417298	0.729725779644	2.29675477655	22917.12261	True	
-2.30919308261	0.732004506006	2.28833867689	22905.3794368	True	
-2.30260873974	1.06206256915	2.27422305082	22929.6162708	True	
-2.33016987072	1.20948540001	2.3069617882	22941.1570146	True	
-2.31634336137	1.49787493017	2.27298100058	22971.3577776	True	
-2.31231457775	1.45521421252	2.28497915119	22907.3248306	True	
-2.33054482119	1.60075477872	2.31531187117	22948.5741332	True	
-2.3198482308	1.55771242254	2.30238871551	22909.7218883	True	
-2.30949454891	1.49229468552	2.27492144923	22929.7840245	True	
-2.32022806774	1.67703668441	2.29675688373	22906.9250963	True	
-2.31758298399	1.38530059691	2.2829286491	22927.6133436	True	
-2.30187445156	1.2413505902	2.28266617038	22929.280995	True	
-2.32058196955	1.39587958924	2.32747239605	23040.0004308	True	
