Parameter 1	Parameter 2	Parameter 3	Parameter 4	Parameter 5	Parameter 6	Parameter 7	Parameter 8	Potential	Temperature	Equilibruim
1.3383728497	8.79131603065	-0.423029559231	2.04198164787	-2.34737253841	-0.764301278153	1.34802880425	2.62440178449	12905.868445	20000.0	False	
0.317274255999	6.00731606306	9.15003071687	3.60835608424	-2.45269609049	0.862901326646	-0.991609942303	1.66370945143	17051.3345375	20000.0	True	
0.364194579813	7.71767192944	5.94122105726	6.59971683888	-1.68465521266	0.594539799414	-0.496230004842	3.21259706002	33092.4451262	19000.0	True	
2.08816541341	8.29027674416	0.41626780133	6.79666811662	-1.75865161236	-0.902399770568	1.17805519508	2.38382429399	8214.92168788	18050.0	True	
2.6759878862	4.37825415013	4.70375018877	8.07007309956	-1.65905148967	-0.564166083949	-0.918144538324	3.37776659343	25576.2388313	17147.5	True	
1.48389992913	-0.228752514622	-7.32466869452	1.43260723327	-2.70330772641	0.832058132439	0.605952402672	2.78481549087	60140.9944385	16290.125	True	
0.196428355744	9.25457853144	2.23070640727	8.40161837681	-2.70568400226	-1.0110533097	1.23126870758	0.668646191538	16809.731074	15475.61875	True	
0.931332450789	-3.39038308098	6.00534438737	7.98696969038	-2.84761776035	-0.271162694169	1.67501636052	3.83419248457	49338.0904118	14701.8378125	True	
0.710122464993	8.04686969526	-6.65682741272	1.31467265838	-2.66480715134	-0.748049262779	2.43041998353	2.79253869398	14617.1404627	13966.7459219	True	
1.46689670709	2.05607938769	-0.205719047935	4.14110638618	-1.98133234154	-1.2099917755	1.10329712438	3.63888917649	27972.4948915	13268.4086258	True	
0.823573768188	0.520987482786	9.17967447077	0.0300258570737	-2.33547802998	0.615995263494	-0.602648560572	1.6528304365	20430.6668103	12604.9881945	True	
2.3540869882	5.9182283074	-8.60372416393	4.75301927034	-2.47223990647	2.92951731508	-0.723479846282	3.63047759413	15654.7931279	11974.7387848	True	
1.8679686487	3.42958007293	-3.78303116573	9.11270182267	-1.72723002397	-0.615185582946	0.50260730176	1.29597794911	25892.7941137	11376.0018455	True	
1.4442748089	-3.97784223669	8.78067921493	3.16268240675	-2.37681828986	-0.311542925416	1.15511537073	3.59415145	7169.58117419	10807.2017533	True	
0.895930520507	-6.52926532771	8.84605260902	4.46789822351	-2.01302755321	0.96359644094	2.32351067735	1.5596880693	23765.5396726	10266.8416656	True	
1.27679704735	9.96738568452	-0.659817169836	1.66866196195	-2.5785890065	-0.886411355914	2.81404725976	2.22496425293	12503.1161935	9753.49958231	True	
0.377887491111	6.97533527277	4.72194332311	9.38332153081	-1.43290680999	-0.756522769915	0.874681595325	-0.15817444167	23692.2430278	9265.8246032	True	
2.42382593664	-1.35683045326	8.536894497	2.54599725221	-1.49967640532	-0.978032086278	0.420868945478	2.98674903946	14009.2438218	8802.53337304	True	
0.995841892674	1.52329881526	-0.4328276143	3.5552024894	-1.8270734967	1.25390099022	2.2927103884	-0.174641116535	16980.8852886	8362.40670438	True	
2.66421096618	7.35262305924	6.53465174447	5.39864755478	-2.35627774853	-0.926638631684	1.20932545418	-0.189776162494	8262.00363756	7944.28636916	True	
0.275666751542	3.55598916782	4.19437701805	4.95897415311	-2.14804086862	-1.0915505629	1.13713509514	2.34830451278	16057.7978023	7547.07205071	True	
2.59875722464	9.02767191602	-4.16902605275	5.91356619434	-2.32555225606	-0.488634801852	0.103607992259	1.86012507878	9721.17587844	7169.71844817	True	
0.622928761097	1.82559443284	5.63395276345	7.58141158882	-1.37352966202	1.38415023946	1.82663940428	-0.693374955585	17185.4166865	6811.23252576	True	
2.0035281135	9.39543982884	7.44292814465	7.01563589203	-1.50254856828	-0.558126296041	2.54443631848	0.449885611795	24607.3351368	6470.67089947	True	
2.21025639118	9.93512658403	4.96145750585	6.40800873156	-2.01105530717	-0.728874690318	2.32931406105	1.3010589764	9737.20126726	6147.1373545	True	
2.71486040415	3.22741944782	-4.16264638654	4.02851897953	-1.53278661378	0.564299324468	0.563320564551	1.06187396863	21481.5684104	5839.78048678	True	
0.551650643976	2.70546608377	-0.744529026345	4.79110717548	-1.07275966697	-0.904755586688	2.20380891435	1.177905636	7225.50066174	5547.79146244	True	
0.769206839148	0.0274392711892	8.32904318689	5.2024787424	-2.70169615372	-0.880600132074	1.39330503133	0.742881960227	5729.64760006	5270.40188931	False	
0.29860883006	9.34109340162	-2.45391134767	4.46061049334	-2.54961266575	-0.601571656509	2.54702189238	0.648275221961	7036.00413636	5270.40188931	False	
1.89281143053	7.65285783976	8.18824655983	8.14653895705	-2.3297372341	-0.74006839321	2.29816349167	2.45565244166	7619.46599517	5270.40188931	True	
1.44221192393	2.26939292804	1.80173158328	5.13370656771	-2.59731451615	0.18531520861	-0.993240803544	1.34110457273	15375.222745	5006.88179485	True	
1.44142039784	5.0427344158	-6.09853593169	7.09257471876	-2.56078834252	0.526220653352	-0.686450018018	2.55820262676	12885.4363961	4756.53770511	True	
1.23736330469	4.99736684952	6.37818070365	0.105209379794	-2.6438225727	-0.97462240983	1.76755114045	3.80039238635	20889.9891088	4518.71081985	False	
2.1562604399	5.30563207596	-1.07329860264	5.42174552086	-2.02322396314	-0.875550804174	1.40884772975	1.45733694526	6383.29731829	4518.71081985	True	
1.2339682147	8.60881186119	-6.25631223443	9.04040516544	-1.76486817896	-0.600707044502	-0.18294150166	3.51725246568	24452.2884083	4292.77527886	True	
0.225435803957	-0.451677130481	9.69092453681	5.34325845509	-2.44549166067	-0.019302031649	-0.369713095804	3.29035004749	3808.91013827	4078.13651492	True	
1.86606051787	1.83426472529	5.05385112549	6.4299036225	-2.49950013526	0.515511727675	-0.584930099897	0.209171224533	8790.11466118	3874.22968917	False	
2.10969258362	4.76858120624	0.998802744349	5.14080864692	-2.10813256504	0.621151002537	-0.922647145289	3.21718156431	11574.5924273	3874.22968917	True	
2.24067232123	8.06922548982	2.25861874107	6.52532218391	-1.30078729369	-0.935052222242	1.92857446515	3.26090395622	11428.6574235	3680.51820471	True	
0.407497634604	1.21641515182	-3.60576404152	5.34900282684	-1.30202333158	-0.688344339937	2.15682095553	3.50800013654	7946.63905926	3496.49229448	True	
0.56152570627	-4.5916743395	6.6964156794	4.93754716806	-2.3147348984	2.37290546327	1.09932313256	0.924977043547	10028.6385437	3321.66767975	False	
0.521773885905	8.94712226543	5.31724993694	7.79658614499	-2.34022828857	-0.72620201544	0.628011552579	0.407198756562	6586.70850693	3321.66767975	False	
0.0703489936002	4.02458393845	4.41894479744	7.55449582458	-1.69319066847	-0.604914959057	1.33178226247	-0.567387531298	14463.3041033	3321.66767975	True	
1.45307082774	5.03074500558	-6.64941036815	5.3380280908	-2.13433538435	-0.143861441589	0.243173797617	2.60235745185	17836.3482413	3155.58429576	True	
2.6502035235	5.39295445983	2.32690573512	5.85299289369	-2.23881352904	-0.596679509536	0.0174492970326	2.27047185822	6572.16734825	2997.80508098	True	
1.52879449222	7.22934656335	7.30049214649	5.74609809497	-2.65849297133	1.19357896543	-0.808821040158	1.23762551749	12002.0902585	2847.91482693	True	
0.853902216904	6.26726250349	6.6944416517	9.95486754433	-2.48999156315	0.00247157928741	-0.911075869442	3.90211903308	15480.597487	2705.51908558	True	
0.401992218834	1.7856274027	6.32496123582	4.06536977994	-2.32690630681	-0.582883518025	-0.351871599546	3.17375282689	4147.55646357	2570.2431313	True	
2.59266570925	3.36180409248	6.97552823099	4.6118555527	-2.23613294719	-0.898587779257	1.25233003713	2.66208794956	4695.42599705	2441.73097474	True	
1.22370554166	7.49360525589	4.54783400004	5.46296417531	-2.37069268757	-0.559973954916	2.5418846692	-0.382019905339	5284.22749875	2319.644426	True	
1.4768699347	9.1330942194	7.3046822801	4.91454458431	-2.55868925246	-0.60923648279	-0.333132791619	-0.00431098489123	4336.71749068	2203.6622047	True	
2.0036563219	8.28177815456	-5.68105568288	5.31093883771	-2.1058606954	-0.77807643681	0.882016640305	3.76008478462	5103.58009952	2093.47909447	True	
0.479094639688	0.603093424503	2.24642865391	7.72908434479	-2.26357179503	-0.90992042673	1.68192385501	3.53441053643	6198.76792839	1988.80513974	False	
2.78727912139	9.26134352853	4.33485239853	4.51132296562	-2.21476747441	-0.754985631522	0.108102051856	3.00186899045	4440.18209552	1988.80513974	True	
1.48952450832	6.16644240012	-7.09500453819	4.89725615677	-2.46065811526	-0.903572469801	1.88549468327	3.80603838775	4501.72380058	1889.36488275	True	
1.46356526667	5.82146756367	4.10635813927	4.36845412333	-2.68219753231	-0.917617207082	2.40829933894	2.88398057908	8155.93713786	1794.89663862	False	
2.57134870025	3.70554325148	4.92400485056	4.50275997108	-2.54274127285	-0.128485524482	-0.655588660253	1.63558501005	5426.7009335	1794.89663862	True	
2.29431584876	4.72625431244	6.97237094573	8.67593663035	-2.56513983231	-0.730772302609	1.37593520663	0.710600640504	8451.84276458	1705.15180669	True	
1.3391121655	6.62689664631	-3.07094913064	2.52089844834	-2.37895972674	-0.744849967375	2.94434125559	2.90177508795	11520.1307413	1619.89421635	True	
1.47615893954	5.41357722973	-0.19292630795	5.32028210923	-2.24068375556	-0.86163490646	-0.171483631244	3.95335112683	5043.05854611	1538.89950553	True	
0.389263832271	2.24669073411	-4.74221198974	5.93328008939	-2.31459302035	-0.769949003633	0.799705426474	3.18987751439	2949.91057459	1461.95453026	False	
0.399531130732	1.82160757382	8.56132888147	5.80050311588	-2.60224980203	-0.687197618565	2.84872639004	0.483426388786	7393.49760192	1461.95453026	False	
0.269858949712	2.51804425932	3.22301990329	4.28782031036	-2.70533939096	-0.519728439976	0.0494996353961	-0.51743235835	6569.6999606	1461.95453026	True	
2.59219816132	5.91890380767	9.23299149421	6.33001145468	-2.50577357955	-0.251529996574	-0.786949620117	1.06950385832	5200.69409786	1388.85680374	True	
0.710308228247	0.767222762905	7.0044906894	5.98557030176	-2.25280070612	-0.879433090868	2.02303954042	1.2972399308	4036.27018241	1319.41396356	True	
0.245236147533	2.22193086082	1.02469333288	5.07162565456	-2.60243236805	-0.867962952754	1.74070425014	1.09632708182	4789.62757143	1253.44326538	True	
0.125690963381	6.10643796066	-5.99486269425	4.92677997708	-2.20069487085	-0.801161905071	1.73715905859	3.20572481601	6037.74461026	1190.77110211	False	
1.18348044388	2.11663930884	-0.278733421554	6.21350186146	-1.40178685297	-0.817508557687	0.210356846747	3.66370808259	3418.08646054	1190.77110211	True	
2.86532131963	5.41914282668	6.23664092223	6.96951035764	-2.22011537902	-0.864231074772	1.96572968641	1.95260183875	5250.22739671	1131.23254701	True	
0.525348718755	9.34257986486	7.6587980427	5.25460842219	-2.31309598271	-0.708295906382	0.813236910233	-0.0593675150449	5249.76301653	1074.67091965	True	
1.32821473409	3.17232802163	4.72933718222	5.24363353924	-2.08390515154	-0.634661822222	0.158141351087	1.97976568722	6936.9997462	1020.93737367	True	
0.256743723743	6.33087655961	4.01395349618	7.05702064387	-2.55641108464	-0.612995962315	-0.237944490704	0.620514475939	5157.80510283	969.890504988	True	
1.63299996017	6.37403361558	5.63654822056	6.53211203206	-2.50874932287	-0.756834394064	0.444607243089	0.39605933192	3350.86507761	960.191599939	True	
2.33015530247	3.16374320337	5.82596998931	5.61531069776	-2.41396499016	-0.434387833922	-0.658498385559	0.602315530812	3482.02684523	950.589683939	True	
0.803587010942	5.34242184279	8.40982140091	7.13419598126	-2.37874175704	-0.31630483061	0.325380979739	-0.633941170177	3421.66251507	941.0837871	True	
0.202799042914	-0.0612533205799	2.42544975077	4.22613557945	-1.8701930712	-0.489749673589	0.0563482624376	-0.21438709397	4337.0473316	931.672949229	True	
1.2964502179	4.00958076067	9.34654045038	3.84728451996	-2.45704991702	-0.652864973047	-0.619632268045	1.05666120105	6528.17371286	922.356219737	True	
0.189804025853	-1.08038057887	8.54017916881	4.14345029779	-2.54545582958	-0.272259095014	-0.0717621526709	-0.106864025914	3848.36092689	913.132657539	True	
1.07294770654	2.30560596775	3.30749728909	4.89467792038	-2.3046188065	-0.607296580898	-0.29544517796	0.678232932366	2242.30362684	904.001330964	True	
0.307570140133	1.00398193719	1.2381330224	5.88997753295	-1.48432974067	-0.847800375137	1.75676505238	2.49201029336	4134.92442536	894.961317654	True	
0.28926773836	-0.0473676615781	1.46122936918	5.12504322045	-1.38703217864	-0.718261300545	0.0273789502954	2.67286924248	3049.23690303	886.011704478	False	
0.701850318464	2.22911502294	-0.775042670409	6.85910652716	-1.1074911942	-0.839024531373	1.32266850666	2.76970748564	3755.78284802	886.011704478	False	
0.0450395475138	1.43224225423	-4.3010256137	3.8612064921	-1.29429079408	-0.863011442643	1.75790097647	2.24765070548	4351.62685275	886.011704478	True	
0.367792076302	1.82601912223	-0.993604316713	6.01615380615	-1.03421578465	-0.863735835705	1.29987910393	1.77336295624	3187.32113754	877.151587433	True	
0.504441293055	1.79189251666	-5.33360500508	5.49938566642	-1.74078482865	-0.925792114245	1.88235844757	3.66326981252	4562.8274924	868.380071558	False	
0.101840211459	0.742101248779	3.28797669256	6.07008335385	-2.36767688015	-0.826915734333	0.317935168606	2.8606333007	2372.53706214	868.380071558	True	
0.536692861219	0.755906790015	9.99375806514	5.271223441	-2.35906759279	-0.735983146327	0.00811559269997	1.38534340203	1764.15063799	859.696270843	True	
1.02008866791	3.8412978753	5.49764286443	5.27054910905	-2.56119553776	-0.691809384322	-0.271063254853	1.28709633354	2769.33347623	851.099308134	True	
0.547664202892	8.91932273876	5.47992597945	5.72900566613	-2.55502917569	-0.687726339756	0.287897249756	-0.353341290569	4049.37408173	842.588315053	True	
0.944499881394	4.02587947327	6.43562864414	6.60481033399	-2.54645423025	-0.333226716003	2.19656918115	-0.620846231457	3683.46526937	834.162431903	True	
2.32088819944	9.790183122	4.03034931668	6.76746947006	-2.42962463385	-0.8022783321	0.941769823543	-0.0380604365	4622.71464576	825.820807584	True	
2.03283716949	8.78752175413	8.80781096716	3.54195113144	-2.54579647057	-0.947043264775	0.621245319778	1.32204902092	8487.43457202	817.562599508	True	
2.71929342307	5.7976059104	5.35302086249	4.29668592847	-2.52187325387	-0.867408160251	2.51085763625	3.0874171895	6514.16932214	809.386973513	True	
2.5190196708	2.11176747984	5.77985465851	4.76199166945	-2.2231397749	-0.869719830715	0.0671282462926	1.61655558075	4239.9577261	801.293103778	True	
1.00157723231	5.31079919187	8.16144850803	7.75481289827	-2.49898204884	-0.805253740505	0.26078613796	1.75067928275	5364.818853	793.28017274	True	
1.46371787231	2.90311444271	6.19088718404	7.12092666151	-2.31078935902	2.2342085305	-0.785689828736	1.48183676384	6463.51566916	785.347371012	True	
1.42482139992	0.0380658408196	9.10462106968	4.06789596529	-2.45276540811	2.50907672556	-0.500712182524	0.437434335404	4431.48369544	777.493897302	True	
1.59547164987	3.01677093809	4.10478887567	5.2430387967	-2.3055987146	-0.671076393087	-0.379806065794	2.97292187728	2126.0893708	769.718958329	True	
0.583149515336	2.63737237503	7.12829780578	5.13125224392	-2.54624120587	-0.777201258487	0.362235384244	3.81623805078	2687.22260349	762.021768746	False	
1.34042734553	3.3321566031	4.73841095431	5.91608602076	-2.49994305962	-0.751320659354	0.824762195339	3.20695842665	3027.23719702	762.021768746	True	
1.93441424008	5.14935193897	6.96524794808	5.89412111285	-2.27558724074	-0.850871604625	-0.00986317094326	0.851643880843	4314.41648717	754.401551058	True	
1.4312319164	4.42935508786	4.85628639286	6.21698710759	-2.45037476641	-0.807694486111	-0.141949298222	3.20514256098	3238.87956036	746.857535548	True	
0.112077821833	-3.44390089116	7.84696619596	3.69575576693	-2.52004837197	-0.251016975256	0.889352346317	3.91173121296	4363.21553495	739.388960192	True	
0.414376044096	1.71086934937	-1.3043213951	4.69115862758	-2.11873642329	-0.645889742334	-0.297948920595	3.42889923435	2158.11439648	731.99507059	True	
1.29181844372	2.80556732948	6.38859917632	6.9630011861	-2.41993343307	-0.813104885015	2.0472064644	3.3352761397	3629.82671787	724.675119885	True	
1.75260842389	6.96462231122	2.5471631518	6.09179684269	-2.4005857429	-0.812341189566	0.223829726579	3.87323363546	2846.10588863	717.428368686	True	
0.756391120228	6.11077797264	-0.219501064704	5.31991169103	-2.57133392417	-0.796370822222	0.288769430758	2.20199900008	3144.28606006	710.254084999	True	
1.31122538847	6.36006425015	-4.26945976307	5.45390411875	-2.28854325813	-0.824528621738	-0.0438765013193	2.63608869653	4383.88374447	703.151544149	True	
0.724083082365	2.28849691442	3.01589008876	4.01329025479	-2.48233285441	-0.718813053028	-0.344300288227	2.54983624278	3406.23659543	696.120028707	True	
1.81608049052	7.47966986493	2.49116916501	6.05555610952	-2.38959072574	-0.847873608885	0.678639318312	2.27255631285	3048.30769221	689.15882842	True	
2.98061010518	6.63618374711	2.05375273438	6.14932028392	-2.38831888042	-0.792961531462	0.343164464432	2.67540506113	3974.86662011	682.267240136	True	
1.60535490315	9.53810023682	-5.8343078326	3.63063038903	-2.42190249334	-0.781971101423	0.7787223779	3.00126329565	5940.52472764	675.444567735	True	
1.05151759031	6.1799031774	-3.66890167648	6.95593704206	-2.41558010523	-0.839053662258	2.82648860291	3.01067864354	4791.23500308	668.690122057	True	
1.80462554872	6.6806932013	-5.74485530842	5.42480282616	-2.39996275865	-0.788398446866	0.553643238525	3.77904769614	3057.60836088	662.003220837	True	
1.49680754183	3.18198593893	-3.00329326261	5.60157398043	-1.39642010809	-0.739795978386	-0.171158300182	3.55457985237	4007.22008233	655.383188628	True	
0.10745034436	2.1820070622	-6.02020081012	5.72597016017	-2.07815267517	-0.761080993874	0.125064607498	3.65755999027	2681.20000067	648.829356742	True	
0.431764569876	1.3371749598	1.30924008785	5.28194794968	-2.28631340718	-0.752974337269	0.384376207544	1.73380521971	2007.66620686	642.341063175	True	
0.997823128927	5.99482784735	-2.43258559601	4.81201140509	-2.44002133433	-0.739260551999	0.842167999632	1.06538715846	4368.47446217	635.917652543	True	
1.41781542241	2.15607668448	7.28914589217	6.03941167771	-2.27841054713	-0.298203830234	-0.0644760263248	-0.557913718955	2388.37211581	629.558476018	True	
0.578225469871	3.22759517702	2.35225438295	6.11323338834	-2.61281785739	-0.792411446052	0.210444466558	1.50105235219	3206.05249049	623.262891257	True	
1.21965117059	2.58866749011	7.73385793652	4.93643260418	-2.33940567739	-0.61800368991	-0.261125254951	0.37493227298	2486.11365322	617.030262345	True	
1.38015146424	1.83837679629	9.37635938503	6.17799245985	-2.31517934768	-0.307184279972	0.191638353502	-0.476900675325	2694.61846167	610.859959721	True	
2.6002215205	3.76625876531	4.80907709214	4.84800173837	-2.43335276173	-0.607077368875	0.427829459515	-0.328198089672	3363.31591292	604.751360124	True	
2.46740156359	6.91247229373	4.12819201035	4.92983101397	-2.32748616237	-0.807020241677	0.996622534678	2.60014855166	3972.55827232	598.703846523	True	
2.51773691144	3.6486553058	5.55654483337	5.29732098689	-2.39297597255	-0.242737771651	-0.697366577804	3.38427811235	3211.59376635	592.716808058	True	
2.77551787601	4.87823752789	4.53053899883	4.76074210882	-2.05271554388	-0.864880325897	0.285883318477	1.85813020747	3905.24846768	586.789639977	True	
1.83767072606	3.03412659839	4.93831164461	5.01257248877	-2.54521143104	-0.758038595222	1.6376010958	3.08413946713	5546.71489829	580.921743577	True	
0.71137943139	2.89977515475	1.72589661113	5.18910656206	-2.43517373032	-0.765506524987	0.181781517197	3.46994757395	2070.67873586	575.112526142	True	
1.2467650852	1.64555193342	5.6778782471	4.43741790235	-2.16558099704	-0.313031600291	-0.646849459179	3.78719075979	4531.09837851	569.36140088	True	
1.73424605897	2.30592403273	6.82752832329	5.32077342003	-2.26303626995	-0.0569970351075	-0.791647130243	3.47050065688	4657.57549543	563.667786871	True	
0.0124690022888	2.10634618403	6.31484471496	5.84640243578	-2.57432319101	-0.781614063387	0.272345953348	2.25414719659	2377.92427842	558.031109003	True	
0.628535359331	2.05893934671	0.0868805025796	5.49634451382	-2.28742148645	1.42084162939	-0.817514204959	1.48462109255	5104.53453021	552.450797913	True	
1.29385517501	1.41011237207	9.31879748108	6.62955088302	-2.41587471232	-0.772870958953	0.471616378831	1.69820464783	2239.89000585	546.926289933	True	
0.290148968078	-0.0191129370909	7.00507292264	4.15945440576	-2.30923079924	-0.875957096612	0.68580909497	1.61730385213	4202.60486414	541.457027034	True	
0.124407868909	1.28117763099	3.53005680538	4.60367434524	-2.51000659785	-0.570469233529	-0.296684103557	1.75548677026	2555.67011782	536.042456764	True	
0.366138120622	-2.76915922771	9.14311561152	5.53463731053	-2.43797826839	-0.790754904893	2.14226980793	0.60669267649	2461.02388383	530.682032196	True	
1.21674165689	1.91563246403	9.38906468835	5.63969485484	-2.51121768973	-0.765272986312	0.987189714405	0.222746709117	2456.09056692	525.375211874	True	
1.60322125216	2.469466449	6.34152134078	5.13909681307	-2.48171953254	-0.487211638592	-0.562037311734	1.87779861025	2389.59106747	520.121459755	True	
1.49265298893	1.07778397447	8.39747777961	5.73055033441	-2.31182890017	-0.854150431499	0.816868660662	3.71819924747	2237.88656442	514.920245158	True	
1.99459751495	3.59781652774	9.6414770606	5.03752991273	-2.32163344884	-0.799750214417	0.276158611317	3.59615779972	2778.1062322	509.771042706	True	
1.86819972967	3.89639854461	4.8540091029	6.08547140309	-2.39657365833	-0.69251645208	-0.186027684775	3.87329230962	2308.51663101	504.673332279	True	
0.768592853495	2.37144652133	9.21074348577	5.69446063151	-2.52748909321	-0.698926719839	-0.33707145581	0.427016632545	2758.0358902	499.626598956	True	
0.794203703931	3.09855979998	1.44031496458	5.03810342475	-2.4093867365	-0.788990000755	0.250832864944	0.888801053345	2264.27854155	494.630332967	True	
0.487171560609	2.69581635839	9.57583945045	6.83114138411	-2.64633693715	-0.157136626707	-0.620932774281	0.5318626963	5622.09971271	489.684029637	True	
1.0030153095	3.98298020734	6.79415799525	5.98777795346	-2.42991687948	-0.59634062236	0.899995306782	-0.292442215012	3061.5215166	484.787189341	True	
1.59759767469	1.78534305972	8.8855983527	5.21122555907	-2.43494326299	-0.481918239609	0.0458121520349	-0.588032639235	2600.34455972	479.939317447	True	
0.577771754337	3.5670396348	7.22014833712	6.10351019816	-2.42377539876	-0.15539284022	0.646712320732	-0.784334540625	3406.68977964	475.139924273	True	
1.41426655034	2.71450768736	6.56103593938	5.07471835443	-2.3959554129	-0.380536789402	-0.655588924155	2.56114738118	2692.81736998	470.38852503	True	
1.65204595128	3.59487797868	5.50617510974	5.88778013164	-2.4186551669	-0.881580854062	0.656697018972	1.52872888713	2890.04456189	465.68463978	True	
0.519258453475	5.38101199828	4.03780919582	6.08564776433	-2.46100345776	-0.81923459857	0.408507132594	1.81029407063	2841.22723872	461.027793382	True	
1.07998044253	1.88933004477	4.38910801702	5.37921516018	-2.40803721343	-0.848635997154	0.796491521146	2.91643691112	2220.44852524	456.417515448	True	
1.41003350176	3.79073702819	0.587605743267	4.33971978453	-2.25871850421	-0.81866950303	0.648965914853	3.66847295007	4070.72770439	451.853340294	True	
0.366306964422	1.91726630056	7.97942866156	5.65679905646	-2.44530834643	-0.726424612697	-0.185548918431	2.85031931191	1978.56128842	447.334806891	True	
0.370258810607	1.4173633439	7.12392218585	5.47844029619	-2.33154452677	-0.738489535626	-0.0375984949484	1.19942981911	2011.26477297	442.861458822	True	
0.584001369413	3.77960324597	9.22814573219	6.72969363517	-2.48862207005	-0.680016520502	1.20251381639	-0.391955402659	3048.99810382	438.432844234	True	
0.75927557822	4.61810797598	3.36588804431	6.40550687524	-2.51746958423	-0.654309351462	1.00508574269	0.0130365689817	3892.28686739	434.048515791	True	
0.364330861016	4.01986712556	5.90968862045	6.12592295755	-2.44917151273	-0.770046241312	0.0417787434716	0.828302308945	2670.61246454	429.708030634	True	
0.647203027224	1.4989835843	3.03763876155	5.83520207408	-2.17663591661	-0.101002379723	-0.643721432286	0.974565164544	4794.68823265	425.410950327	True	
0.0376104600202	0.722710989738	0.337792479211	4.57770918894	-1.75644023849	-0.0147570539566	-0.584223929055	1.26408309876	3058.46056996	421.156840824	True	
0.269201177624	1.39042873446	-0.564227817015	6.76679297764	-1.7205918087	-0.767894331173	0.978944167812	2.61337504996	2712.69969902	416.945272416	False	
0.036405641558	1.1402154864	-2.43090231219	5.66986283402	-1.97702066729	-0.848246627591	0.161335386468	3.22723197442	2649.8830249	416.945272416	False	
0.583880905389	2.06412559562	-1.97018916551	6.11033961133	-1.55782297673	-0.830758148374	0.498904110775	3.71914315008	2254.04323186	416.945272416	True	
0.308278365665	1.46906678389	-0.542648840468	5.6170621249	-1.29607491822	-0.860040294165	1.10476782048	1.69884869458	2541.87236156	412.775819692	True	
0.0584783273516	0.891404953899	-1.03222532491	5.83830618435	-1.57564809995	-0.804102145674	2.32133051253	2.59614145263	3432.62086737	408.648061495	False	
