6.860435878675739951e-02
5.823260629296185542e-02
7.765134811970264561e-02
3.792427758744905397e-02
4.525433754024071886e-02
3.184775200770609965e-02
3.000741240260677845e-02
1.389143001429667956e-01
3.767090956581857497e-02
5.225043365126218198e-02
5.900117186737795921e-02
8.211270959902204625e-02
0.000000000000000000e+00
1.107340272537809950e-01
5.351479916091795436e-02
8.941492666793703081e-02
3.958247207384178734e-02
7.307417363252717568e-02
7.862183220744413392e-02
8.007593028467996366e-02
4.654024146120688127e-02
5.379078886050062125e-02
1.413608650219429497e-01
6.167819883856698326e-02
6.297548957949530846e-02
3.635754660244649994e-02
6.461228325786869120e-02
1.101121715687047170e-01
1.102845708378887152e-01
7.202633029588370595e-02
4.444510927411682993e-02
2.490580612062520127e-01
3.928841352276662285e-02
7.623844181497187178e-02
4.021130961077937216e-02
8.566376410424328403e-02
1.380022807084088643e-01
1.122722597748099654e-01
5.853883788476665906e-02
8.543627409396729877e-02
8.757829872836793428e-02
1.486453294903516409e-01
5.819350847859106057e-02
8.731383654801608274e-02
1.430022400502498070e-01
1.338639614877858153e-01
4.909247623074442651e-02
5.522344066760721121e-02
3.370716149798060057e-02
4.645667181871260265e-02
