Parameter 1	Parameter 2	Parameter 3	Parameter 4	Parameter 5	Parameter 6	Parameter 7	Parameter 8	Potential	Temperature	Equilibruim
2.74341451723	3.12080786613	-2.73375087698	2.61347002445	-2.82178251766	1.15948026263	0.122852680819	1.03245069631	65815.639839	20000.0	False	
1.05450882708	9.88726305462	6.0755693668	1.4847318619	-2.50195455964	-1.19310792571	-0.817092848689	2.06740319131	48115.568144	20000.0	False	
0.389991109752	0.753721610406	-4.69058013712	3.28839264281	-2.6742527517	0.206000436653	-0.41803120996	1.58227755965	17068.6492282	20000.0	True	
1.98551431963	7.61434505595	1.19188695587	7.14985298062	-1.48828341091	0.542499081418	-0.910029927107	1.9345814194	19472.0352695	19000.0	True	
2.0064955875	3.47543971919	1.08681919256	2.47652109297	-2.30074917783	0.980193601766	-0.406695735163	2.42151060447	40650.3495018	18050.0	True	
0.159236898029	2.41573396308	-1.05583207172	4.01746123927	-1.12158078928	0.386252434744	-0.704861881831	0.85806411362	9471.89602696	17147.5	True	
0.204236225191	7.18666761474	-0.499833911375	8.53788297796	-2.04673995866	-0.159035633304	2.88972448777	-0.676411126328	41692.5451633	16290.125	True	
0.73119427412	-5.06800407296	2.13243012875	6.25728082589	-2.46678481404	0.163448060643	1.18526749308	3.47563826869	53715.7635121	15475.61875	True	
2.19317810238	8.276069165	-3.17136180442	6.28874588475	-2.6085630769	-0.610607305819	-0.496247440144	0.0631722042074	76247.8082842	14701.8378125	True	
1.06534513109	-2.78521891812	8.58636224382	1.2535621565	-2.77204471023	1.84407587152	0.442100963845	0.10718721672	15069.29613	13966.7459219	True	
2.27861038663	6.91906030776	-7.00556114288	4.12372125932	-2.45106459731	2.21127836846	2.24668270904	2.67226530358	51949.4980896	13268.4086258	True	
0.706994101134	5.90600622525	0.123965993343	8.41796588926	-2.43960836746	-0.393465668181	0.761032465221	0.264220371176	22483.1064436	12604.9881945	True	
2.69770953554	3.13094462775	7.49301288641	3.36854909714	-2.4791858637	-1.01078097182	-0.196155867418	1.13308572118	14353.2178673	11974.7387848	True	
1.31809478803	4.6714234857	-1.59606404871	8.52062776516	-2.44419115091	-0.983391157773	1.51327164731	1.9377904867	15506.3569445	11376.0018455	True	
0.947447545991	2.33819784365	3.60793859982	2.48271289975	-2.72828323681	1.18408854668	-0.512503879354	-0.261669081266	17697.2817426	10807.2017533	True	
0.934499427117	8.04666850739	8.91433253039	2.78537499511	-2.88652692859	0.699594189599	0.594125502395	-0.763569752128	23526.9861129	10266.8416656	True	
0.75099920768	4.99958265308	1.74859877554	6.74517076558	-2.3281842678	-0.655883804245	1.5844648633	0.850773599442	7340.53084128	9753.49958231	True	
0.746134246055	0.641509686485	2.42025545408	3.59804003029	-1.96337882135	1.48681141019	-0.939753435927	2.47273738677	18520.897438	9265.8246032	True	
0.880882462699	2.83980570421	3.06745716839	3.18076984552	-1.43206157963	0.641539573909	-0.729372730327	1.71918283159	21372.4698787	8802.53337304	True	
2.3570376742	1.88512095009	0.482824135588	4.78882353385	-1.29204114824	-0.564280391233	-0.479595457627	0.336856779073	19165.7231515	8362.40670438	False	
1.88441920628	6.81839115249	3.39776675545	7.49862629761	-2.53632285068	2.11611889863	2.78207555167	-0.70257642369	14677.570969	8362.40670438	True	
1.22579496129	1.04004975308	2.41346444684	5.99757776834	-1.52546223432	1.46031723483	-0.772598871635	2.78204061444	10183.8933601	7944.28636916	True	
0.985210099876	5.09322336427	2.31581586976	4.43921741235	-2.78392244836	-0.148191030127	0.368228987824	-0.713634075777	10526.5449207	7547.07205071	True	
2.54489522837	2.82693675155	0.642152071604	5.67012115153	-1.52547930279	2.84505673851	-0.636891239177	2.48000837855	18065.6279291	7169.71844817	True	
1.65793423058	-1.36270978439	7.14704965744	1.69868998681	-2.00985750842	2.28926745852	-0.0810628667292	0.705172791233	12432.3270815	6811.23252576	False	
0.676266097682	6.46559870308	-1.76459617238	5.04170887881	-1.88043817026	-0.455602554094	0.320877547124	0.790914273477	17360.2621529	6811.23252576	True	
0.452838836173	7.13916423295	7.11172800793	4.19795463182	-2.5280140307	0.147518109189	-0.858796995507	-0.328486886768	13137.9783867	6470.67089947	True	
0.332540873382	6.32442515998	6.870698212	6.28862916159	-2.16098033787	0.813644038027	-0.955281345342	0.291022420722	15757.2619431	6147.1373545	True	
0.422990215259	8.60889665668	3.3361966022	6.45708519889	-2.36180732281	0.637337656184	2.6682225676	-0.872597191001	9454.02968359	5839.78048678	True	
1.46351336221	6.55580193033	5.54921009219	3.64253668798	-1.99533633196	-1.00839828871	2.0180152666	2.63760288928	14096.5341194	5547.79146244	True	
0.379728597837	3.87975052295	6.39998775699	1.6781037799	-2.4061703798	-0.207605183343	-0.686902357479	-0.129193419097	15145.5150286	5270.40188931	False	
0.414201813162	-0.435534901624	7.79851887886	7.47840747543	-2.20210719789	-0.722709941595	0.0892869748423	2.37438410246	9531.89441006	5270.40188931	True	
0.446469047189	7.2006489255	-2.25641691904	5.00677000815	-2.00034554669	0.419428615302	-0.902318899734	2.16924292708	16016.9433025	5006.88179485	True	
0.560975219634	-4.37207427167	9.24523840215	4.83731840502	-2.24385962728	-0.458063699137	1.85193237479	1.46339224575	12375.6658818	4756.53770511	False	
1.14827135649	8.30244303051	-3.7454086405	0.720175879539	-2.42762993939	-0.545675660349	0.909002431815	1.19972403813	17405.6760523	4756.53770511	True	
0.0149433285508	3.41281314096	2.91712456066	5.47584649637	-1.9771661428	1.41004468306	-0.884491712552	0.532016834594	13275.3193459	4518.71081985	True	
1.09585441384	2.76615159643	6.01828273413	7.5921194007	-2.11424588403	0.628764657724	-0.256379190716	-0.519911492244	8105.00804154	4292.77527886	True	
1.4503196912	9.57559278958	3.82644424389	7.64273263265	-2.46679773377	-0.764866538437	0.121696260371	-0.49350808544	11403.1072716	4078.13651492	True	
0.627586362161	-0.328938640337	1.60001209478	5.52634329801	-1.08557156568	-0.859110700478	1.77686621936	0.192760001674	8806.68765401	3874.22968917	True	
2.2471417783	4.39876080268	5.94942115067	2.50880317338	-2.18999612911	-0.752876069448	1.41766958057	2.68907688445	12046.8251983	3680.51820471	True	
1.56789315277	3.52314639362	1.19159711372	5.2020879346	-2.58046037948	1.15664010092	-0.830664779871	0.0659823307933	10403.9570969	3496.49229448	True	
1.05855001302	0.532504473251	3.19487493801	3.2504695266	-2.32332436903	2.64669461926	-0.618020994551	1.51998406523	6748.08953272	3321.66767975	False	
0.170447379937	0.453092139389	9.22322299598	1.84701845657	-2.41468812145	1.34392176072	-0.41656610342	-0.357036456944	13218.4863707	3321.66767975	True	
1.40036720195	1.81265726877	6.79414473445	3.51212224608	-2.11034318353	0.89030532376	-0.599622285134	1.28551021704	15028.8179653	3155.58429576	False	
2.50749005156	2.57426496086	6.8139926027	6.18884972504	-2.51855470133	0.30512421256	1.06979339305	-0.589074659138	9327.81617789	3155.58429576	True	
0.37933168192	8.74148996693	-5.70307967405	3.71063713929	-2.38883401282	-0.731016068842	1.69819487932	3.18399105303	8179.72629394	2997.80508098	True	
1.98927889522	8.02413571016	-2.41056844942	4.96254411019	-2.74348886439	-0.712541175236	1.3741687721	3.47511214121	10083.7213147	2847.91482693	True	
1.75862944604	2.4350705539	-5.17944771208	5.96323949781	-2.10228599028	-0.830169004706	2.69958455303	2.65369316745	11733.5259863	2705.51908558	False	
0.605332728824	1.51709788117	-4.50850862013	4.31316501088	-1.75813359266	-0.66031789648	-0.096167654672	2.65742208255	4261.65131461	2705.51908558	False	
1.85646019391	-0.00294157064857	8.66243837946	3.95650613597	-2.14516812213	0.226387594889	-0.440030342285	3.68928286072	6290.56907338	2705.51908558	True	
2.81595444885	9.10643315098	0.029762647676	6.96899524264	-2.54264544984	-0.245370933008	-0.725313595885	1.83795905169	6770.4244888	2570.2431313	True	
2.70726790959	3.08699830966	9.50914450181	7.75235314959	-2.34485732313	-0.205251278457	2.78438395494	-0.6857314386	5052.53592872	2441.73097474	True	
0.125490056844	2.01039090711	5.6636178588	7.11321920591	-2.53871513554	-0.618518850166	2.08271383345	-0.563511053384	3954.87114144	2319.644426	True	
2.62341171189	4.16357030038	4.5542569729	5.49687775596	-2.5413767495	-0.794256949718	2.84316867441	3.3462275777	6852.68947205	2203.6622047	True	
0.232138817569	-1.06458157694	4.09690238793	4.13180479898	-1.80831908921	0.437459473383	-0.341765188252	3.12395003845	8765.97913701	2093.47909447	True	
1.77955556232	4.15587099116	9.36195603919	6.54681415906	-2.23301314691	-0.583231926415	-0.678369732512	0.149147801909	7681.70233581	1988.80513974	True	
0.439914458443	2.23806136377	3.93314744153	6.49784305978	-2.46564428816	-0.997307149995	1.0792192885	2.36465138499	7018.75784269	1889.36488275	True	
0.243514320458	2.75504408406	-6.41650021265	3.48851211148	-2.40832951753	-0.74500285758	1.83963913312	3.05334680454	5605.08189983	1794.89663862	True	
0.151058220438	9.59600276712	5.84733109908	5.0415575877	-2.26640367698	-0.48364157562	-0.514518051484	1.21655104939	6787.3559594	1705.15180669	False	
0.173703633261	4.73032513961	1.37257831313	7.90736699635	-2.27948883262	-0.86461703524	1.70549462435	1.15583491952	6751.81537286	1705.15180669	True	
1.43859292557	2.61060691316	6.83205799894	7.406058185	-2.53020386391	0.578476829731	2.06363772496	-0.755244763653	3792.81033546	1619.89421635	False	
0.689513557828	6.57630204414	-0.0611016734919	6.77493420083	-2.26989986987	-0.626366087649	-0.489554262091	2.51481625957	5255.15059221	1619.89421635	True	
2.31829760209	3.23910511482	-7.13699346608	6.5130222025	-1.43422126191	-0.789123822028	1.9804846452	3.80569150364	12293.1241334	1538.89950553	True	
1.51486324984	5.10040466354	5.23651294068	7.55354013979	-2.23235083321	-0.708437607178	-0.454527860143	1.02035637967	7724.0408688	1461.95453026	True	
0.296873254306	0.308890442868	4.1527873024	5.76431415809	-2.28140465193	-0.526296054806	0.0957989979814	-0.16897914015	3507.85538452	1388.85680374	True	
0.0809730918972	5.37938506974	5.02990868551	5.98134817208	-2.5205061659	-0.872959910464	1.4859723911	3.01567091169	4178.40185905	1319.41396356	True	
0.615900548305	5.24513520621	7.92342173228	5.8689418646	-2.32186250838	-0.709886261863	1.22564198131	3.3641675226	6577.44887884	1253.44326538	True	
0.815035611233	8.17676581321	5.56563797824	5.13039254047	-2.12851841031	-0.828709812123	0.747429345951	0.212180287811	7462.28648422	1190.77110211	False	
1.02787439248	4.14478397559	4.02941220784	7.03392054843	-2.41218908633	-0.765598755863	1.35725710159	0.361111195661	3188.31251163	1190.77110211	True	
0.77715546808	0.492378014226	9.81728425952	4.65285215644	-2.39112394679	-0.861180484369	2.25762858791	1.166511964	4935.29956487	1131.23254701	True	
0.3179375293	2.06021006268	-7.02865607841	4.30433026987	-1.74481554161	-0.826468009745	2.05177200919	3.66914817548	3864.11106611	1074.67091965	True	
0.543624507457	1.46401768864	0.0241259771849	4.12347922697	-1.88597161712	-0.420453755484	-0.517741667534	3.21151910012	3232.78370296	1020.93737367	False	
1.75101392266	0.925420735407	8.08470973541	3.50898898195	-1.99130518761	-0.713149077742	-0.0570729546469	1.69175372274	6957.32297315	1020.93737367	False	
2.32519188138	2.37137304227	8.0392879387	7.15843652347	-1.82419936409	-0.846265669444	0.610106838665	2.00945574502	6184.96577512	1020.93737367	True	
2.29498602869	1.98463514322	8.048635288	6.3396012219	-2.14023894425	-0.827999178033	0.266760105389	3.11952981833	3714.54496807	969.890504988	True	
1.39406129287	3.51384366846	7.75518199352	4.23008871913	-2.40763851731	-0.821190362556	-0.328013460686	2.11988840349	5120.42057039	960.191599939	True	
1.25736372464	2.67745505647	9.43617227497	5.19826362448	-2.65071348314	-0.83108908394	0.188301019321	3.13165855151	3842.23726441	950.589683939	True	
2.52764783403	5.71560668121	4.34499874401	5.94584655101	-1.97361465819	-0.730001084985	1.64718139665	2.07335974727	7742.46760248	941.0837871	True	
1.57813485711	3.95414086547	0.546116887504	5.66378831509	-2.33087414748	-0.82835674006	1.03434764252	2.34722650762	4276.25132581	931.672949229	True	
1.19317100535	1.76738466746	4.03244543151	3.11385699181	-2.34487450531	-0.666629674913	-0.139608377651	2.90934574235	5880.06786017	922.356219737	True	
0.556888123075	2.56563187412	-2.4410118321	4.99769716342	-2.13738808407	-0.565380744601	-0.283489645695	3.42543015334	3285.88563074	913.132657539	True	
0.932356210185	5.22966510798	-0.291879123731	6.60980526617	-2.40842582909	-0.340458106266	-0.599421858275	2.36382218165	4424.89889734	904.001330964	True	
1.63173131792	1.85395806567	8.60459347714	7.81931718396	-2.09844907006	-0.809528662979	0.958932182017	1.79739540847	5622.09538123	894.961317654	True	
0.0963956565317	2.82766146034	8.34541358355	5.51702617493	-2.34526836575	-0.504069275712	-0.435575908951	2.10685045247	3611.765213	886.011704478	True	
2.48577860177	3.07405501535	7.79129459008	6.04565767673	-2.32734956147	-0.877485093184	0.363056851671	2.09083503607	3721.0464688	877.151587433	True	
2.52446867595	5.80703731701	-5.56131731704	2.71640322365	-2.42712373671	-0.892683895468	2.20083077027	2.94802711149	8198.8862577	868.380071558	True	
1.28413047224	8.19209399951	0.134966231869	4.53558730152	-2.40522205242	-0.862195073125	0.392437254499	3.29573778761	4238.77262808	859.696270843	False	
1.17704148726	8.67696108107	-0.213198632913	5.70712641952	-2.51202146609	-0.76661265848	0.0781159496644	3.02354349404	3211.21836281	859.696270843	True	
0.970435161377	3.17829835308	6.62556088458	6.29949451407	-2.36768949704	-0.260994758152	-0.633636177719	2.98242497042	3398.47160147	851.099308134	True	
0.335017692249	1.28705066964	-0.725076037479	5.76480923872	-1.77015077629	-0.856999337219	0.721032999949	2.22375972556	2192.26308902	842.588315053	True	
0.481817806363	-0.333761986655	2.84628038408	4.34691030842	-1.31720727326	-0.745215666921	1.11447863479	0.447475694691	6195.26282442	834.162431903	True	
0.273675603676	1.66001926804	-3.72587932905	5.0620909837	-1.34132519169	-0.750109517048	0.901372362466	2.91139788533	3129.78204892	825.820807584	False	
0.441487926791	1.97791174447	-3.04030769782	4.43533714434	-1.1215478676	-0.3650502028	-0.53558326491	2.36260145038	3376.73369719	825.820807584	True	
0.44248691943	0.55981184021	1.06624517488	4.10215277322	-1.1852252822	-0.774723459932	-0.157297798501	1.24753602853	4146.86654738	817.562599508	True	
0.204419125395	0.138521197429	1.61055255969	6.69969526448	-1.56901740276	-0.757374601762	1.87507005211	1.19760489947	4338.73512406	809.386973513	True	
1.2415750603	3.58658992149	-2.728932044	4.25456248762	-1.53447343495	-0.74499749371	0.049649276245	2.25342933043	6139.69125957	801.293103778	True	
0.405289889672	1.98981757993	-2.14989020842	4.61785851495	-1.6803980499	-0.693884272329	-0.290504342807	2.91777909568	2422.34817637	793.28017274	True	
0.664865165186	2.02305579075	-8.14244133735	4.95540714527	-1.75298832044	-0.838178564633	2.52192380877	3.70142730069	4200.8322625	785.347371012	True	
0.819821385095	9.16266712595	-2.98321626458	5.48131579473	-2.47440068817	-0.936416289026	2.79717845987	2.62868157154	5713.00191428	777.493897302	True	
1.30817126941	3.40757230732	-1.48037304653	5.898687288	-2.30362517501	-0.43555235613	-0.322268832853	2.39129340832	6863.00062978	769.718958329	True	
1.58862005323	6.40778831313	-3.4815191707	5.32844921275	-2.49845507343	-0.794045573299	0.498958197118	3.24151967574	3133.54492158	762.021768746	True	
1.17128087489	8.48816600309	-1.89666194632	5.73091991921	-2.71971062359	-0.843476169695	0.54715947327	2.23508471597	6025.29531822	754.401551058	True	
0.131185006537	1.82099080324	-6.87222523193	5.32144242367	-2.19902149078	-0.847857645535	2.61332385815	3.75482976329	2936.35162521	746.857535548	True	
0.291061195472	3.70011019189	2.61570746329	6.75535375842	-2.33085115788	-0.73295113803	0.648244444294	2.13721929849	3704.8338718	739.388960192	True	
1.42469647667	1.59817654197	7.44759231618	4.54037863752	-2.3169459138	-0.664976112232	-0.194799208044	-0.0342784627229	2677.89122937	731.99507059	True	
1.86385548202	3.88659968923	8.10363919906	7.38470169515	-2.53921831858	0.79838709803	0.238718806838	-0.798704740684	4029.2688685	724.675119885	True	
1.20343715833	-0.017042846813	9.4989630683	4.44251878994	-2.54176328187	-0.939480083301	2.50375508082	2.70317073812	6599.44711158	717.428368686	True	
0.317596349069	3.90282960862	7.63460875447	6.68787455055	-2.5668141312	-0.816146098291	1.01768188253	3.69333577452	3442.3458487	710.254084999	True	
1.71101030688	8.63258729633	9.61669758124	5.32164855813	-2.59845533609	-0.807545890248	-0.16396804219	2.05753811836	4832.23573868	703.151544149	True	
1.62868436049	4.26149805313	2.63464393674	4.74845474446	-2.34965759531	-0.658736184846	-0.364067500584	0.609545615117	2710.38663699	696.120028707	True	
1.05250690753	1.80202389411	9.16510942407	7.71520819766	-2.26260325943	0.104180562136	1.59003557828	-0.728427223255	3085.74909555	689.15882842	True	
0.858931427882	8.93824235586	7.14121102396	5.82052625808	-2.28874040025	-0.858013339468	0.417131201741	0.707503135355	4975.13010508	682.267240136	True	
1.19203476873	-0.870621096675	9.27644925547	4.83152843981	-2.3957776997	-0.634427090803	0.431371057753	-0.467518214107	3739.90723308	675.444567735	True	
0.781475329422	-0.565743924256	9.62444285044	6.12672490828	-2.37153990728	-0.797845081999	1.18404726136	0.0691155580422	1998.60775806	668.690122057	True	
1.07880394224	1.87007532225	8.4738832878	5.51191964308	-2.66565996144	-0.413485155542	0.459649576212	-0.654230791616	3935.64244886	662.003220837	True	
0.0708259255876	4.87295787916	6.48143007694	7.18190399888	-2.58526636108	-0.189077855103	1.45477570893	-0.621079113548	4232.95283231	655.383188628	True	
0.764662563846	6.18560395725	8.86320516833	8.12004137138	-2.46996337702	0.435489137533	2.16665622629	-0.806098536192	3236.21503218	648.829356742	True	
1.8860235097	8.7269716378	8.07529349087	6.87226281929	-2.51963564256	-0.744494930682	1.85361309246	-0.172357431678	4876.5473917	642.341063175	True	
1.38826787798	1.70096974186	7.20058171628	6.21985475421	-2.47308153873	-0.57928385084	0.344309766146	-0.391169110881	1806.81510135	635.917652543	True	
2.07235095812	3.20158088804	5.38020209179	6.05675542502	-2.21816766065	-0.0720656171907	-0.651165484539	1.28301767183	4860.80061366	629.558476018	True	
1.64035399278	1.47591809323	9.12115422429	4.98810375057	-2.39823367524	-0.419824614149	-0.317500910088	-0.423224208502	2806.78216811	623.262891257	True	
0.731157412456	-0.6363515627	9.74148198134	7.02256861209	-2.54384775521	0.206496174828	1.47784572274	-0.861929804535	3378.36580619	617.030262345	True	
0.877241064041	7.47209420205	7.8306895631	6.21332196783	-2.26279957909	-0.508649197989	-0.304066544607	0.104168813675	5885.2892998	610.859959721	True	
0.455835306564	-2.6411190698	9.27069950724	4.7651572117	-2.42391526479	-0.746014916043	1.32363018423	-0.0145412377142	2137.29708551	604.751360124	True	
0.914530297115	3.93359234693	9.30277281786	7.27245208782	-2.39084521783	0.122704865737	-0.179778524572	-0.700628874326	3754.8388829	598.703846523	True	
1.66354161726	2.56389336322	7.59427314481	5.10081361233	-2.32448565033	-0.762812862874	-0.230811802549	1.86727802044	2373.19433745	592.716808058	True	
2.45608152468	1.87502147271	8.70224798896	4.79754684918	-2.34890308938	-0.867129670986	0.910174629594	1.93748421993	3734.97387357	586.789639977	True	
0.963999018654	2.79689407847	7.89254441762	6.47917287653	-2.58046498254	-0.656994749993	0.70215365243	-0.214797349869	2739.52778776	580.921743577	True	
1.20196999091	2.38496748698	4.94967019167	4.54603697345	-2.30010546236	-0.7771847631	0.0834061382415	0.824270429462	2656.28824611	575.112526142	True	
0.0889982258031	1.82757121055	4.27444039014	6.77835037001	-2.37327309318	-0.241319367038	2.02005770534	-0.703408587479	2988.04895229	569.36140088	True	
0.348666623941	2.95614329906	5.80029066174	7.71680281616	-2.44406688406	0.288029002075	-0.548017312683	-0.452346898308	5729.67309018	563.667786871	True	
1.58728548855	1.409139636	7.48642386142	5.54428650773	-2.34051194049	-0.831535518983	0.501651836157	0.543935882836	2026.08694646	558.031109003	True	
0.765765018039	1.18677557228	7.2221508736	5.95059284247	-2.49686405575	-0.779502950962	0.168699469613	0.531779742155	1953.62090948	552.450797913	True	
0.297225427157	3.83770592694	6.75532723007	5.4799255334	-2.47028538887	-0.567846063453	-0.542484774538	1.75078805259	3094.18184318	546.926289933	True	
0.458912029502	1.56709709516	1.66122436103	5.04011446677	-2.43851089212	-0.808993337133	2.32884307572	0.608229357153	3538.61961067	541.457027034	True	
0.0121491037193	3.53558381485	-0.453302817406	5.7257036291	-2.25449626672	-0.785127310069	1.55881196579	1.58462896643	4027.03532556	536.042456764	True	
1.22978739109	3.43146600382	5.7376068165	5.49337256168	-2.56449922003	-0.731245523007	0.0034420282577	1.44584189443	2638.94632586	530.682032196	False	
1.11718004994	2.28536272058	7.38200456726	5.58963548481	-2.44406619829	-0.55886830549	-0.386814101439	3.96282693606	2050.42844414	530.682032196	True	
1.92870896895	1.9505155115	9.2397996632	5.30337278817	-2.48971299234	-0.81168097996	0.15391451947	2.28614633778	2276.727133	525.375211874	True	
1.19104169776	-2.35015744014	9.31569014028	4.97308218149	-2.4615082693	-0.816477970309	1.82011625818	3.68228970585	3167.53455243	520.121459755	True	
0.324078543414	-1.90973550699	8.47548033279	5.78818140284	-2.47009676382	-0.784998360185	1.22679541935	3.18607240091	2397.36660067	514.920245158	True	
0.503132602902	-0.858575075876	9.5161232029	5.8415980989	-2.28424344761	-0.842192376634	0.907201905204	2.76212284201	2352.19894554	509.771042706	True	
0.485003874167	1.52769104823	8.42451473129	5.81528286079	-2.3848808973	-0.863734049161	0.485293515751	3.0181571701	2358.60024947	504.673332279	True	
0.965721943639	0.979129511808	8.47418204859	4.42034976851	-2.45291258001	-0.186377689178	-0.529618989907	3.88136863075	3279.87556806	499.626598956	True	
0.20493848327	4.32032157419	7.75022259361	5.99785666485	-2.37888399017	-0.797265813708	0.0620596313406	3.46842119906	3294.10587374	494.630332967	True	
2.17568686446	2.62863299239	8.06497803553	6.33198624686	-2.13252072693	-0.826958583206	1.28032287887	3.76352904891	4072.05941543	489.684029637	True	
2.52107679207	6.41360548507	0.387907854283	5.32960004584	-2.43286454089	-0.745820107484	0.068095099766	2.28800757857	3651.4659727	484.787189341	True	
1.38397462534	4.35331334697	1.26693190528	5.62175170922	-2.35350950057	-0.797453869532	1.4758105144	3.52449231129	4005.84838083	479.939317447	True	
2.18430388136	7.38450014597	-0.0555561165758	5.5555892007	-2.34809162827	-0.688019817194	0.267963346278	3.02593698686	4267.84432228	475.139924273	False	
2.48258939682	2.97415878564	4.72959309253	4.05907571848	-2.29695413618	-0.663802859221	-0.349249420101	2.71098692309	3399.46280797	475.139924273	True	
1.63966385768	2.79920365644	7.97968137277	7.10705973294	-2.21932968331	-0.784024692415	0.2523063513	3.61513856783	3868.10181379	470.38852503	True	
1.41891927424	0.849351832686	7.89964984211	5.42890944702	-2.44436080772	-0.842132025482	0.902112645307	2.10032937907	2173.85202695	465.68463978	True	
1.0759010771	1.14655419336	7.12060443268	4.26787942638	-2.46659997791	-0.809410175479	0.355334673878	2.93421295984	2786.10226221	461.027793382	True	
0.821260027541	1.58663732098	6.02907056725	6.1905021115	-2.32029944516	-0.776778316282	2.26249152073	3.00255500529	4120.99950958	456.417515448	True	
1.06608851049	2.65667875929	4.33542011898	6.61845209099	-2.41122627832	-0.721998407709	0.653796196976	0.266634195912	2575.48120279	451.853340294	True	
1.37310556412	0.462880016835	8.27254248418	4.29495388283	-2.28233690346	-0.663196540549	-0.102447178337	0.800517410539	2559.42952649	447.334806891	True	
1.13906111262	2.63243133605	9.58347786292	4.87476183665	-2.43631620713	-0.787877212274	-0.00583509874685	1.41604389814	2377.46327136	442.861458822	True	
1.55417687129	3.23343742392	6.15439077282	7.98565033037	-2.60593035019	-0.087221869894	1.12102984865	-0.767915805456	4457.74777367	438.432844234	True	
2.45973805768	3.51471870438	7.14084355093	5.54540005339	-2.29508638725	-0.413275259609	-0.370204236755	-0.241293909298	2844.58446465	434.048515791	True	
1.71889679863	3.18979147312	4.19113395794	6.42548925334	-2.26260121815	-0.518698587641	-0.525915786413	1.23806250558	4138.85222757	429.708030634	True	
1.98855342819	8.8089788511	5.03539202313	5.04746230255	-2.50091794416	-0.791058409963	0.309001607715	2.36307103975	3692.94886875	425.410950327	True	
1.71783737266	4.38299248497	5.4635568817	4.8613399732	-2.3612370053	-0.699996388405	-0.414218153397	3.60146722799	3348.58969969	421.156840824	True	
2.10591648401	4.29908849985	6.99950832812	6.08826492835	-2.2872222995	-0.830251504627	0.585911288942	3.12056169787	3228.98616301	416.945272416	True	
0.168172037209	1.19058132191	5.99806851935	7.15718913373	-2.41465802341	-0.785144946716	0.965200463148	3.4771115851	2769.44701887	412.775819692	True	
0.203620832214	1.02074351157	6.87859005604	4.81547381987	-2.45578829657	-0.73248189904	0.103538522546	1.33231789781	1989.15760505	408.648061495	True	
0.518997083695	-1.16228943188	9.02872164791	4.94491012285	-2.5063846395	-0.741965171725	0.486932626655	3.02641681822	2052.76305815	404.56158088	True	
0.0398484643057	-0.928869629264	7.28493917272	5.09324794098	-2.40420723854	-0.785025936683	1.29139783562	2.86686553698	2297.50228212	400.515965071	True	
0.483184135006	-1.111924081	7.07293928551	5.61253335519	-2.46464953184	-0.774316090993	1.20175501139	2.97425443123	2899.88847144	396.51080542	True	
0.570053548104	-0.619371901908	8.99644069664	5.24245287917	-2.59721372929	-0.77793620247	0.914865274808	3.27202723562	2626.76012545	392.545697366	False	
0.933555472404	1.7356597688	4.99539415467	6.35397908549	-2.39573594854	-0.796293782492	0.519101088313	2.30371311873	2037.94532388	392.545697366	True	
0.860267792878	4.69303204763	9.89961245539	6.0282763916	-2.48045938014	-0.876694815263	1.0517076442	3.31136843383	3596.01912115	388.620240392	True	
0.99937786845	0.705840787337	9.44488198727	5.64295189403	-2.46570366582	-0.804496666673	0.520448322901	2.72812934466	1491.43753954	384.734037988	True	
1.78572808073	3.27895112914	8.88865486691	5.5057798223	-2.4177654119	-0.211821689158	-0.677716027801	1.57813656796	2864.67446948	380.886697608	True	
0.862071833281	1.97908154241	5.54132699342	5.52998324016	-2.32633479439	-0.728055604581	0.75307863531	1.29243320232	3097.81259928	377.077830632	True	
0.404661779414	2.23578343714	2.61235235793	5.05038900031	-2.35649118931	-0.783993960561	0.0477541369782	3.34312287749	1756.50814902	373.307052326	True	
0.650117523613	-0.741288491696	9.38571433259	6.20944946013	-2.47526822944	-0.773738837144	0.780332824701	1.55746788543	2465.71552749	369.573981803	True	
1.46945764423	2.40965747593	4.80592863289	4.86387621566	-2.42858873743	-0.754970467244	0.104490851361	3.37559949372	2007.42509593	365.878241985	True	
0.91488545237	0.284743512845	8.95770801622	4.91848906148	-2.39802989141	-0.66744894012	-0.0248226783158	2.12847411003	1769.33384908	362.219459565	True	
0.45730978151	2.12779644918	5.29580137528	5.46572950852	-2.40303789331	-0.713120829386	0.157227036525	0.0201339197125	1669.92076803	358.597264969	True	
0.167669934054	1.60018331589	8.38852377912	4.52798731426	-2.39219308707	-0.740035472909	0.0783936035046	0.412552100378	3022.20018794	355.01129232	True	
0.139433642628	1.73179876549	7.0325548459	5.39241206368	-2.49692919363	-0.69422556257	-0.212784612749	1.65741693401	2018.04417405	351.461179396	True	
1.08212246333	2.63427060829	7.49918904396	5.87125092069	-2.36388393477	-0.781161143085	0.0334500040175	3.41579606276	2019.80007824	347.946567602	True	
0.878766565421	1.9096207108	6.71762332399	4.98824735946	-2.35016698227	-0.8611498467	0.497230619696	2.56435937111	2763.84333718	344.467101926	True	
1.56011068013	3.67945989126	3.82989383049	6.46794603232	-2.3016646703	-0.843506833756	0.363748948106	2.71812888377	3031.65983193	341.022430907	True	
1.76427503141	2.30935188538	5.88484021368	5.93253343853	-2.45336899874	-0.745534773587	0.333711066918	2.79364404452	2482.53384218	337.612206598	True	
1.70079086215	0.716686807992	8.05990139681	5.78644312151	-2.41352440965	-0.775578782551	1.01809284035	3.74996535443	2695.53995821	334.236084532	False	
0.481106945752	2.06435607831	2.09612495853	5.9172819796	-2.35281830725	-0.768861555604	0.28458739135	3.87707188674	1860.16426149	334.236084532	True	
0.515191875123	1.41230494697	4.62362452706	5.57724676706	-2.41793551347	-0.773241305775	0.789387649152	1.59402632485	1965.08978694	330.893723687	True	
0.1618076138	-0.668297952816	8.22685590061	5.23980511687	-2.37180322228	-0.640592764802	0.0815384931319	2.98107703414	2356.22316866	327.58478645	True	
0.185209469389	-1.4026249688	9.61012251913	4.70132201824	-2.46343366678	-0.735986849449	0.529280924756	2.66756983993	1897.95872886	324.308938585	True	
0.326011359262	1.87307697381	6.20139983295	5.45999122731	-2.33934963725	-0.767310716642	0.501365328282	2.63184362894	2491.99251493	321.0658492	True	
0.0512221223788	1.55850035923	-0.464877505983	6.14772943681	-2.28814566027	-0.817350500943	0.358526033841	2.40245928443	1944.38037586	317.855190708	True	
1.4730597665	2.44529110224	3.79478140601	4.66784950206	-2.4717790749	-0.550572977907	-0.463202114599	2.95516977931	2587.25379427	314.6766388	True	
1.55702517856	4.20997921908	5.68156314271	5.52089357713	-2.3415096267	-0.671777758276	-0.185336363077	3.73532092403	2908.65977413	311.529872412	True	
2.78702896136	8.28521595274	4.17445384161	6.18212284255	-2.31177694236	-0.73371224171	0.163538523665	3.82772426875	4382.69759404	308.414573688	True	
2.78619540181	3.7332223544	4.5802665513	5.05872125603	-2.19349042447	-0.719882634912	-0.1260125535	3.43574231374	3036.7396708	305.330427951	True	
2.47779182996	8.03243276306	1.77681861938	6.20677333449	-2.42136274977	-0.757947915591	0.743340234933	3.66221280171	4002.25478822	302.277123672	True	
2.0353184633	8.50910579381	1.74357570779	6.19691480137	-2.44636042303	-0.826712925981	0.279227894552	3.9907944274	3548.12738072	299.254352435	True	
1.26219734247	3.16680051336	9.25724572284	5.85736393105	-2.45852344689	-0.765937443065	0.46452388655	1.93140793711	2423.27398137	296.261808911	True	
0.998063875773	0.655261289022	9.57220979013	5.00518072348	-2.57500101841	-0.769314130839	0.111478780182	1.11754892979	2314.08544016	293.299190822	True	
1.07468727428	1.77439540755	6.2610778796	5.40974902933	-2.47990794436	-0.769007564175	0.221975714295	1.38625773278	1588.56548626	290.366198914	True	
0.539574655276	0.611353523697	9.58722348944	6.07978149792	-2.53231744146	-0.772606714395	0.636272130171	0.467376258032	1866.19055944	287.462536924	True	
0.472593409205	1.29485783841	7.30152419795	6.9634257278	-2.39987773162	-0.174795351987	0.976641480622	-0.701143377468	1619.72476469	284.587911555	True	
0.663909203335	2.16051686791	7.46061075842	6.66295277778	-2.44853041902	-0.505156517641	0.939875911599	-0.436988077505	2178.09925764	281.74203244	True	
0.809922508259	0.14230034536	9.15528978567	5.94436998304	-2.43279062046	-0.835016018906	1.10576682665	0.267815637947	2078.61311228	278.924612115	True	
1.42733692198	1.33195847618	7.62184585783	5.32215527469	-2.29953904361	-0.764493779881	0.0128339487424	1.69111043737	1782.78531155	276.135365994	True	
1.70642639447	1.5188389816	9.17018968505	5.79646483189	-2.43286751166	-0.82418154551	0.746993534673	3.35075336913	2056.82920169	273.374012334	True	
1.38078346853	3.58209767046	6.73794256404	5.86297340342	-2.4971804278	-0.739198690994	-0.123340634991	3.93875796047	2330.27982784	270.640272211	True	
1.11246665414	2.68691199363	8.73264272372	4.71482395579	-2.4810940672	-0.737498483432	0.0860848759054	3.90570710056	2761.24786406	267.933869489	True	
1.22567457478	1.30891264216	9.14631662083	5.36160056531	-2.40291485587	-0.778837397091	0.0495785030325	3.02679744182	1514.64055274	265.254530794	True	
1.23540481618	-0.988481369908	9.80186550744	4.7964677945	-2.45017009089	-0.783691709104	1.09605956439	1.60590189882	2408.51693739	262.601985486	True	
1.91450041369	0.586399685328	8.49099625477	5.8427786054	-2.34319052631	-0.84028875924	1.39410225011	1.48472558009	3217.17547596	259.975965631	False	
1.46680549371	2.37612581792	7.49970797381	5.17007583705	-2.35727276329	-0.777322249684	0.100428171475	2.55783792623	1923.8125076	259.975965631	True	
1.83237698135	1.64726764751	8.42555798699	5.9887095851	-2.30694388376	-0.79646814549	0.539238535928	3.17416103281	2074.75657823	257.376205975	True	
1.9367417858	2.10013470911	8.70482482954	5.47792145509	-2.26555787791	-0.719657660045	-0.136793736822	3.27716674417	2061.36200165	254.802443915	True	
0.75319393101	2.06349535435	5.65491060162	5.71000847117	-2.41817060028	-0.693574291259	-0.298221075709	2.95412236364	1897.71811301	252.254419476	True	
0.425382684489	-0.89882976734	6.05221014747	5.27562730885	-2.27185467961	-0.789035543287	1.07787300528	3.10450499123	3315.10424348	249.731875281	True	
0.140908136857	1.35455260529	5.23824992635	5.67591202966	-2.36889876852	-0.863347035868	0.920085615951	2.74173242184	2220.94747332	247.234556528	True	
0.0526500907696	-0.584915487663	7.86236531276	5.70644642641	-2.47361705409	-0.786092371665	1.08739765256	1.42529408187	1767.87765907	244.762210963	True	
0.19545143696	-0.544193435777	8.86837840477	5.1173156022	-2.36613864804	-0.804634002716	0.68480674797	0.958288742214	1865.60210493	242.314588853	True	
0.164676844328	2.03820235875	4.18984241581	5.94334417159	-2.32790635153	-0.704558214162	-0.00592419790018	2.43451599548	2147.97014988	239.891442965	True	
0.289185640719	1.71552806887	3.16791263168	5.34276802802	-2.35026926349	-0.759611317977	0.304085185615	0.570923730124	1610.86493285	237.492528535	True	
0.544038260536	2.3717816095	6.23608088457	6.16405742683	-2.28617705358	-0.692839185116	-0.0892585039378	0.831279041689	2751.96582141	235.11760325	True	
0.771176131668	2.92553239813	7.7694237204	5.79722410449	-2.43747177192	-0.805883633906	0.238944595543	1.64827799024	2096.480907	232.766427217	True	
1.05450883737	1.02129118176	9.25463752289	5.77185997001	-2.42424194654	-0.836165028177	0.410004202217	1.33064063711	1735.80160476	230.438762945	True	
1.77565885278	2.551375997	5.93247630529	5.30699577447	-2.38838972372	-0.709392873189	-0.114863819183	1.21038092316	1802.28796105	228.134375316	True	
0.705869530359	1.14401562467	7.28304081846	6.0491313999	-2.47729022427	-0.757203099578	0.229204338152	1.98039905251	1790.06283198	225.853031563	True	
0.485845226571	0.505852278151	5.05255112656	5.17194558481	-2.35392750072	-0.79769283236	0.737269572216	2.37564562725	2054.66117893	223.594501247	True	
1.06127476337	2.70905145696	9.61586981984	6.29055766868	-2.42239111421	-0.823091316273	0.677704802961	3.13493582124	2298.02433762	221.358556234	False	
1.19751285182	0.325814245896	8.63968850133	4.79710428656	-2.37472853734	-0.719842890966	0.248169693548	2.69039294927	1963.75817499	221.358556234	True	
0.0394083358519	-0.649431485584	6.51634161418	5.04236544494	-2.5238396957	-0.783564870606	0.568555394188	1.13181857578	2086.65773914	219.144970672	True	
0.454398569679	1.46431310761	6.83124066671	6.27603365019	-2.4433328268	-0.491611501492	0.779835967021	-0.472231613927	1672.76738653	216.953520965	True	
0.849119393072	2.12996149185	9.90178759026	5.64320823334	-2.43565052261	-0.436876868364	0.351631764372	-0.544037957558	2022.25333537	214.783985756	True	
0.159099109534	1.94468177044	5.98092118077	5.59621485654	-2.4875922479	-0.604617779903	0.144066225465	-0.166236550435	1978.18034768	212.636145898	True	
0.83127151487	-1.72131843558	9.11584788057	6.07100026582	-2.53581129137	-0.332329588222	1.30833815936	-0.601376214995	3348.36003949	210.509784439	True	
0.76375634343	2.97865145356	9.83605529781	6.72602129558	-2.47559157155	-0.332227359854	0.668686269296	-0.635955063813	2038.3992524	208.404686595	True	
0.385034390386	1.36490394164	5.66725456495	5.98392985883	-2.42880364783	-0.602625285457	0.62356341073	-0.416694147484	1476.73418422	206.320639729	True	
0.188488951346	0.437812166578	3.37503835614	5.55260640261	-2.38925120721	-0.853663266141	0.737779739236	0.964471343257	2411.76517764	204.257433332	True	
0.320457595036	1.6625176232	5.7431366744	5.12744423344	-2.36407761576	-0.724271081459	0.0805791152684	1.18595411892	2053.84102323	202.214858998	True	
0.202193459508	2.38342582312	4.20921742004	5.71040042789	-2.42876085293	-0.83363900429	0.449090285123	0.520537787955	2016.14228139	200.192710408	True	
0.236422722632	-0.400283600125	9.55079251443	5.35788268733	-2.49207553064	-0.803238292782	0.488343199099	1.03632781842	1788.19803984	198.190783304	True	
0.251669405701	0.0865038363181	7.23324284261	4.9402553395	-2.45597937799	-0.672221758026	0.44740705844	0.0218279839735	1922.7806088	196.208875471	True	
0.595638917132	1.26424763574	7.02180008983	5.53472662847	-2.53769204541	-0.747535230617	0.371677253854	0.403252603116	1817.26766055	194.246786716	True	
1.13599402232	0.764663040289	6.5965743671	5.62061699326	-2.49792519358	-0.758135901139	0.614922123941	0.738896776767	2271.03863183	192.304318849	True	
0.106201402134	1.33694625234	9.61106520646	6.10729759842	-2.437389821	-0.700089354068	0.649386228666	-0.10916253497	1924.45725666	190.381275661	True	
0.266865447266	1.46124840926	7.3895718675	5.49476496802	-2.50826001421	-0.758381623229	0.124178144601	0.581428945046	1773.07595339	188.477462904	True	
0.81332510552	0.0698579597306	8.15102308957	5.61819360467	-2.38542242658	-0.779581469948	0.771741167092	0.430510291255	1505.57292845	186.592688275	True	
0.94737786077	1.82760215573	7.5653215239	5.40515500794	-2.39403744383	-0.778391181824	0.279365346458	2.57763565283	1676.95887121	184.726761392	True	
1.52384046296	2.78177565746	5.53708471538	5.52044304987	-2.44266634081	-0.709855128099	-0.00956536864139	2.70941643758	1945.95806671	182.879493778	True	
0.784187742531	1.56298469319	4.87166839366	5.22005522618	-2.42568200725	-0.762627541323	0.173950758172	1.23077875291	1452.38686237	181.050698841	True	
1.03235416009	1.43502255657	7.64745429231	4.99705812795	-2.3562705118	-0.757013828612	0.145816515923	1.69168053155	1812.03426544	179.240191852	True	
1.13846413779	1.51358164254	6.53398784045	5.5606896202	-2.42019411879	-0.801498387617	0.435449324873	0.767603087522	1487.16773022	177.447789934	False	
0.847922016098	0.742646763935	7.57095486398	5.1982836473	-2.34319755216	-0.69432821109	0.0113494352522	1.1388347678	1720.02110394	177.447789934	True	
0.579337156435	0.469975764043	8.27442682038	5.00445353448	-2.41483996019	-0.794173181525	0.444469842325	2.58522366977	1670.57412303	175.673312034	True	
0.0541646817808	0.727364934065	6.42656204679	5.77589698044	-2.42328506174	-0.798479993584	1.00386198456	2.25510894591	1892.72043622	173.916578914	True	
0.0334029600774	0.125202308498	6.68634524475	5.17064043079	-2.4161134248	-0.645998533407	-0.0809087278495	1.4928752805	2023.17978666	172.177413125	True	
0.512294092741	2.63330953839	3.07152262941	5.10491832375	-2.45510635218	-0.764793849495	0.675827976569	2.0718280497	2703.29453343	170.455638994	True	
0.930864032022	2.32089270969	5.03878935108	6.02962097155	-2.32753293175	-0.793310629961	-0.00756750694986	1.14193478104	2075.53597022	168.751082604	True	
1.33538642894	2.15621354949	6.9698252166	5.7452086565	-2.29103141031	-0.748717399819	-0.0279578929852	2.05510628519	1919.14400181	167.063571778	True	
1.17667034735	1.63539570923	5.71475587342	5.1129669977	-2.39835963771	-0.828523595373	0.160369735688	1.606675317	1865.77788928	165.39293606	True	
1.0182717173	1.4314025876	6.82466831908	5.52474177228	-2.48368828242	-0.792766256279	0.434944302819	1.58598764196	1593.41834904	163.739006699	True	
0.589116641923	1.72508423535	4.68150814939	5.68429696108	-2.48636694331	-0.77931653699	0.606761041275	0.67300477098	1715.77007954	162.101616632	True	
0.122797652756	1.69801277572	2.14091061313	5.64220079199	-2.4327597692	-0.809274898921	0.42249420217	1.15079504132	1636.6840227	160.480600466	True	
0.0453742955693	1.07410246228	0.807527931663	4.81873491881	-2.20793988922	-0.830408387202	0.158131999382	1.74761313427	2150.06702197	158.875794461	True	
0.508811323742	2.00829304695	3.84188967871	5.8149269836	-2.42836845896	-0.770979803837	0.185464891977	3.50397479438	1489.11054053	157.287036517	True	
0.125865692721	2.19112965984	0.903741188622	5.43945072092	-2.37008250288	-0.803335948324	0.631315752124	3.10755106128	1960.76294302	155.714166152	False	
0.0468591336441	1.78595713975	2.63128753222	5.14888047642	-2.44434092914	-0.67557036224	-0.101276488665	2.12197839384	1841.83062956	155.714166152	True	
0.368914321771	1.0442806394	1.26143868032	4.34961448446	-2.25188519148	-0.722607418853	-0.0103236207493	1.64089492532	2395.32116167	154.15702449	True	
0.337430497484	1.72609090349	-2.57720190659	4.93859858957	-2.09783891477	-0.732712523664	-0.110550984719	2.11474326764	2227.63872371	152.615454245	True	
0.0542376740577	1.11367308725	-0.408357119567	5.49618851906	-2.12000572707	-0.730235293296	0.382075475196	2.03499251754	1961.42165342	151.089299703	True	
0.091264557554	1.22561207804	4.2975127374	5.26736031997	-2.42450935699	-0.787723540195	0.145966907925	1.86002607972	1506.11996881	149.578406706	True	
0.477284457268	1.35016754417	5.16768140948	5.67484473224	-2.41407110455	-0.836275600647	0.423997858081	2.08961733036	1578.6150291	148.082622639	True	
0.724299213147	0.974121279392	5.2099839133	5.70109016266	-2.4562170015	-0.792423480954	0.339188791936	0.86176426298	1918.38430743	146.601796412	True	
0.409010853128	0.775464053754	5.86810598118	5.97781837475	-2.41702493496	-0.730411887452	0.568370568874	-0.0215029789259	1559.85766826	145.135778448	True	
0.0947793211733	0.288347627302	7.35594677396	5.72791781457	-2.36003447909	-0.579152243282	0.233605837961	-0.285262920414	1957.05641103	143.684420664	True	
0.543561571718	0.641199526703	6.84064908269	6.29138664075	-2.4330004789	-0.445404154631	0.669855595125	-0.555755243721	1622.00577265	142.247576457	True	
1.30487850699	1.26529369939	9.93458710682	5.42836141161	-2.41438335953	-0.752007872558	0.432503803484	0.32200250324	1559.79137682	140.825100692	True	
0.557651388517	1.03563460351	5.95125400259	5.43628025093	-2.42913803733	-0.331774302125	-0.0296868660983	-0.55332644182	2105.27849575	139.416849685	True	
0.993178905933	0.137244227525	9.67044754691	5.05389612002	-2.40968816742	-0.653244430093	0.0292163568223	0.047985648451	1875.65264971	138.022681189	True	
0.666245184316	1.48435524307	9.07368806819	6.45342099039	-2.42044167929	-0.230586510721	0.244117613503	-0.658588577092	1856.35967772	136.642454377	True	
0.429140696143	0.453580377797	6.3299042819	5.18699395999	-2.41354688453	-0.661171416578	0.428248042776	-0.24561773631	1597.43380778	135.276029833	True	
0.478379060883	1.50783305274	4.03320504486	4.81233045585	-2.37391564564	-0.761833071219	0.0123512909603	1.02570069128	1709.56807767	133.923269535	True	
0.443683977398	3.08623936831	2.22305794	5.40760213772	-2.47336786322	-0.836046071	0.445067444692	1.13001780109	2154.05698806	132.584036839	True	
0.0848303207134	1.03122833161	0.323448507326	5.00175910379	-2.1969067681	-0.751252731223	-0.0301865020166	1.92687920036	1684.06318262	131.258196471	True	
0.192637213327	1.75152143444	-1.82073278973	6.02500930961	-2.16064087213	-0.785536607689	0.270841769025	2.99015005709	1800.96475683	129.945614506	True	
0.182517526444	0.66877898015	0.788470512292	5.38412645898	-1.77689441332	-0.792548250304	0.585542237247	2.67481511991	1789.77898679	128.646158361	False	
0.154901297062	0.77147214011	0.56375139591	5.05217690891	-1.92485034238	-0.822350098281	0.44107793396	2.9621435059	1811.54043189	128.646158361	False	
0.00921510655789	1.48631058801	-0.551786919245	5.64426903674	-2.21559322753	-0.797659421313	0.331179689949	3.5657689711	1477.56668759	128.646158361	True	
0.201900816159	1.21649520201	-0.334641932143	5.64644517864	-1.65230520807	-0.819353994026	0.285648136031	3.17301891848	1681.060272	127.359696778	True	
0.343270301224	1.35199277225	-0.855630182424	5.55458784954	-1.55821307489	-0.768386769806	0.465309467222	3.40412228649	1798.28295851	126.08609981	True	
0.226351187164	1.81466041478	-1.83513588598	5.68658834974	-1.66153494658	-0.762816437993	0.313138971494	3.72913108442	1962.67820473	124.825238812	True	
0.110663079991	0.731811279876	0.363366436186	5.76742058712	-1.98748692957	-0.808597344725	0.658329984889	3.70407483635	1629.19596664	123.576986424	True	
0.0917829670945	1.35799331184	-2.18861634601	5.45451045509	-1.80157642707	-0.789550355376	0.149709783568	3.3863330918	1553.73690368	122.341216559	True	
0.191495589424	1.59572214354	-5.07645837187	5.13486681259	-1.80393486598	-0.783674341532	0.322021673869	3.52500959252	1841.40974184	121.117804394	True	
0.0593786559359	1.09605847203	-0.113010768707	5.04379697242	-1.24225844149	-0.848054907286	0.662742346028	3.15367256813	2181.66298356	119.90662635	True	
0.0722354034179	1.23390322026	-2.44224658001	5.90044754162	-1.35251298215	-0.761881138441	0.48226721188	3.81077860213	1778.15452348	118.707560086	False	
0.204274498741	1.28342689463	-1.92794427848	5.4814340643	-1.28152330731	-0.808090711343	0.105435656559	3.128150008	1954.25057208	118.707560086	True	
0.183602968253	1.42794062685	-1.69119515042	5.42468565907	-1.40934243647	-0.758582190007	-0.0169200502742	2.89562958554	1649.07519025	117.520484485	True	
0.0886867894787	1.37405726456	-0.882920473546	5.22620704803	-1.75901280526	-0.781176799344	0.182974644064	2.47106097893	1567.15260432	116.345279641	True	
0.270519842379	1.35966194883	-1.39260414092	5.36838876394	-2.01440199116	-0.766625851639	0.154186953906	2.34036281222	1792.67038444	115.181826844	True	
0.289077591057	1.17435126763	1.08245132547	5.93046450616	-2.03291039095	-0.791254826177	0.846871363487	2.65817856	2319.39642406	114.030008576	True	
0.0712770703131	1.39574639435	-1.65401419578	6.14223835696	-2.1501863433	-0.761360556825	0.333859082503	2.54765803385	2087.7953471	112.88970849	True	
0.331921290939	1.46204622772	1.93432193373	5.57877604209	-2.38165595683	-0.788805554521	0.374428937504	2.38965163146	1662.59248667	111.760811405	True	
0.646444859562	1.13414562753	4.87012710235	4.57419685681	-2.40840360601	-0.555790926687	-0.419511147767	2.47267086758	2242.21948274	110.643203291	True	
1.07957543427	1.75888799839	4.0812388363	5.06538872514	-2.37128606955	-0.786457088321	0.135856682678	2.47152569631	1823.77812941	109.536771258	True	
1.22676969707	1.84070976839	7.76957457363	5.90183931041	-2.45334036117	-0.784651264777	0.259426294025	2.27844810558	1612.7174223	108.441403545	True	
1.35842427403	0.989285327961	9.71328840902	5.44980909154	-2.38781744766	-0.725013766704	0.127834992184	0.461920768649	1512.95947256	107.35698951	True	
1.21729920852	1.31590333966	9.61246617289	5.25930864045	-2.52756509082	-0.75169040692	-0.0502454124936	0.698874372992	2018.88078032	106.283419615	True	
1.23482584597	1.41177053573	6.78439257788	5.28780326029	-2.48587953101	-0.704767884645	-0.0315654443956	0.253179285348	1758.2536547	105.220585419	True	
1.53280021875	1.44467635182	8.54012979708	5.23010853475	-2.43376933156	-0.770077849877	0.313216857571	0.0703618934696	1852.57694248	104.168379565	True	
1.11705513186	1.70711487461	9.38137868599	6.35659230086	-2.51099508077	-0.725731789712	0.391046454681	0.0398913082345	1991.3015319	103.126695769	True	
1.09737441653	1.28596731172	9.5200740923	7.46536606945	-2.50707981123	-0.24443869823	0.997352315185	-0.672596049999	2118.43881119	102.095428811	True	
1.71892313019	2.32300034742	6.94705304003	6.33008696402	-2.34140430463	-0.365959904234	0.661968649047	-0.617691977735	1893.15408091	101.074474523	True	
1.10570618773	0.828122421234	9.26621738735	5.6503017712	-2.47437616066	-0.458376249128	0.345385266236	-0.518408498973	1607.75550617	100.063729778	True	
0.888291169732	1.64351554892	7.38672252861	6.43859135695	-2.45623959892	-0.282911287113	0.650480814798	-0.632583736906	1538.46816505	99.0630924801	True	
1.29571541151	0.740681437641	8.95233161535	5.90834545399	-2.45879443283	-0.674741016928	0.474074404428	-0.271122605536	1750.0547683	98.0724615553	True	
1.10351600351	1.9955542337	8.00968902228	6.02559865338	-2.42566486558	-0.441371633282	0.417667675668	-0.517751639299	1641.72259599	97.0917369398	True	
0.624966153408	0.630055107006	7.19900764178	5.90611478751	-2.41619175086	-0.649932734944	0.486734250624	-0.262808921926	1445.05524164	96.1208195704	True	
0.781099808553	0.957801627397	9.04336467262	5.69153274107	-2.43887331711	-0.645148823836	0.229679068893	-0.158937242338	1448.01951705	95.1596113747	True	
1.20970059744	1.04289517166	7.62233313924	5.50751973998	-2.42286233088	-0.589606871745	0.511572800525	-0.426171955319	1583.58172158	94.2080152609	True	
0.613013246568	1.34960996075	6.87055017704	6.42922749353	-2.432593208	-0.442140318792	1.02651272391	-0.643102185361	1717.19576135	93.2659351083	True	
0.371403596874	1.74049450978	9.60472915354	8.17852962095	-2.42265804658	0.226613967797	1.48504452595	-0.779115488641	2096.34423898	92.3332757572	True	
0.342494455532	0.0543044739366	8.38271300718	6.39393564525	-2.35584466797	-0.263841351296	0.777800753282	-0.664066924551	1859.85140646	91.4099429997	True	
0.344522708751	0.633518369554	5.92988709347	5.52448716585	-2.34702860167	-0.715703759219	0.632831927738	-0.181597668347	1658.09498916	90.4958435697	True	
0.676723967502	1.95188091388	4.84535320576	5.75315217553	-2.46613642131	-0.747248224664	0.322258566631	-0.030159200164	1615.99945733	89.590885134	True	
0.713887324951	2.40314480585	4.80430238591	5.49095373125	-2.4532953766	-0.565353855884	0.456579645424	-0.444348377592	1870.88553123	88.6949762826	True	
0.834937669043	0.55907357551	8.68760415823	6.13462405971	-2.44582990143	-0.515047217783	1.0166011924	-0.546534134027	1553.16229634	87.8080265198	True	
0.93098821293	0.387410406478	9.48913957498	5.42801165652	-2.4473758848	-0.671977479364	0.139145169146	0.15129745259	1648.07129002	86.9299462546	True	
0.865110630151	1.31595047596	5.54537445137	6.1989908093	-2.36449490009	-0.794321724266	0.58509342747	0.722428415702	1892.04870293	86.0606467921	True	
0.783867477389	1.81632674245	6.25582228144	6.39466881713	-2.48838928709	-0.487103617262	0.577048903827	-0.500919870062	1636.57448459	85.2000403241	True	
1.09080257225	1.11928203626	6.44486781186	5.43881981886	-2.45374687445	-0.725763009567	0.400852097568	0.00766171846032	1568.89549269	84.3480399209	True	
1.22417488499	2.26099877215	6.91364258881	6.0089206207	-2.44558784226	-0.647718830742	0.0717154514481	-0.180650160982	1676.3227143	83.5045595217	True	
0.773868321096	1.70537970932	4.69500325286	5.45318748267	-2.39912086303	-0.782086144061	0.32627716338	0.726256693603	1411.1005042	82.6695139265	True	
0.900530393943	1.92172139967	4.86602451815	5.37350779113	-2.4799603795	-0.678215632936	-0.122966810475	0.615517883922	1694.4063756	81.8428187872	True	
1.36587064882	1.90106082817	4.85629545821	5.26171763177	-2.31373178199	-0.7309589398	-0.111134903501	1.24904097888	1875.85226972	81.0243905993	True	
1.5721494261	1.30326528668	8.37953707075	5.80422649232	-2.44957472128	-0.496663698576	0.36091415221	-0.484602375374	1690.9799535	80.2141466934	True	
0.800076294151	1.45438759542	9.95214930408	5.99523697037	-2.46575003063	-0.364648496513	0.273780931736	-0.540390329203	1677.00428488	79.4120052264	True	
0.992818002246	1.3142205909	9.62181749234	5.64121353161	-2.44502780076	-0.70551136696	0.388093954867	0.0548450775131	1509.69815764	78.6178851742	True	
1.37035235593	1.08458498635	9.38010518223	5.03274167102	-2.34172247496	-0.661623421911	0.0299977526959	0.101888078252	1732.76401005	77.8317063224	True	
1.37888619679	1.25536927244	9.05369260038	5.45288196059	-2.4517824793	-0.516498913399	0.244128658871	-0.470634087461	1645.93487929	77.0533892592	True	
1.42811446953	1.11293895992	9.10012203732	5.45602707715	-2.4292706759	-0.680717226278	0.449535611113	-0.271498207021	1662.9425914	76.2828553666	True	
0.633857272885	1.71726767975	8.27211250176	6.24675036427	-2.45111181812	-0.547981198917	0.585911543587	-0.426170256283	1649.94575302	75.5200268129	True	
0.778206008082	0.742620498636	6.9968385388	5.684439116	-2.35046088754	-0.618194470391	0.199575315562	-0.203750683499	1663.1915623	74.7648265448	True	
0.575157989404	1.20632851557	6.4566217128	5.45836526343	-2.36751994021	-0.667984672528	-0.214305316006	0.690627345935	1848.61643149	74.0171782794	True	
0.227420057688	1.08841990202	5.29534458701	5.41781709843	-2.43089924192	-0.771469240288	0.332572740106	1.83973326967	1446.72450776	73.2770064966	True	
0.469525794289	2.0419213843	4.43096160708	5.36763752354	-2.41143175638	-0.73483092321	0.127617526439	1.17981570996	1583.73899495	72.5442364316	True	
0.224822113132	0.820037273248	3.90470334842	5.20953051831	-2.39404961349	-0.787046947007	0.366744078613	1.79720441545	1617.89014317	71.8187940673	False	
0.105580113981	1.18246957488	2.46718665444	5.4520200745	-2.35117268768	-0.79924553622	0.298318269732	1.07658382192	1602.32380789	71.8187940673	True	
0.533504349516	1.07600152953	6.04170339046	5.73767147532	-2.38856501322	-0.804012759439	0.475874845673	1.52291479704	1395.15279243	71.1006061266	True	
0.648649448087	0.745684136516	6.47278147645	5.10237154119	-2.36497962845	-0.772531109414	0.288138209456	1.78100035288	1525.44075688	70.3896000653	True	
0.653781284399	1.32418779305	5.34787425643	5.41497228889	-2.33330197167	-0.776330006748	0.261758511919	0.964294258988	1481.74729845	69.6857040647	True	
0.678829428105	0.260978851436	7.10928688477	5.39784619162	-2.33175778644	-0.754396915274	0.391876189329	1.43807316808	1676.72338167	68.988847024	True	
0.580441678172	0.934816985176	7.0987878319	6.03121600425	-2.43686135729	-0.794749319409	0.585356112497	1.87122942356	1505.81878162	68.2989585538	True	
0.771127531339	0.72894577411	7.38785481468	5.5941883201	-2.46644003513	-0.802327552381	0.364205485842	1.39924751098	1509.38014298	67.6159689683	True	
0.421435545388	0.227380424648	8.387849945	5.81977209757	-2.41555301694	-0.816915015206	0.625263998731	1.38665049009	1547.05844424	66.9398092786	True	
1.01067535128	1.23319230422	7.71608391922	5.90602252715	-2.43761837384	-0.791403848237	0.462651762874	0.92407978327	1479.38740194	66.2704111858	True	
0.822571113477	1.3523823293	6.80046716472	5.55318767224	-2.413993385	-0.72130584285	0.175949720372	0.902609054326	1566.37074074	65.6077070739	True	
0.548317077929	2.18622186972	4.75905973044	5.7073466418	-2.40410054188	-0.772569077078	0.121574993391	1.691933755	1445.5299022	64.9516300032	True	
0.621994072631	1.53527397827	5.33367847304	5.64103339321	-2.37670628798	-0.809914716959	0.25994423373	1.33941383772	1469.27699723	64.3021137032	True	
0.307542400136	2.14339273759	3.60108692986	5.47863052112	-2.40253622461	-0.740611530455	0.0523608530502	1.75515306133	1509.78389329	63.6590925661	True	
0.196799258703	1.43628902979	2.09947165106	5.3869245499	-2.34510380578	-0.74941657672	0.134197681238	1.66921112742	1582.30389836	63.0225016405	True	
0.100048716026	1.76543835321	4.81814886935	5.66244301549	-2.45703452595	-0.789452688058	0.311419267092	1.70795117894	1546.79159123	62.3922766241	True	
0.379389892269	1.74398899215	5.05527520869	5.31836598338	-2.42601431642	-0.755853614857	0.100507447964	0.96524661409	1489.74402973	61.7683538578	True	
0.558625730391	1.16470633317	5.53589777972	5.94696887471	-2.4051225369	-0.811958153864	0.590109615023	0.817857282462	1537.74299405	61.1506703192	True	
0.114382907681	-0.453130998563	8.9529102134	5.5569073964	-2.43183678506	-0.779317835009	0.829352169467	0.437053557251	1581.25344585	60.5391636161	True	
