Parameter 1	Parameter 2	Parameter 3	Parameter 4	Parameter 5	Parameter 6	Parameter 7	Parameter 8	Potential	Temperature	Equilibruim
2.65109702412	8.22298704257	-7.55570446988	5.05126544418	-1.34085114866	1.8359967386	-0.305263450153	2.3186199599	35948.7170195	20000.0	False	
0.0634305978307	7.9920020222	-3.065357364	8.57301067692	-2.69521575379	0.740892523761	0.068764235279	0.942241723276	30261.4607255	20000.0	True	
0.937600633146	7.45341869445	-1.37394196315	9.69657781734	-2.11262736538	-0.697426080528	2.01601392943	3.56387633542	15010.1252611	19000.0	True	
0.953677095492	3.00938955792	4.5576655129	8.15779996855	-2.64006824878	-0.859497529919	1.35678773007	2.83823244229	7075.92182952	18050.0	True	
1.81880945315	-0.632216879541	2.50702643669	5.94002082209	-1.54303483449	0.741518169448	-0.526600161124	1.17477529718	32686.2083001	17147.5	False	
0.169297459543	5.54046102392	7.66923958922	2.0560667076	-2.59618967664	-0.922232827983	-0.70060529202	2.57757946893	21931.8222537	17147.5	True	
0.440370958598	2.71786453979	1.29591769462	9.6085995547	-1.69295038233	1.52471868169	-0.712822364904	2.46796220363	19685.3699217	16290.125	False	
1.89607835547	-0.574878069356	2.40950819429	1.34982266518	-2.92055308859	2.09210826576	-0.793405631014	0.833831972393	59807.0036749	16290.125	True	
1.80176335736	4.267393286	6.06258328828	7.60808842929	-2.08490015216	1.98432050934	-0.65399422205	0.158367733706	12066.4836788	15475.61875	True	
0.305584498708	6.98522471716	-0.860286252189	1.22345837781	-1.28112592529	-0.618927694474	2.16974387777	1.54918350862	38804.6873667	14701.8378125	True	
1.42624186167	9.06597113539	-7.29083232103	3.95848909649	-2.67199598668	0.524999872614	0.0810938215996	2.42166100238	14902.7703273	13966.7459219	True	
0.707881321112	3.81014066851	-2.70987950205	4.46111140622	-2.57930313379	1.58071112325	-0.89846364889	1.67945596421	11377.451136	13268.4086258	True	
2.64368186671	9.32571359774	6.14663109871	5.29568722326	-1.74960591898	-0.449311879141	2.35679825651	0.721626295896	32139.5263514	12604.9881945	True	
0.782591356836	2.88026725567	0.598146824339	9.53773637715	-2.86885862836	2.27263623054	0.808960952138	-0.54271322395	29441.5271178	11974.7387848	True	
2.4623904585	-0.1428643964	6.82424491369	7.04664945336	-2.27532461194	-0.221221004968	0.307980820555	-0.706744773709	20542.2580837	11376.0018455	True	
2.19420458866	5.33668267429	7.19982143906	5.82278211277	-2.58232809506	1.30242890096	-0.29316460555	-0.624535993517	10322.1221712	10807.2017533	True	
2.77052779379	5.97553123286	-2.71125994581	9.03544836741	-2.42706499642	0.64431485468	-0.800982357864	3.37905014274	16512.7560161	10266.8416656	True	
0.0817609252063	9.06897574239	5.60783848378	6.0070033222	-2.58112636162	0.133086048549	0.531660299897	-0.971932513989	10599.5112542	9753.49958231	True	
1.28974008602	1.83442582784	4.17626723564	9.78635127823	-1.21968152497	-0.814467646704	1.13987399632	1.82750416774	19224.1851531	9265.8246032	False	
0.659930574238	0.462292913215	9.05913032598	4.09811918512	-2.50287120265	-0.593973544926	2.22605580033	0.400918785468	12910.2574532	9265.8246032	True	
1.19079166538	2.64986552182	9.74007444888	7.17812465359	-2.61184708428	2.06591184669	2.80431877651	-0.615103613473	20570.1823299	8802.53337304	False	
1.22553576586	3.36249304212	6.9016787135	7.74302287362	-2.28173531925	-0.0745216067264	-0.681079280256	1.60927245	6681.66611242	8802.53337304	True	
2.83940741908	1.94123140711	8.057381439	5.59242822314	-1.12148006851	0.633069352588	-0.356778939322	0.23810012027	28481.1043396	8362.40670438	True	
0.93788405438	-5.26504727295	7.19594968105	3.04539627361	-2.79686903848	0.246412997932	1.76062628963	1.39105729481	27193.7293116	7944.28636916	True	
0.56579376873	0.582841472783	-0.373909102693	5.66322407743	-1.59900025279	-0.967987966472	0.437164475469	-0.310959100686	35602.7028976	7547.07205071	True	
1.60643550917	6.76155649842	0.324135874957	9.18115761711	-1.35980443258	-1.06392586692	1.45560946772	2.02302299501	27093.6171192	7169.71844817	True	
0.830149929438	8.11376536895	7.4595978031	7.44654740334	-2.59523327673	-0.414098680074	0.681175798908	-0.42055754136	5501.82575229	6811.23252576	False	
1.17110058335	1.88953352256	5.04595331507	2.33144429107	-2.54567939874	-0.690592131178	-0.546459186352	0.221845196818	11454.0012801	6811.23252576	True	
1.10761347484	3.07644280598	-2.61200829483	1.49114514948	-2.13919244684	-0.631647172666	2.28460141814	0.346690007846	17792.191523	6470.67089947	True	
0.364331863408	1.51263555249	-5.42946233056	6.32129470419	-1.34917130014	1.46561931601	-0.139057949872	1.63999355312	13249.8772817	6147.1373545	True	
1.03099445954	9.51365938092	8.79993632941	7.55467558328	-1.72959573026	-0.493536503708	-0.414035116876	-0.297760585023	16539.7601942	5839.78048678	False	
1.52548430821	3.74123735501	8.0136231611	2.70625279762	-2.1612665343	-0.765137104381	0.278989574386	1.04309633643	10775.2865566	5839.78048678	True	
0.496262006802	2.36601825694	-0.486061943629	3.82092089264	-1.24365551388	-0.437529084747	2.49858943315	0.530984101278	19393.3299021	5547.79146244	True	
2.90912494862	1.73625426138	7.62839143412	4.13857784585	-2.07903838158	-0.747414154217	0.0746313202502	1.09404643995	3516.89533651	5270.40188931	True	
1.21615285296	4.68554123484	1.3304470262	2.96480380427	-2.67609205166	-0.193663111805	-0.811290898756	0.693557589545	11792.7949319	5006.88179485	True	
0.489121014221	0.687444665408	4.11203799189	3.66276523475	-2.70122960263	-0.591136475273	1.67383092733	-0.308081878156	9455.92528217	4756.53770511	True	
2.17858405572	2.21789267595	5.67983223098	4.02203464489	-2.42713063587	0.642824427583	-0.582873155672	-0.480432765908	7361.31379193	4518.71081985	True	
2.25420690914	5.80426188087	0.725184817649	2.98877294774	-2.14851718225	-0.606373513221	-0.238355941313	2.25799203049	9062.54350607	4292.77527886	True	
0.0501190288384	-4.18024805515	4.99312844277	0.914222337402	-2.36540680466	2.91594197317	0.876918432049	1.90247758342	15806.9228301	4078.13651492	False	
0.452752724155	4.60378275711	4.71619374392	6.14972019953	-2.14007578679	0.0735145720774	1.64334530332	-0.979312530429	12985.9392232	4078.13651492	True	
1.30121917004	1.96869233694	1.53192820178	3.6558218626	-2.60009013726	-0.48114727871	-0.578602459656	0.822607645325	7027.25357768	3874.22968917	True	
1.2667331096	4.11292429065	-5.42488109758	6.41733445869	-2.43932265151	-0.741532004373	0.986373579551	2.28101197798	8055.73812785	3680.51820471	True	
1.8029283659	9.29836531842	7.90986573094	5.36812701803	-2.41990124616	-0.815737886557	1.80598055509	3.1179994752	4583.36231945	3496.49229448	False	
2.8083940865	9.82521148454	3.60661556672	5.56584616329	-2.15173526741	-0.935334901996	0.777193370945	0.377358369112	6595.02270036	3496.49229448	False	
0.201913049606	1.96461783979	-0.888544132994	5.19047014835	-2.33643483744	-0.620653418262	0.824649930148	0.524342280591	4850.83236064	3496.49229448	True	
2.28318797456	6.8563939183	-2.87762031403	3.27026241779	-2.26102000674	0.0244829913611	1.03895154131	0.793752127035	19586.4814406	3321.66767975	True	
1.43053997054	6.1358685583	1.64664993963	6.64124099794	-2.63170016519	-0.81425465046	0.495065945472	1.312646304	4597.89735121	3155.58429576	True	
0.954635449811	2.29242910607	0.572906724039	5.00283152109	-2.13959703453	-0.87115333669	0.55148679678	2.98373083657	3318.11564813	2997.80508098	True	
0.950672939528	2.45714566425	-5.32545295981	5.03049390815	-1.40327760567	0.0305357500314	-0.547300750338	3.72168275503	7458.09447377	2847.91482693	True	
1.05536821977	-2.91974940152	5.11356908457	1.50676988015	-1.2535307628	-0.598587735521	0.653070646281	2.70416706674	12505.9159822	2705.51908558	False	
1.23848510111	2.34981807514	3.73208368491	3.86864123875	-2.19511999829	-0.51453942539	0.0308715712296	-0.460629864012	5543.99708343	2705.51908558	False	
0.236716466066	-0.0695898696834	6.29514701901	6.96557372159	-2.40715470074	-0.781260512472	2.14130811799	2.04168473596	3989.18297662	2705.51908558	True	
0.275355505547	3.36082902823	4.64306879177	6.57497758752	-2.22107200399	0.140203679543	2.03256594673	-0.766581740182	5259.70768196	2570.2431313	True	
1.44054048897	2.86100208361	3.84431789388	6.22057928134	-2.36949204015	-0.868759049492	0.454532125441	2.14173116606	2924.85174007	2441.73097474	True	
1.56261663171	3.69963338663	-4.21530279562	8.17458480354	-1.70369806547	2.83726116674	-0.763930162877	2.73279412848	14349.7060991	2319.644426	True	
0.232008471973	5.08036527356	-2.96292198646	5.65080224613	-2.24318627617	-0.751189180135	0.471218963395	2.62222280529	4114.59692266	2203.6622047	False	
1.13375450863	-1.2264486932	6.05453776681	3.59607960851	-2.47269907133	-0.243416500673	0.725218928607	-0.833823082724	9719.39262736	2203.6622047	True	
1.38633332861	6.72887097797	-2.70026229326	5.74492247488	-2.49364805089	-0.63393659919	0.145483979488	1.91777712422	5653.70133811	2093.47909447	True	
0.690310693943	7.18069906156	7.26216713423	5.45131113273	-2.46605602668	-0.667286806683	0.684874327032	2.80172869559	6792.31324122	1988.80513974	True	
0.52010747316	4.35511681309	-3.30037901333	6.0916653957	-2.43995668269	-0.199991247915	-0.757595335911	3.21547080564	4007.67577096	1889.36488275	True	
0.986825366545	6.46803585134	3.35914290919	6.57756115142	-2.45020504024	-0.77351876793	0.587209340251	1.79223616739	3189.12585447	1794.89663862	True	
1.86889213893	4.29618413793	8.63467291623	7.05513696092	-2.57831060183	-0.883241056552	0.148467942012	2.93729451129	6309.47666259	1705.15180669	True	
1.187655773	8.83301709874	-5.70543375671	7.50386061772	-2.38408329066	-0.444900104067	-0.297372733057	3.25155854926	10698.6367451	1619.89421635	True	
1.72560636875	3.95049295434	-0.901621323258	6.59122588207	-2.10684149787	-0.79939965122	0.965592516045	2.85317763599	5391.22330389	1538.89950553	False	
1.46072227234	3.03549805835	-4.35471459421	5.86724777345	-2.03142303546	-0.777799203543	1.39660407568	2.4109014995	5386.53675063	1538.89950553	True	
0.101014757795	2.86077855928	6.40376817108	5.18054110397	-2.53205812523	-0.898996151695	0.324416699798	1.83659948348	3955.01909072	1461.95453026	False	
0.180359031032	-0.796448285814	7.01978438299	4.39537422013	-2.41030624564	-0.855604736504	0.727323122942	0.0903838417454	3803.07072463	1461.95453026	True	
0.208491219249	-1.37911755332	7.54956986322	5.56204154503	-2.3180633894	1.8863257969	0.304765876113	-0.665336946459	4173.25135005	1388.85680374	True	
0.898645393851	2.54654785498	9.35476183948	5.41069587302	-2.51402877457	-0.833327482767	-0.286594969203	1.0486591169	4307.9231256	1319.41396356	False	
0.596148298425	3.64459255866	9.61684848746	7.21048128724	-2.41486704753	-0.461230823695	-0.597834137183	2.24385631053	4730.21163946	1319.41396356	True	
2.05720694353	8.08743668122	7.40597631347	7.00891511148	-2.32101153747	0.121399672067	0.707763939801	-0.740352314769	4073.77029766	1253.44326538	True	
0.501998691157	3.51469575367	8.62055831575	7.49430772402	-2.39466178829	-0.476685448328	-0.287767767332	-0.224429464447	4586.07198392	1190.77110211	True	
1.47092614739	6.69118215225	2.72217795955	4.91634036866	-2.59586132864	-0.406409517056	1.05996364895	-0.503145895276	5621.20466736	1131.23254701	True	
1.96059558079	6.8569934145	4.22139043365	6.75800390215	-2.22303240254	-0.656553295418	1.41277541015	-0.375047758652	4804.01285468	1074.67091965	True	
2.21465025089	9.11842732644	6.45653689434	7.14478808046	-2.31802177748	-0.652346393576	0.777483820563	0.166331029884	6043.33368476	1020.93737367	True	
0.43547817233	1.57935515474	4.26335437147	5.45774866527	-2.44794790853	-0.211897079984	-0.116561267668	-0.641811469164	2985.22717333	969.890504988	True	
0.959864699088	7.4318279839	9.98996167754	6.67087017868	-2.62017919119	-0.243650097566	0.792090218133	-0.76686794131	4183.3504629	960.191599939	True	
1.94748335475	8.04982715784	4.22285523095	4.68787549858	-2.4672144861	-0.347000129597	-0.573927052694	0.126013605149	4742.54960243	950.589683939	True	
0.200562834519	1.67698376588	4.43753657612	6.07142658146	-2.45233054186	-0.486512031687	-0.482725209304	3.53754754903	2952.27085387	941.0837871	True	
0.463614158566	3.15229430071	7.91328499526	5.36835252991	-2.37805236518	-0.841389744598	1.62112312089	3.35997529551	4168.74438292	931.672949229	True	
2.06509228034	8.36600899034	4.86429077621	6.62201322558	-2.48469539099	-0.789374187661	0.667346650006	3.12425446039	3873.64535192	922.356219737	True	
0.930438215076	5.45654793503	2.87476648975	4.65851897997	-2.3980565743	-0.805800014113	1.17934546328	2.36129932812	4499.06246681	913.132657539	False	
1.14903949514	6.89490908227	-0.998183143969	3.62967026141	-2.33611534493	-0.773945544495	1.63388817564	0.331577475908	6584.79932472	913.132657539	True	
1.44070494211	7.92569615443	6.27456914207	5.22980370336	-2.39073930111	-0.663759079451	2.11750724674	-0.00642552855598	6121.86244396	904.001330964	True	
1.42088633015	3.56913917477	1.16513583769	6.88857672432	-2.27083111224	-0.847584579271	0.950384786735	1.79968044518	4641.7798725	894.961317654	True	
0.401611603448	8.04702290967	-1.74103723524	6.77515293019	-2.39784737251	-0.841730458551	1.00316512663	3.34318793489	3521.83230719	886.011704478	True	
0.564469976166	2.21450372725	4.61699878132	5.45576595376	-2.27168647269	-0.867264562607	0.916896721864	1.08264874389	2988.71100056	877.151587433	False	
2.05798529009	-1.10885540695	8.14093601069	4.12919466273	-2.55274260013	-0.830039123834	0.845182825511	2.5070941809	5268.25376905	877.151587433	True	
2.79364535328	7.25653966825	1.18147302153	5.00075511047	-1.93049023364	-0.889854831029	0.139233173945	2.78651528204	4863.84626936	868.380071558	True	
2.41070142585	6.93573095806	3.42379913254	5.96627268234	-2.38178689073	-0.833120959432	0.843675705244	2.16109592952	3294.28373422	859.696270843	True	
0.242341922514	0.439341565654	0.303324764769	4.4542446259	-1.63447111729	-0.333251241411	-0.414820830706	0.477302300357	4068.88125676	851.099308134	True	
0.00550798527006	0.0177353866092	2.72600758172	5.51521284796	-2.30336751181	2.13482007609	-0.471631532278	0.717806376935	4495.57401582	842.588315053	True	
0.436147046859	1.84547994222	6.46793983774	7.20042208468	-2.33931930535	1.65999001961	0.872260410484	-0.76515247249	6478.23111235	834.162431903	True	
0.896883476783	1.67726857658	9.10300768122	7.92035650192	-2.39506448976	2.98143816264	0.758636363138	-0.870796420361	5766.58855874	825.820807584	True	
0.432080388611	0.775552669237	1.78059531843	4.88074967438	-2.20022308502	-0.821257242882	1.11481117902	1.16139274568	3098.097353	817.562599508	True	
0.971640615587	5.97891719894	-3.48912183559	5.43090314405	-2.44114148665	-0.623872068274	-0.247235071613	3.71951398745	3189.88901167	809.386973513	True	
1.05392263703	7.35773730095	0.943381085585	4.5860229942	-2.38869972983	-0.593438892578	-0.480369010145	2.9248362902	4296.24187753	801.293103778	True	
1.82943378076	0.7468628734	8.71357580728	5.54085624762	-2.23960899744	-0.754971466351	0.213551850559	2.77401593578	2334.93425094	793.28017274	True	
1.26807632538	1.73867262374	6.51211756459	5.34660461544	-2.47834072682	-0.720020874427	-0.305487045114	2.55543469287	2249.6395577	785.347371012	True	
1.67308490202	8.50968617042	9.14117205447	4.15642252395	-2.4640587239	-0.584830537723	-0.436965730288	0.503121455496	4737.018384	777.493897302	True	
1.92683415402	3.83781634045	1.74571687394	4.43730981487	-2.33069968514	-0.709647891683	-0.374021405468	3.32519512456	3296.96876069	769.718958329	True	
2.87374743441	2.61645556659	4.97530676427	4.35589216095	-1.59025138152	-0.836369145582	0.155818751756	3.82337706097	5049.20089147	762.021768746	True	
2.39242726069	3.82421722107	7.00129202451	6.26899128581	-2.27536138552	-0.857584503685	0.692737440541	2.11136457125	3266.76468443	754.401551058	True	
2.60838367353	1.49886168003	8.70851358403	4.83340654914	-2.17540811546	-0.676365359656	-0.189023252661	3.8800913435	2957.25826479	746.857535548	True	
1.67459757301	2.49441646685	8.95557519753	5.03003729893	-2.45559523724	-0.783008382547	0.364538384165	2.96541815505	2236.00946253	739.388960192	True	
2.72729068376	4.16801531073	6.56369983364	6.73132262842	-2.08956458237	-0.856117888476	0.805646589312	3.25663322406	4140.94333544	731.99507059	False	
2.55976971696	5.04165588835	7.07946198724	5.30745838586	-2.42961828482	-0.321882859192	-0.724385015478	3.6980073031	3787.2542746	731.99507059	True	
2.12625774621	1.49447633715	7.26464228448	4.02465145784	-2.45495728208	-0.714882521721	0.225293122453	0.396310241021	3614.55502791	724.675119885	True	
1.368870707	4.36046494023	6.23527759728	6.88980915866	-2.43421040877	-0.238852303774	-0.492115506906	-0.239576595167	3550.13886444	717.428368686	True	
1.97712926496	6.67174629615	9.18290198217	7.39796872344	-2.33729317452	-0.049440145934	-0.130664548509	-0.576756954598	4865.73070854	710.254084999	True	
2.7995610463	1.53802499467	7.69207068125	4.16251512793	-2.55758109571	-0.755757605107	-0.186044802954	2.38537432125	5377.03466782	703.151544149	False	
1.51347458416	2.2451415202	9.16799905723	6.08581879245	-2.00913794807	-0.765125162894	0.245196355973	3.4968716323	4724.27920432	703.151544149	True	
1.74872147256	9.03802960917	0.205714902891	6.34144393324	-2.39133781432	-0.842708159944	0.768530532961	2.11130756284	3297.4907231	696.120028707	True	
2.14651598885	4.57621221855	3.99448088024	4.86971823866	-2.4046035823	-0.356396768499	-0.629903067011	2.96632388741	3428.29490419	689.15882842	True	
1.78025330192	9.74119161147	-0.510028103913	4.65958625835	-2.46385900912	-0.651666029669	-0.295985601646	1.17164310865	3941.03688289	682.267240136	True	
1.4271618862	1.68250602362	8.29812146737	4.30940088321	-2.3545602972	-0.729104031591	-0.301108020174	0.915258313009	2878.24714759	675.444567735	True	
0.519531002886	5.07843075035	7.34166416271	5.94552576617	-2.45280123608	-0.665567719534	-0.0867798158662	2.22153935824	3519.38178324	668.690122057	True	
2.00918081598	2.33005483036	6.51491312939	5.64738996095	-2.24567597078	-0.749886887995	0.430241777616	-0.085863287966	2238.85375341	662.003220837	True	
2.08304786259	3.73851865653	5.83126590782	5.74198185624	-2.34493021445	-0.705019491924	-0.177417923158	0.125737275885	2458.2835685	655.383188628	True	
1.84200695925	2.50750794155	7.66254235094	7.99369362433	-2.45508954113	0.332099151857	0.368430560853	-0.846110106053	4311.48276701	648.829356742	True	
0.422638621674	5.29856351003	4.90137975604	5.87866645826	-2.53193631484	-0.757758791967	0.989553007909	0.0639099308799	3182.80369012	642.341063175	True	
0.810098737554	2.49384685476	5.8182648098	5.91518727518	-2.51749795341	-0.598447906241	-0.169472617488	-0.22954876916	2186.54956316	635.917652543	True	
0.347919816831	1.76971855047	4.76112509052	5.35761347584	-2.40292440203	-0.787397599088	0.481504859148	2.22770417065	1707.53742406	629.558476018	True	
0.41413298115	0.641636203383	6.99328624019	4.52369625588	-2.27876540426	-0.691248193821	0.0877733664455	3.08072938629	3181.843633	623.262891257	True	
0.0211527950645	2.59682504347	-4.24608771731	5.88489604412	-2.25986607407	-0.746215441494	0.0276525035805	3.2150279798	2345.27652172	617.030262345	False	
0.358998052753	3.24899469733	-3.38511096621	6.45154135896	-2.5197506032	-0.547043903265	-0.520180802591	3.44526149464	3991.22312603	617.030262345	True	
0.0900312158757	2.04868199888	-0.815981871825	5.29196969291	-2.41254552323	-0.827063497603	0.202762805124	3.2982002684	2055.5750175	610.859959721	True	
0.857378270737	9.04503995196	-3.4443310251	5.45209771583	-2.6808212515	-0.659077342366	-0.26550261908	3.84314205318	5179.88075127	604.751360124	True	
0.871498178065	8.94441582182	-6.57995657705	4.91634196649	-2.5080163933	-0.774770049079	0.426350013753	2.74929131777	5669.64523322	598.703846523	True	
1.15150370514	7.6981328042	-4.34220696832	5.65472815251	-2.36223789729	-0.51353495987	-0.578006931162	3.31041102969	3861.36766229	592.716808058	True	
1.11600793289	3.94733154188	3.48953722666	5.92647445948	-2.48719266232	-0.805506513907	0.754603161079	1.17258011733	2229.13179211	586.789639977	True	
1.62057867671	3.85992142122	3.65894551481	5.69129635795	-2.46939387024	-0.801543288136	0.715052057733	3.41929599163	2405.19970832	580.921743577	True	
1.66156149274	3.66215858508	9.14898363441	6.16218025676	-2.36408677881	-0.675211854335	-0.192165850637	3.19820988937	2566.46864135	575.112526142	True	
1.04098490821	2.43057991084	6.29933991145	6.80823046976	-2.48292953817	-0.901545367967	1.32292993767	2.5201039164	3696.46785389	569.36140088	True	
1.19432613915	1.48763247258	5.0916581698	5.37187326722	-2.48518932817	-0.836366803739	0.984360981423	2.20405773403	2681.4451913	563.667786871	True	
1.92294031923	0.780579664347	7.97125293308	5.02837787482	-2.15762040158	-0.829787237247	-0.104629858057	3.13258588039	4519.9540853	558.031109003	True	
0.721303121183	-0.308158070828	8.05300884817	5.74689867868	-2.22440305493	-0.718224715834	1.16341187218	-0.310740718693	2696.26919925	552.450797913	True	
1.1018392526	5.20047182408	4.17363793447	5.77467714507	-2.55371158449	-0.823438950947	0.970788194974	0.471258953267	3229.55415852	546.926289933	True	
0.658095473827	3.13817778537	9.97657157681	5.83985015216	-2.4462781742	-0.625559116721	-0.169651082336	0.593382753135	2566.25301152	541.457027034	True	
1.03552545326	3.5216326108	5.61223999178	6.69224592706	-2.40873699456	-0.305496216863	-0.603063651237	1.52551436035	3683.65521561	536.042456764	True	
0.913346621756	-1.429510281	8.196210985	5.09584166944	-2.52656794528	-0.825519520434	0.887717786019	1.621872143	2764.12734763	530.682032196	True	
0.121945489673	1.55202430257	3.73692460721	5.92101063995	-2.3879293871	-0.471810456645	0.39623830655	-0.355124874045	2696.4660043	525.375211874	False	
1.84153277702	0.557527682382	6.38537413331	3.93313414423	-2.24712581425	-0.645556004322	-0.156396262127	0.732086617871	3426.15469425	525.375211874	True	
1.71812665405	2.45052575189	4.7154374412	5.32854513326	-2.44668405397	-0.763281280786	0.720601728918	1.15241021243	2822.32957123	520.121459755	True	
2.19803615612	1.52863675601	9.05737063215	6.67292611561	-2.37053210894	-0.489421542836	1.50270072972	-0.552533236476	2735.99542789	514.920245158	True	
2.91219887708	7.61728888637	8.539651554	6.7565164356	-2.51684332868	0.254678819901	-0.423893972603	-0.486205268983	5174.57833363	509.771042706	True	
1.16826569394	-0.946566787793	6.52828273083	3.68241641922	-2.3855222192	0.131008602282	-0.254451667412	0.98784617631	4416.94085433	504.673332279	True	
0.200982227839	4.62303624348	8.37255879757	7.34308578763	-2.46108598448	-0.887930679587	1.8547656401	1.76132064788	5082.02443983	499.626598956	True	
1.05473537552	5.61289395409	7.32334595373	6.29309255727	-2.43463010719	-0.806701389935	1.31658620845	2.07284216105	3398.84293226	494.630332967	True	
1.04028457885	8.08342445489	7.4590160465	5.3541772215	-2.50972304734	-0.790082077657	0.192872278793	3.9206750748	3195.23505071	489.684029637	True	
2.56890636162	3.88361945856	4.20956568734	5.24372651535	-2.51125249587	-0.814240240301	0.83727306477	2.57680524168	4310.44020922	484.787189341	True	
1.10880468412	4.04706888472	2.92700855253	4.9652043943	-2.52152388522	-0.626640373684	-0.192237991052	0.356145535673	2845.43551043	479.939317447	True	
0.476098217734	-1.7910099954	9.16765616516	5.645636744	-2.29712099064	-0.801513910145	1.03665857684	0.574121699698	2293.00934607	475.139924273	True	
0.550062291523	0.591719182898	7.49469047	6.1745757458	-2.36306146957	-0.811647847235	1.10228575802	0.608271215368	1775.85483634	470.38852503	False	
1.20067276908	1.59240435137	9.89077431578	4.98048108982	-2.47177187592	-0.713920518874	-0.115649521217	0.903249651368	1645.99450711	470.38852503	True	
1.06132407033	4.16672550702	1.07565069031	6.18683020997	-2.40430774686	-0.845565238806	0.757878507627	1.19079053331	3106.97651732	465.68463978	True	
0.770075557279	6.55519230128	1.54854209665	6.51596382567	-2.55630089117	-0.664608168752	-0.280322091182	1.24690917017	3954.54298187	461.027793382	True	
2.01156939584	4.6309680712	4.89357836628	5.00311200935	-2.38885477592	-0.78074387993	0.0438355412235	3.37146431572	2627.17148292	456.417515448	True	
1.9170234125	7.1413958618	-1.4840374928	5.43972968024	-2.43480397972	-0.791832561383	0.0655162903468	2.51902035359	2707.3884216	451.853340294	True	
2.96597395491	9.1584468565	-0.835732744265	6.58061712348	-1.97213472169	-0.793029061163	1.00716403365	3.8787082368	4794.75063662	447.334806891	True	
1.65663363091	5.76075212497	-8.1006328481	5.22338514187	-2.30676034668	-0.828715226909	1.28955740103	3.88759065534	4356.33010582	442.861458822	True	
1.35003168093	8.24919162401	-4.38533475657	5.56160880496	-2.42280704251	-0.845107715622	0.316948468863	3.95349199336	2935.34506216	438.432844234	True	
0.502794956189	4.83008944479	0.871352885293	7.23159226113	-2.4902317096	-0.828434916352	0.755256891494	3.5680042841	3668.09037596	434.048515791	True	
1.53091367785	7.43852826203	3.26157436459	6.37178407764	-2.25990210738	-0.106288147189	-0.685372772314	2.63539373695	6101.82120147	429.708030634	True	
1.64778870231	7.69823200923	1.47496003368	6.23419722892	-2.42453168786	-0.842765588729	0.35373519295	1.49129441863	3197.89095639	425.410950327	True	
1.72275270949	3.29849346265	4.31956237454	5.0443254172	-2.4221871628	-0.508771453803	-0.608583209682	1.2696953796	2628.90565959	421.156840824	True	
1.58133046231	2.73441340504	4.08479495636	6.10897346379	-2.45780979369	-0.0787599417596	-0.044066659063	-0.565055343947	3551.42310326	416.945272416	True	
0.490916192301	1.58159826931	4.58280873914	6.6585407304	-2.38170312784	-0.404893126972	1.22291304918	-0.61843395356	2491.37749642	412.775819692	True	
0.547702854452	1.30776120469	8.26495759236	5.71069687213	-2.39488263369	-0.730589528431	0.0661717002554	0.759058462056	1626.05336806	408.648061495	True	
0.858795794816	1.85387488431	5.06429810364	5.50146815659	-2.32495209599	-0.730555173197	0.0752971011639	1.55492533925	1611.30968358	404.56158088	True	
0.502954870291	3.28345401082	7.92983516749	5.41291523249	-2.31649570874	-0.609725078244	-0.409738980483	1.22298588637	3186.69751533	400.515965071	True	
0.16073038798	2.95935644244	2.08436262157	5.90802413903	-2.39699166589	-0.840349502831	0.54865606775	2.32861061028	2086.03579928	396.51080542	True	
0.432981489958	2.03117089176	1.13476133328	5.68546635486	-2.4981684775	-0.830456433683	0.253318275527	2.39210759632	2400.90962518	392.545697366	False	
0.364465656926	2.28959356653	0.493188187575	6.17007756838	-2.31774832959	-0.807477941315	0.722965167467	1.70351656344	2107.48681051	392.545697366	True	
1.23086641314	0.820737049359	8.1236362445	4.9477237306	-2.41203147002	-0.762885294251	0.0795343803382	3.13093038453	1493.02057697	388.620240392	True	
1.86636598851	2.67062996729	9.42589704394	5.4133457989	-2.18671273222	-0.784641549554	0.317507954582	3.13869452567	2963.59222949	384.734037988	True	
1.57397188751	0.77255268026	9.63453284819	5.59382925496	-2.37327947619	-0.88031036804	0.622589867913	3.56941993907	2336.72841179	380.886697608	True	
1.31191606221	1.82840714495	5.62665057109	5.38542943276	-2.48701119117	-0.735282682921	0.094523910132	3.66697418954	1797.32213405	377.077830632	True	
1.02589378025	1.7662417309	6.00859389239	5.21203126909	-2.33906880147	-0.806521891299	0.558402210078	3.15713104021	1905.30265306	373.307052326	True	
2.07576024252	2.97963801507	3.55504110504	4.78857175197	-2.30490675396	-0.781337806108	0.183949440482	2.68108203545	2672.96366231	369.573981803	True	
2.43997430318	5.16794281576	5.84708863234	6.43653653693	-2.27845121474	-0.815593135175	0.770982378666	2.03739905797	3454.98404398	365.878241985	True	
1.0824474884	0.101645265992	7.53239950734	4.70629901925	-2.36641913605	-0.753840072649	0.0133564538243	1.0038694241	2192.21344486	362.219459565	True	
0.938419010683	1.51565038175	4.25941581451	5.34465392565	-2.28422128887	-0.51050015905	-0.531045065963	1.57353950873	3115.56732067	358.597264969	True	
0.459495253972	1.54171154803	3.94511942643	6.05337965104	-2.3379710182	-0.830971213726	0.439562902517	3.35024956138	1891.91132626	355.01129232	True	
0.22214802609	2.1080479691	7.21035673855	6.01686577437	-2.59067547004	-0.810457350422	0.250392596115	3.44561321013	2607.2038584	351.461179396	True	
0.868652727176	0.0210953219651	8.99351558669	5.76679503499	-2.50714078226	-0.765108941426	0.992265749745	3.95189985536	2083.85095501	347.946567602	True	
0.531692074486	-0.38833949712	9.31487010157	5.43398200641	-2.59885876976	-0.871426150556	0.686656882914	3.23947004865	3098.29738817	344.467101926	True	
0.962441439629	1.5438859647	8.38948878079	5.70387261708	-2.32485942177	-0.79747017424	0.168367631131	3.31433138942	1756.19994991	341.022430907	True	
0.949840501595	1.9952310046	7.25247382977	5.60506616133	-2.35671398901	-0.8701649518	0.427815923771	2.2643167606	2395.35668208	337.612206598	False	
0.530789543387	1.299608666	7.73670357033	5.6718103648	-2.39564036901	-0.645276138056	-0.227897758916	0.936681085972	1943.05533533	337.612206598	True	
0.465637119857	1.8673783266	5.72203015186	6.48066228951	-2.50215715333	-0.804936005029	0.56367527971	0.307526440536	2124.27863692	334.236084532	True	
0.63216443159	1.7485672566	4.83239543272	6.03151306894	-2.2729170618	-0.707894945277	0.646306185314	-0.039766075935	2011.36927611	330.893723687	True	
1.04817567055	1.7278694817	7.66780840028	6.16667627862	-2.55688227787	-0.831954355884	0.51598130415	1.2541789208	2343.41568949	327.58478645	True	
0.990741535211	1.40123596258	9.0553833076	6.58184011655	-2.44800620304	-0.508228282832	0.229077769388	-0.370158420378	2079.38510126	324.308938585	True	
1.56828729338	1.86613751323	9.64872206799	7.07638803727	-2.46507719381	0.402178016685	1.07047340717	-0.802320889333	2099.10979829	321.0658492	True	
1.27717938681	1.52851700996	5.50088266088	5.36748556304	-2.42472993712	-0.58612957316	0.193232820825	-0.432962629111	1922.70706227	317.855190708	True	
1.11620331434	2.26195782225	7.2325842627	5.897824195	-2.5530967773	-0.667623929729	0.356759231243	-0.059742768761	2160.0378344	314.6766388	True	
0.42833609491	3.25832903518	6.93551437931	6.31335824775	-2.44100235753	-0.769665617989	0.305946992631	0.419370500655	2330.58914393	311.529872412	True	
0.468028545542	-1.00423042296	6.26449274212	4.3535828681	-2.3731461176	-0.712436418316	0.559694651769	1.65681072957	2712.85750279	308.414573688	True	
0.82149707546	0.744179237059	7.92216109193	4.68717561347	-2.37393178123	-0.603960933606	-0.299569440657	1.8765821374	2046.36501162	305.330427951	True	
1.18018968676	0.405430097382	7.92055405234	5.45255520626	-2.3715595189	-0.732128782882	0.206970494939	2.24670092707	1703.50538572	302.277123672	True	
0.354610214705	2.16947465728	7.57186444046	6.13076684025	-2.31233887817	-0.821241546593	0.513786831921	3.09696465667	2611.15256352	299.254352435	True	
1.76732913723	1.98036470606	8.37327404554	5.36975520786	-2.48923867639	-0.733952913597	-0.0642961024525	2.68838970572	1838.60046201	296.261808911	True	
1.11345565472	0.751770433358	9.80224835137	6.22984216184	-2.42494093609	-0.769040351944	0.925086841103	3.46066982996	1984.31080349	293.299190822	True	
0.901269562348	1.02923174354	5.92032133352	4.5230657854	-2.42188165404	-0.752585179659	-0.0243687637463	3.60946480838	1898.88081524	290.366198914	True	
0.0651972514498	1.35822228626	6.41993992324	5.94453032359	-2.3955960071	-0.779569597279	0.433681582054	3.33247748357	1784.79007486	287.462536924	True	
0.584085790958	-0.591601243174	9.79719800754	5.95419672941	-2.37479968824	-0.861811007281	1.15854923965	3.29167643672	1981.62590361	284.587911555	True	
0.300892562837	3.16025408917	2.26873173355	6.20168440369	-2.37083983085	-0.776602959337	0.00853528930594	2.33841497145	2218.81685547	281.74203244	True	
0.835735721698	4.01169898669	2.36594471444	6.63527900434	-2.42915587465	-0.791742852589	0.860490910174	3.99769298357	2723.59197717	278.924612115	False	
1.29273372911	5.68272584439	2.60930836442	6.11940623773	-2.58964142448	-0.723270822863	0.0474491678303	3.66359423471	3555.24379936	278.924612115	True	
1.47250082479	3.65758466539	3.47432209187	6.24601667687	-2.41651088242	-0.703305248185	-0.13090807995	2.08869486133	2459.57526954	276.135365994	True	
1.618118096	2.14691378843	9.28284217401	5.52113374227	-2.20465589938	-0.752300257607	0.163349893735	1.78397186805	2559.20293958	273.374012334	True	
0.265888501078	0.225767804776	6.12290011151	5.85051902413	-2.28041750945	-0.788346790945	0.774934170508	2.14960093368	2070.02535297	270.640272211	True	
0.117914504255	2.06431796498	6.85546931553	6.53804336097	-2.58215070991	-0.727056718397	0.081072226823	2.27982612964	3219.92537773	267.933869489	True	
0.65791497332	3.85342927759	2.09039106966	5.23224521476	-2.38912713812	-0.85136878037	0.159601314363	2.52825594968	2587.4434446	265.254530794	True	
0.151448651713	0.799653479944	5.00925491413	5.08372332661	-2.37014605233	-0.791500706245	0.192770486658	1.09794868326	1701.40612661	262.601985486	True	
0.352603927255	3.01240391962	3.92694811891	6.07446385382	-2.43173617304	-0.768228359415	0.00279227459346	2.16814883902	1896.86057972	259.975965631	True	
0.205205491657	2.00197093029	6.5952349364	5.27865554377	-2.56686052379	-0.788190695635	0.337751320055	2.4775618592	2410.89341738	257.376205975	True	
0.435380728149	-1.17008008072	7.9885897561	5.0719548123	-2.35377472305	-0.734517931301	0.710133269499	2.15018915117	1937.31473202	254.802443915	True	
0.0529242077691	-0.637131053171	7.23127793513	5.29992092956	-2.48607013388	-0.847466492056	1.07745228685	1.41930066399	2005.22538165	252.254419476	True	
0.033797015631	1.89184827467	4.67075737919	5.21002288609	-2.38954194236	-0.65587301494	0.570526294933	-0.222978191534	2415.15202933	249.731875281	True	
0.896994784675	-0.0363335250991	9.00573202845	6.21977498101	-2.40095218904	-0.258693215052	0.597576759282	-0.7077572453	2159.7793584	247.234556528	True	
1.35723149105	2.255358802	8.48045536492	6.89798730112	-2.41271917469	-0.132429934005	0.851334659075	-0.708509392245	1640.36208095	244.762210963	True	
1.05984463615	0.960937370657	9.38503461646	6.15262825149	-2.35897439614	-0.765913191581	0.46597142489	0.409852336055	1628.19042436	242.314588853	True	
1.26005009638	3.47135067281	4.50574830356	5.53085753841	-2.50516043533	-0.606537516878	-0.373243268109	0.84498100915	2179.56536415	239.891442965	True	
1.53350205359	3.05378593084	4.84134918819	5.52695491549	-2.41913561829	-0.725613073427	0.168100860471	0.76846069497	1912.36845242	237.492528535	True	
1.6137196409	1.16572732678	8.9347698266	5.88270883092	-2.4313683268	-0.617799540404	0.262542142932	-0.402546383789	1897.29179312	235.11760325	True	
2.26792771204	6.723627105	9.42224682503	7.39840522056	-2.47640083891	0.632571348379	1.01666548732	-0.802935441837	3513.36638977	232.766427217	True	
1.43991364323	2.68484295167	8.16908955704	9.23396919847	-2.38707385575	0.887753593794	1.85061796674	-0.781190845195	2754.14509946	230.438762945	True	
0.266776618779	2.63858382866	9.55674181939	9.3144863344	-2.4275271616	0.880887577469	2.29051721342	-0.844117987466	2739.23385635	228.134375316	True	
0.922456289394	4.98175068619	9.80010687698	7.36795869219	-2.49661193986	-0.187706741197	0.661895387905	-0.743708190847	2782.28900372	225.853031563	True	
0.80064470035	0.539823132068	8.80309982686	6.09542064063	-2.35099163674	-0.684850396781	0.755182655337	-0.299332717103	1639.61920276	223.594501247	True	
0.678120644013	1.39214942322	9.61528763604	5.63999605966	-2.41839495538	-0.668209110158	0.313889939802	-0.012282181048	1674.21101173	221.358556234	True	
0.125557226721	1.04778702446	9.83390903355	5.86483980805	-2.38066187122	-0.694692877222	0.289994940744	0.129983080419	2008.69834663	219.144970672	True	
0.247488495567	1.03903615036	9.08647802858	5.50014194627	-2.50219423206	-0.747912140499	0.0648148172655	1.85647730497	1754.94282179	216.953520965	True	
1.10845387785	1.49314238127	9.00110382911	4.89299844395	-2.43408705114	-0.784242515937	0.0103180530681	3.20648584222	1741.17804469	214.783985756	True	
0.966177334104	1.91037168619	8.11728518719	5.60564156521	-2.52627614535	-0.801173737129	0.107868359771	3.52466702892	1893.77949239	212.636145898	True	
0.998168955811	-0.101534682528	8.36535871476	6.32345713641	-2.46782047574	-0.853034108633	0.921071255983	3.32170066156	2524.02100736	210.509784439	True	
1.28673278061	2.3534392656	8.00349918853	6.24234065628	-2.39038500839	-0.694751936349	-0.191240499026	2.27558646174	2148.30600796	208.404686595	False	
0.929304689104	0.412578759771	8.9798700007	5.33024616145	-2.43079641697	-0.813646424344	0.638837700947	2.93794787733	1457.12559652	208.404686595	True	
1.07755149938	1.13072524555	9.11305330079	5.54923210379	-2.43242585251	-0.725665767923	0.0764675693111	3.50465217536	1471.33538875	206.320639729	True	
1.00768691687	0.763002318423	9.41810348742	6.03393011841	-2.43293872849	-0.772176690355	0.686911216009	3.1376643549	1649.23719067	204.257433332	True	
1.05020422048	0.873551333957	8.35475300358	5.96292487121	-2.4004201198	-0.788478312536	0.466584815611	1.6579385625	1450.19907089	202.214858998	True	
0.613917923283	-0.0686721439754	9.60738758523	4.90385700802	-2.31836283745	-0.507650706897	-0.211660878516	1.91325949696	2555.57666105	200.192710408	True	
0.457266439536	0.810983311255	8.08192539826	6.0991935401	-2.45519582788	-0.803511713903	0.514785111093	1.11041629118	1612.1041401	198.190783304	True	
0.473397838442	0.992104993622	5.18166271144	5.38321070445	-2.46522137534	-0.713556474852	-0.0678267138983	1.88751850597	1729.25796336	196.208875471	True	
0.889746450327	1.71935514066	7.78616401158	5.63492531978	-2.44811661652	-0.819496850628	0.39968560214	2.36065295256	1577.91646337	194.246786716	True	
0.568759146252	0.776782084177	6.76215293466	5.50252586949	-2.47089473043	-0.813048500692	0.396015828978	2.0266178737	1483.51140644	192.304318849	True	
0.798177711345	1.42905299007	7.35094621055	4.86912505053	-2.41200917502	-0.812215351086	0.223540399816	1.62031810481	1942.71389091	190.381275661	True	
0.555818418852	0.773422207377	9.825286251	6.13818024828	-2.46412489214	-0.753266944207	0.472865780909	2.3308597246	1857.01568522	188.477462904	True	
1.08204452154	0.286306993819	9.75349393336	5.65836221301	-2.3500433219	-0.717050798187	0.190632423853	0.413437573294	1811.91456422	186.592688275	True	
1.15464877293	3.50267514453	8.49380390156	6.284514003	-2.40114245562	-0.801564547637	0.210344088179	0.947733258077	2419.61504071	184.726761392	True	
0.188926720909	-1.08543767728	7.55090329324	5.11257780126	-2.47882238472	-0.737173038494	0.464515436239	1.2649879763	1984.58372748	182.879493778	True	
0.597326018965	1.83239847435	5.92482823483	5.61068997682	-2.53985621371	-0.793946373402	0.196030606777	1.29257316852	1867.75709824	181.050698841	True	
1.19405942822	1.48540402128	6.50141237422	5.69858721462	-2.38715596071	-0.787158150037	0.11094758207	3.31221939392	1522.49558419	179.240191852	True	
1.07330419714	1.40660801111	8.78683091411	5.04881780464	-2.48749121683	-0.734925241325	-0.0350436595004	3.85431854357	1601.95813498	177.447789934	False	
0.0365910197666	0.447790669615	8.26771960133	5.15250223154	-2.441194805	-0.742611039555	0.237489625976	3.57495954835	1792.1512376	177.447789934	True	
0.31255724603	-0.401090481437	8.03083602518	4.92328966521	-2.44358046584	-0.818041470702	0.301308581862	1.99650012017	2207.45992847	175.673312034	True	
1.48965018588	2.23357617603	8.43886814281	6.19001046902	-2.41609545746	-0.839410734163	0.473174539254	2.16938369328	2026.62599636	173.916578914	True	
1.25224986367	2.10248500871	7.5856060255	6.43562195858	-2.32323262659	-0.822116160953	0.857751227939	2.69909334044	2203.35177433	172.177413125	True	
0.823150970463	-0.241539865194	9.37566125147	4.95299010205	-2.44119286007	-0.808338243339	0.553953594036	1.46945506868	1574.61004972	170.455638994	True	
1.00988000832	-0.068738369321	7.84691824807	5.83358101961	-2.43578615499	-0.79670010555	1.19966064312	0.336951840337	1874.75236889	168.751082604	True	
1.02167358266	0.960097348481	6.39351332105	5.38286280595	-2.34697951734	-0.754364969687	0.55697650623	0.267098964356	1559.203691	167.063571778	True	
0.982722231282	0.629330183368	8.0375282314	5.84177252335	-2.49112791124	-0.755611936182	0.635259695481	0.53880527183	1662.93314615	165.39293606	True	
1.43163694742	1.51381840013	6.95377473103	5.12631230266	-2.29395564707	-0.674777361686	0.0735653244786	-0.0153586664634	1811.18475206	163.739006699	True	
1.61994997234	2.19945752474	6.60929695293	5.76166032853	-2.41574966675	-0.777444068923	0.276459795062	0.534804988865	1602.59935138	162.101616632	True	
1.42510605705	1.59814935925	8.11517318611	6.10900346061	-2.4247897578	-0.812112685777	0.813268953453	0.799264512295	1783.56569391	160.480600466	True	
1.65288322594	1.70469356686	7.34190052983	5.25589152329	-2.42921131983	-0.791630013519	0.055528203965	1.37725498598	1698.75831181	158.875794461	True	
1.75478433247	1.56079996178	7.19493380684	5.464330673	-2.28861723486	-0.7393883897	0.222320916094	0.509350542377	1770.89707049	157.287036517	True	
1.52080543751	2.02570086196	5.13827554864	5.1243047344	-2.36832268541	-0.641902461455	-0.288413136151	1.2850306836	1822.79376818	155.714166152	True	
1.91086938573	2.05392382918	7.75151023669	5.78287166341	-2.29024079329	-0.846987451185	0.163419441287	1.12139260892	2531.21668459	154.15702449	True	
2.00086880447	2.47897509298	8.42883856846	5.3015234354	-2.42073724938	-0.744753075179	-0.118197834472	1.8211504574	1806.88347079	152.615454245	True	
1.25241454948	2.8937526483	6.7271725974	5.28687641643	-2.41183767441	-0.768819621723	0.181842310314	1.54091259246	1975.47681713	151.089299703	True	
1.16419797701	1.59330860065	5.97936064367	5.84885432396	-2.36576823116	-0.766144633055	0.607393234025	0.53695085838	1589.65000289	149.578406706	True	
1.69696995543	1.09762292114	7.32814765029	5.76240147533	-2.38216500589	-0.720154069947	0.459504545591	0.00971636899393	1829.92308288	148.082622639	True	
1.96110918059	2.53722787217	9.93011352549	4.87028026614	-2.37506661912	-0.770291570096	0.0896055025032	0.541178435775	2149.66520813	146.601796412	True	
1.17588056392	1.47158634829	7.56762710287	5.40444861538	-2.46067033307	-0.714925477124	-0.0668662438277	0.338745257504	1571.10437051	145.135778448	True	
1.14298976071	1.54163153117	8.97983672356	5.51659229496	-2.44190170715	-0.684589462086	0.0916311422329	0.322558098321	1542.1372102	143.684420664	True	
0.674692458348	0.975904620094	8.2088616808	5.301200154	-2.41638955489	-0.750372239607	0.129844703639	1.22602716631	1431.54652347	142.247576457	True	
1.08445477788	0.795701368455	7.59442494579	5.02354092909	-2.34778427083	-0.722906524938	0.100329841069	0.258739819739	1597.53116508	140.825100692	False	
0.467235002799	1.6445531417	7.44132932496	4.95043134429	-2.49922396063	-0.769116826897	0.000132751879425	0.507924753438	2129.05795702	140.825100692	True	
0.900105633912	1.06884925666	9.61462442387	6.09243512529	-2.4283625931	-0.629507228843	0.879681404579	-0.258565240272	1728.03464464	139.416849685	True	
0.184942368212	0.93182994651	8.58141015045	6.29801718494	-2.41551363739	-0.775061762793	0.840292258457	0.418583507603	1901.05712513	138.022681189	True	
0.553455218677	1.60328553968	7.90797826838	5.87147058833	-2.49349400741	-0.799478572508	0.390236509702	0.585258140115	1704.18878493	136.642454377	True	
0.525175416931	0.530098516549	7.39024687939	6.0364820969	-2.42304847207	-0.799538582542	1.03333464502	2.25533579489	1666.32568843	135.276029833	True	
0.636168749505	0.373731593384	9.24700366291	5.20461637266	-2.44037523562	-0.766417219597	0.359919959959	2.3121975776	1442.50207773	133.923269535	True	
1.33393263751	2.17924556715	7.1291515863	5.09606670556	-2.46959182126	-0.69602890094	-0.286232515444	1.78203967515	1815.69948725	132.584036839	True	
0.888623892479	2.46658852571	9.55972009689	5.97347198383	-2.43655061315	-0.781013484467	0.580803619113	0.649869966421	1970.62004743	131.258196471	True	
1.39515305106	0.0511737754337	8.47386762489	5.56426394713	-2.32853223456	-0.806277106275	0.944726914964	1.19371457059	1841.25353142	129.945614506	True	
1.06851369957	0.889890010983	9.78020573322	5.24155276413	-2.44375024877	-0.792454292022	0.195726504372	1.38137633296	1424.81324303	128.646158361	True	
1.23795161635	1.00688314833	7.72706650537	5.47290641346	-2.39118335482	-0.715533836068	0.0470160194221	3.13828050168	1570.37883387	127.359696778	True	
1.49507920999	1.02928323796	8.23750160964	5.77061657525	-2.34588374798	-0.765568588896	0.239530030699	3.15052555461	1674.08509927	126.08609981	True	
0.952395129002	2.37598342654	6.33900066231	5.71318655588	-2.33744369655	-0.768581568473	0.267503215084	3.41152439625	1869.52473976	124.825238812	True	
1.5391896883	2.02101112243	5.0005069332	5.18549824646	-2.36637423937	-0.773673167662	0.0294655939777	2.77380201073	1700.37853188	123.576986424	True	
1.17066206075	1.95789332609	9.64750260431	5.64035658937	-2.38819987461	-0.748380174048	0.0200952070894	3.08268829485	1525.89223629	122.341216559	True	
1.15865983227	1.83938762784	8.93663719584	5.45520867189	-2.4074827398	-0.687915506405	-0.182367224262	2.51043888323	1550.46556266	121.117804394	True	
1.10501130841	2.56191518999	5.8329478405	5.90793409863	-2.34115473481	-0.742254373225	0.0563570674452	1.63837119955	1758.65502686	119.90662635	True	
0.833161572623	1.52095277006	5.14012314663	5.45669100043	-2.43752213138	-0.803201314972	0.181542730474	2.04588720628	1491.82093937	118.707560086	True	
1.0560599539	1.10925288605	8.87809974052	5.56152302981	-2.48022438818	-0.828684947957	0.609316830429	1.30736093921	1651.34168117	117.520484485	True	
1.05570487386	0.419812414215	9.45520366047	5.29428815758	-2.44364621588	-0.759875228985	0.283988566863	0.553006353771	1388.69816793	116.345279641	False	
0.899875906548	1.13135953438	7.02486235493	5.37279748969	-2.41538394626	-0.738620323806	0.0563613148969	0.681648458755	1378.81494948	116.345279641	True	
1.45012065309	1.65300165691	6.2593763516	5.41930669492	-2.43239542392	-0.56438334252	-0.128467694706	0.190334328225	2259.5946103	115.181826844	True	
1.61990817944	2.40484913331	5.85547874166	5.31668274028	-2.33704638256	-0.672003285627	-0.143749533684	0.180457289938	1698.14799128	114.030008576	True	
1.43554908034	1.96413140718	7.94420379224	5.49206402509	-2.42171793358	-0.75737125115	0.340163289726	0.660037624801	1623.23355352	112.88970849	True	
1.87610995438	2.31143541235	7.76928545168	5.63689457009	-2.39085724713	-0.624129528963	0.0631184416541	-0.166771725251	1665.85178018	111.760811405	True	
1.52151000781	1.41960827185	7.37442115542	5.70889951708	-2.42976029198	-0.525460669569	0.140007845571	-0.378829949863	1628.98288481	110.643203291	True	
1.24457678094	2.77606643077	9.4977185381	6.30781007298	-2.45380656311	-0.704458186914	0.286048452515	-0.154387549786	1963.76118274	109.536771258	True	
1.59016424882	1.78812236155	8.04702184609	6.08022987336	-2.34190206351	-0.598635457443	0.531607525211	-0.387530019948	1633.12067493	108.441403545	True	
1.17697310174	0.873205084423	8.14254561611	6.31581428975	-2.39654203847	-0.348353395916	0.716570365885	-0.607979044367	1480.91301177	107.35698951	True	
1.13852541415	1.76833505522	7.91356248585	5.68106231117	-2.39461336294	-0.668649324636	0.162389596359	-0.158162984387	1454.33904095	106.283419615	True	
1.47404261798	1.53389786662	9.07235905636	5.55302038085	-2.38968728663	-0.764799518489	0.321654731307	0.429551193298	1435.37200767	105.220585419	True	
1.4967531048	0.905030553688	9.90277355256	4.84970752593	-2.36525747313	-0.623217773046	-0.168117389817	0.596946151787	1813.05391506	104.168379565	True	
1.81208695479	1.88116120652	8.28235476203	5.58224306501	-2.3143562558	-0.564517764328	0.0268634664118	-0.410701447017	1970.4086702	103.126695769	True	
2.4705377861	2.55202513798	9.12859065142	5.28691266373	-2.30690755318	-0.564956262859	0.0210520479677	-0.361659033473	2196.72361299	102.095428811	True	
1.87603733229	1.7447106835	8.97374278233	5.6560440793	-2.33993987337	-0.710973853851	0.0550392516299	0.466170412512	1723.9903011	101.074474523	True	
1.78242983358	1.8999530208	6.369853835	5.5206896936	-2.31338271531	-0.763269078153	0.083160412037	1.6790573489	1730.45436187	100.063729778	True	
1.32751563408	2.73744963283	5.39731311509	5.3843350143	-2.40155817714	-0.684135023882	-0.296213872237	2.30976809893	1703.9936666	99.0630924801	True	
1.29393443853	0.193321769448	8.48695291502	5.26566194498	-2.34304690703	-0.792923063874	0.482286427553	2.67445051268	1547.14122173	98.0724615553	True	
0.667981996753	1.41896991856	6.38829037827	6.01192385063	-2.36816849209	-0.815959426968	0.741035010627	1.72977467559	1582.4780798	97.0917369398	True	
0.336800477702	-0.405652256355	7.17120256526	5.50068325619	-2.37286851344	-0.800461149106	0.79562396103	2.45288949101	1558.15325039	96.1208195704	True	
0.699999014288	-0.924801218003	9.55453495943	5.60052593605	-2.38605060136	-0.834307138126	0.905991412119	2.69697199799	1653.91129003	95.1596113747	False	
0.462850018703	-1.12087870517	9.43985506889	5.51762018821	-2.42227792117	-0.80789531674	0.907114205017	2.58659802891	1500.97754328	95.1596113747	True	
0.359000029588	-1.25864511416	8.78663025833	5.26475698779	-2.39393790239	-0.804477634989	0.869653108084	3.15578468083	1569.58475168	94.2080152609	True	
0.289431574513	0.610350491178	8.55514388416	5.19815125493	-2.40338275619	-0.768581028047	0.0288064979098	2.58006767754	1851.31277807	93.2659351083	False	
0.817419953133	0.922186534902	8.50380281235	5.32705293893	-2.45711787648	-0.769283970201	0.295754006071	2.47250020887	1409.50449402	93.2659351083	True	
1.15554921999	1.48784968227	7.90984839202	5.19930817786	-2.42306696445	-0.780020102424	0.186824750944	2.17232901512	1446.3967346	92.3332757572	True	
0.86394164579	0.87512584818	8.91387988443	5.97036691531	-2.473912243	-0.80554925567	0.750547922163	1.5717266928	1560.80774059	91.4099429997	True	
1.03481495824	0.580987141807	8.78042751299	5.51216001065	-2.42415573323	-0.736479768861	0.141216399492	1.87235657577	1519.18935017	90.4958435697	True	
0.825415948124	0.941101985413	8.19551975133	5.49654776166	-2.41848339348	-0.766975660129	0.247729397416	2.27618899781	1344.22223986	89.590885134	True	
0.958995220263	1.09691775301	8.69411660873	5.64467413451	-2.43907797239	-0.789935821175	0.26090104538	1.6448541151	1371.77395296	88.6949762826	True	
0.986596721378	0.823959415836	8.47616680919	5.81615605648	-2.440926408	-0.741585502945	0.0221587520751	1.52354392677	1878.25947874	87.8080265198	True	
0.859467640274	-0.0218332783081	8.49860926233	5.7700478721	-2.38210277825	-0.795565546611	0.913065220015	2.12727972419	1526.40519277	86.9299462546	True	
0.861951215268	0.889342337348	9.38222832882	5.41342327441	-2.52013191944	-0.781228197284	0.418147439719	1.9392648621	1627.57191659	86.0606467921	True	
0.41617832854	1.85673505444	9.29248753766	6.2626607577	-2.42697102914	-0.7805683541	0.657387425428	1.38035845026	2094.41148053	85.2000403241	True	
0.792988982121	-0.88881355434	8.61583263771	4.87777441991	-2.46578933242	-0.765446643156	0.72319052179	1.84636633534	1767.65269448	84.3480399209	True	
1.1645269362	0.762710532921	9.04700766555	5.70397343377	-2.41648808399	-0.793999615466	0.468647080843	2.18689639098	1363.98854583	83.5045595217	True	
1.01389424059	-0.949382308349	9.63762781494	5.29061551694	-2.36810194695	-0.750062459275	0.894410923677	2.10743547513	1899.33091099	82.6695139265	True	
0.372441733399	0.654628613935	7.50561441331	5.75536820057	-2.42339670888	-0.76168175595	0.570047057984	0.949481826018	1569.12792721	81.8428187872	True	
0.494446060942	1.56582002045	6.08473673586	6.21847278388	-2.39068612124	-0.458012907039	0.357293911077	-0.517314550505	1593.73332854	81.0243905993	True	
0.114681351947	1.23519674886	5.66649204974	5.61043609287	-2.42359431054	-0.734484251254	0.578902272655	-0.0638518891511	1612.37332873	80.2141466934	True	
0.139409680742	-0.0135914158044	5.78988880541	5.77175553805	-2.36623564075	-0.776638815239	1.11435655264	-0.0336143213984	2053.57457357	79.4120052264	True	
0.385855287246	0.00984945335206	7.77074326846	5.61706810075	-2.43109598834	-0.716392453094	0.701265530107	0.0193177803431	1437.75136812	78.6178851742	True	
0.424735983941	1.33792628638	7.06195864182	6.04377305998	-2.52580847419	-0.447569123904	0.910885329122	-0.553653870619	1941.86034393	77.8317063224	True	
0.92212939081	0.416096805305	7.17066071165	5.61777434397	-2.40789867007	-0.681172074396	0.710787988723	-0.309574422639	1556.0111088	77.0533892592	True	
0.764813608927	0.475037708031	7.68011312147	5.77110728037	-2.37280955888	-0.764336802209	0.509509897797	0.237146679788	1424.73207209	76.2828553666	True	
0.818275219605	1.36564933415	7.29818814873	5.85520688219	-2.51407688423	-0.820163218377	0.316552731421	0.8046949657	1908.28613192	75.5200268129	True	
1.04931687527	-0.263710011587	8.39675232906	5.10036317347	-2.34299826456	-0.770750989759	0.701484681242	0.582395672263	1693.61613985	74.7648265448	True	
1.1030553305	0.966224475571	7.98079054639	5.47655552803	-2.37379509318	-0.733283247665	0.146016020094	0.901962496285	1432.84026688	74.0171782794	True	
1.02122667664	1.60499497688	8.22503023601	5.44557632831	-2.41254867202	-0.772823641707	0.176827839893	1.17303811969	1417.77782988	73.2770064966	True	
1.03047437832	1.47107966397	6.93525053256	5.63365857573	-2.42636148382	-0.767852393611	0.299847529949	0.664686392241	1335.56389385	72.5442364316	True	
1.1392092514	0.887053822304	9.88286457524	5.77149521183	-2.44772136428	-0.803588169129	0.647807450189	0.932021718309	1455.1018286	71.8187940673	True	
0.84777831536	0.643845285852	8.53539496843	5.75396807757	-2.43268574363	-0.774851727904	0.623666995341	0.588069797777	1381.1207102	71.1006061266	True	
0.864930759665	1.94401759645	7.9792267467	5.93195586137	-2.45814316118	-0.756913408512	0.224559681832	0.445589653604	1573.39082518	70.3896000653	True	
1.31027001882	1.07989273008	8.88692906243	5.368082135	-2.41515037475	-0.759226651249	0.412812242694	0.448465588767	1429.22286465	69.6857040647	True	
1.59386994292	1.57707106485	9.53373851619	5.90609035502	-2.42549705878	-0.769962524342	0.31737315319	0.181351347622	1645.72451793	68.988847024	True	
1.39828657545	0.568880209958	9.9780114545	5.47112731959	-2.43051897124	-0.766959288293	0.497042816042	0.114442185205	1494.81318398	68.2989585538	True	
1.06928080456	0.89216660935	8.72279813887	5.71267481784	-2.43851562433	-0.699187742228	0.782066690217	-0.173768753254	1510.83713365	67.6159689683	True	
0.988795606563	1.76387392227	9.46433810349	6.21710349315	-2.42430784368	-0.310709709635	0.488570221078	-0.61424925196	1598.67399066	66.9398092786	True	
0.94515858896	1.3062546355	7.69133684456	6.07792191676	-2.44985988694	-0.396802503587	0.394149542418	-0.52900005594	1523.37210218	66.2704111858	True	
1.1463134886	1.24624984508	7.94328775885	5.98883414445	-2.38776554651	-0.43588964002	0.484064765748	-0.52645328378	1460.86373099	65.6077070739	True	
1.34831924057	1.56401789583	7.46512978788	5.66903405488	-2.31823169298	-0.684459114418	0.392905496881	-0.166146627938	1609.92381337	64.9516300032	True	
1.36259181776	1.18186725592	9.11742151776	6.71663115962	-2.47159101481	-0.148981668405	0.680687879042	-0.682278437463	1670.20655121	64.3021137032	True	
0.482134661847	-1.15555648816	9.2817993899	5.43087128303	-2.46954920881	-0.669140104142	0.986748712152	-0.272339487238	1595.65195139	63.6590925661	True	
0.630525753577	0.466963658049	9.65288163038	6.24559592809	-2.47050631113	-0.454259101833	0.966680445525	-0.604151247313	1519.21909531	63.0225016405	True	
0.874764201829	0.436037674917	9.76655400121	5.58780166089	-2.44903952172	-0.726631797795	0.717552198139	-0.173080453301	1511.33201411	62.3922766241	True	
0.746540888128	1.26026437101	8.12900919687	5.85779743657	-2.43623818217	-0.764793815536	0.290748826203	0.639003036733	1435.07003066	61.7683538578	True	
0.923923493691	0.446996378778	9.39813420277	5.58637597115	-2.38438917167	-0.683466213775	0.33926880441	-0.0212767372029	1421.0709467	61.1506703192	True	
1.33630652206	1.26731976103	9.72328269304	5.57520863883	-2.39304710457	-0.721776378063	0.0418637866659	0.582213490813	1439.66122346	60.5391636161	True	
1.18130262945	1.1556990929	9.87011984728	5.5994418613	-2.37512603323	-0.779498057265	0.266124601588	0.800793598818	1384.41539963	59.9337719799	True	
1.05507848852	1.53403906045	7.04271383041	5.46830509451	-2.41969253224	-0.762061782716	0.0434432706653	0.990267491651	1396.45163737	59.3344342601	False	
0.787124448644	0.460285578362	7.87842970139	5.13138343827	-2.43983370159	-0.753239187404	0.175584218583	1.56405733974	1426.12109615	59.3344342601	True	
0.781898496121	0.366284276501	9.84968863315	5.49497402334	-2.4263801574	-0.799917541468	0.498622333692	1.15397304368	1351.5635865	58.7410899175	True	
0.663304103375	0.690071873533	8.14078895938	5.46096920185	-2.45803332677	-0.770409952795	0.524467848764	1.72061331496	1521.97541078	58.1536790183	True	
0.731659334114	-0.343839556715	9.26597688903	5.2484979844	-2.39233893038	-0.769626561762	0.497618761828	1.84190924362	1446.21690275	57.5721422281	True	
0.567093009546	0.621937182194	6.41060513713	5.53102444342	-2.44064240326	-0.806008450019	0.518638268762	1.77843185125	1403.31340339	56.9964208059	False	
0.843387978539	1.26967612751	6.82395021274	5.608345637	-2.46882746759	-0.758760564645	0.219048342437	1.28753682548	1432.62667665	56.9964208059	True	
0.771322759311	1.14048619945	6.00154922421	5.43620966978	-2.39520770253	-0.759453544692	0.176783657106	1.78414977971	1356.43348152	56.4264565978	True	
1.132892429	1.02330487932	7.7474347433	5.36565326962	-2.48197687128	-0.733920680564	-0.0380346888385	2.03418402916	1681.99921991	55.8621920318	True	
0.787222806328	-0.387860192126	9.13359831078	5.32537367503	-2.4080065276	-0.802700876132	0.774128197283	1.48921546452	1432.45218372	55.3035701115	True	
0.805007611578	0.221534651502	8.43763691898	5.55650569321	-2.34605213167	-0.786269650186	0.486074008959	2.18821182514	1480.00456789	54.7505344104	True	
1.0452376847	1.1762886666	8.83316718894	5.12604469982	-2.39824366	-0.736949000689	0.00265640836029	1.89960357763	1438.24365479	54.2030290663	True	
1.04035820072	0.558477764723	7.96260857585	5.74568379827	-2.39014727359	-0.794553370023	0.803201042217	2.06236604133	1515.64155417	53.6609987756	True	
1.1077821711	0.729208687838	7.1824372494	5.3006288089	-2.43480404394	-0.746112781237	0.156949811308	2.16480796657	1494.39831568	53.1243887879	True	
1.00881971185	0.878346927923	8.55785662508	5.58238945321	-2.39123243937	-0.761067647621	0.350198947289	1.95075285909	1414.03379241	52.5931449	True	
1.27889034016	1.29573740206	9.65948798167	5.19060498533	-2.43888321488	-0.768845885748	0.0922620462292	1.92403334689	1400.34332297	52.067213451	True	
1.16706142007	0.942297038851	7.39031026846	5.57428992232	-2.37090642961	-0.792617276872	0.427320844677	1.63727282309	1372.45963814	51.5465413165	True	
1.17463420966	-0.0346785580267	7.84224078028	5.23144343862	-2.36797242895	-0.83116514721	0.533604255821	1.87090040028	1797.46844135	51.0310759033	True	
0.707577547684	0.807792338654	8.1881490784	5.89365554826	-2.46211416042	-0.811117999749	0.616167151202	1.83487920745	1459.40053951	50.5207651443	True	
0.810324672843	0.51069630568	8.14553340255	5.10975615299	-2.41793517195	-0.776618885973	0.259745143263	1.32744477044	1407.87049295	50.0155574928	True	
0.570019840217	1.29502654261	6.88940007781	5.0529362074	-2.44662883446	-0.749781739762	0.0266304245669	1.53351520628	1593.94740113	49.5154019179	True	
0.847249901367	0.68985017609	7.11175313572	5.37799492661	-2.40483660366	-0.796572331428	0.357966281736	1.63641948795	1339.96351788	49.0202478987	True	
1.03572733747	0.388973056129	9.45637453462	5.5963965997	-2.40174983475	-0.802383885163	0.615502024725	1.50288268998	1369.92583638	48.5300454197	False	
1.18659961744	1.13479319515	9.68825953332	5.6166437596	-2.39727248416	-0.775613125244	0.186288194855	1.70932846191	1365.65587921	48.5300454197	True	
0.929747725162	0.802519149381	7.43679315331	5.49169187016	-2.49149961485	-0.779701558318	0.602163508215	1.9394425159	1644.3867569	48.0447449655	True	
0.930287128256	0.509752745191	8.39143613947	5.85812481349	-2.4613270131	-0.824652290964	0.694145282742	2.17761243196	1521.40586716	47.5642975159	True	
1.01338378632	1.06647475209	7.89632494349	5.43185153264	-2.38092688823	-0.793919917871	0.32193211393	1.81286333311	1369.38962628	47.0886545407	True	
1.17909813609	0.715220596377	8.8009377264	5.53349250499	-2.38963133655	-0.769391635602	0.250113547768	1.76953042591	1392.75512021	46.6177679953	True	
1.34242409847	1.44028693142	7.31588223267	5.86069633405	-2.37372004159	-0.817395133511	0.738207043797	1.93582982559	1621.0402625	46.1515903154	True	
1.27148276457	1.13998387453	7.52909026185	5.57336294091	-2.40522072009	-0.797014450898	0.583199097992	2.37036258542	1465.07250779	45.6900744122	True	
1.03101260226	0.232414567287	8.66883987164	5.22804541969	-2.40284616879	-0.799631298213	0.340772691743	2.51833626899	1454.03529039	45.2331736681	True	
1.33050498988	1.15867906242	6.81651517766	5.77344707335	-2.34591065182	-0.785904552267	0.653732765967	2.2794515316	1703.25641497	44.7808419314	True	
1.02087988531	1.15501564039	7.48772012865	5.52538752088	-2.35738553872	-0.77677833627	0.289224012224	1.82469009183	1397.09692687	44.3330335121	True	
1.10766107904	1.47832974283	6.45218035986	5.63030480475	-2.40026587597	-0.796812946835	0.362642471605	1.93887993593	1346.25142189	43.889703177	True	
1.10271079749	1.46034600138	6.17347478578	5.31430470947	-2.4559720902	-0.783764917188	0.164052764235	2.07153260294	1451.2300628	43.4508061452	True	
0.969792101226	0.419115329111	7.61180123685	5.35342693286	-2.40570882488	-0.796399069444	0.604710726433	2.04846302251	1409.51170358	43.0162980838	True	
1.17514557568	0.413066054573	9.96539304729	5.35933883584	-2.43318473973	-0.778513922371	0.441189703007	2.01933617048	1361.30248484	42.5861351029	True	
0.627036265996	0.133532816078	9.07599028487	5.23350969336	-2.44125211364	-0.789266467256	0.592415017983	1.86599765322	1472.8399939	42.1602737519	True	
0.551505358453	0.415711288211	7.1380993351	5.59316555338	-2.43547842771	-0.771393863651	0.489812101658	1.28033747931	1410.16198432	41.7386710144	True	
0.194745792472	0.655317135669	5.86807091129	5.17056770158	-2.40863111573	-0.799280389927	0.399299584608	1.57777504203	1551.60614763	41.3212843042	True	
0.747509598044	1.46436422504	5.21588462033	5.55933011993	-2.44529484091	-0.773148406722	0.184087207557	2.19532089195	1404.52691678	40.9080714612	True	
0.931825949127	1.41946377035	6.75571342106	5.30201844468	-2.43876051138	-0.774845637022	0.186546192326	2.48774277992	1377.86023161	40.4989907466	True	
0.925177983983	1.36784778994	7.19569735468	5.33717783662	-2.47441526898	-0.748794866912	0.0710075704224	2.23456669489	1458.6235191	40.0940008391	True	
1.15383462369	1.27289460551	7.18468278981	5.15872581611	-2.43112901462	-0.773910474511	0.244475559889	2.48405698993	1438.57452307	39.6930608307	True	
0.862175005631	0.657003543406	7.26778774898	5.62449192166	-2.42875240184	-0.807722748363	0.613318349915	2.73422646781	1369.60444379	39.2961302224	True	
0.808779985799	0.333251925108	8.54305978	5.66719470029	-2.42520940748	-0.819461326768	0.737213020054	2.28012339645	1411.85994479	38.9031689202	True	
0.39717406484	1.40077357308	8.07360360108	5.718156359	-2.46950388348	-0.767602768912	0.178103852036	2.2228892687	1606.30590893	38.514137231	True	
0.838497817876	0.907513320518	7.38814835401	5.58670914406	-2.37571929838	-0.810931356359	0.529600798306	2.39612454182	1401.23583894	38.1289958587	True	
0.544881676522	0.116767461625	9.07963190871	5.38047614202	-2.4635089244	-0.791051183548	0.458139738784	2.48568017943	1418.57341598	37.7477059001	True	
0.780807329797	0.97590891629	8.01760552576	5.74463882426	-2.40279632111	-0.801679744408	0.238843064422	1.88058102383	1510.74240151	37.3702288411	False	
0.972794319159	0.162322451169	9.32192310937	5.91654628397	-2.4148759005	-0.791873316128	0.621994048036	1.87929667939	1502.53208629	37.3702288411	True	
1.34271289263	1.25888857517	8.41263424778	5.51123879235	-2.38112519694	-0.767273833636	0.133399313573	1.66747879605	1390.5149146	36.9965265527	True	
1.01742846419	1.06398671453	9.26242360513	5.50385010486	-2.42678875195	-0.781253131118	0.398675511011	1.75919020189	1374.28285683	36.6265612871	True	
1.24029406709	1.12717606424	9.96304773771	5.07872105503	-2.42019080511	-0.742494375602	0.103715739963	1.63222612783	1429.147167	36.2602956743	True	
1.25414264633	1.1231308428	8.5418796855	5.59883030324	-2.44051774647	-0.786599501598	0.324165011177	1.69102580396	1376.99659821	35.8976927175	True	
1.09673008174	1.10259274902	8.40853410434	5.3779891393	-2.43729224907	-0.775340924769	0.0682308358108	1.92122236123	1448.96121453	35.5387157904	True	
1.08722076795	1.30224476362	9.82475564035	5.45556258497	-2.40240452066	-0.74439716267	0.0124202504177	1.63181818679	1394.19376135	35.1833286325	True	
1.1557394926	1.02328055443	8.86528240564	5.50969200384	-2.40383646892	-0.766214369796	0.208528810722	1.73161991155	1335.89574531	34.8314953461	True	
1.33535250431	0.993473283931	9.87552690201	5.43543548421	-2.42636416648	-0.758663153971	0.246971072499	1.0465262935	1356.65610543	34.4831803927	True	
1.30468627593	0.761685277145	9.59357202576	5.5441532726	-2.3849706583	-0.753566577223	0.258357190815	1.18812003392	1431.17995687	34.1383485887	True	
1.40996547864	0.888826096716	9.75812899261	5.24094373533	-2.41332822069	-0.799876753273	0.257459668542	1.12701959873	1456.65694696	33.7969651029	True	
1.24850326381	0.778828979181	9.75191849828	5.50282865893	-2.43387760494	-0.787466130544	0.472662769269	0.868302625546	1364.23445965	33.4589954518	True	
1.18085320245	0.621942872387	9.47197846924	5.16278599892	-2.44413057545	-0.755572836055	0.214220080428	0.534216305153	1413.96787393	33.1244054973	True	
0.869838810435	0.967130457354	8.67909310476	5.80119763601	-2.42863233852	-0.689023873947	0.382176134555	-0.139398312781	1350.18955185	32.7931614423	True	
0.989137988111	0.857995971756	9.69832834965	6.02896688839	-2.42291688166	-0.651639965467	0.647222635007	-0.307971144576	1378.21724477	32.4652298279	True	
0.793880804538	0.445613481043	9.8886036727	5.6105862241	-2.45633758212	-0.631713545163	0.43935414434	-0.278547276654	1382.28652259	32.1405775296	True	
0.783016664495	0.312940518137	9.01747086139	6.27909558431	-2.41956480042	-0.473702752638	0.800205301489	-0.551202225843	1412.9650264	31.8191717543	True	
0.679446446935	0.452910781282	8.82832788539	5.65068098506	-2.46316783281	-0.500784504188	0.613705726359	-0.515951512267	1513.27058317	31.5009800368	True	
0.863114657135	-0.0120603193872	8.15309758069	5.31166994146	-2.40276314712	-0.730454070589	0.606953909274	0.00344266144159	1433.15413944	31.1859702364	True	
0.850190213707	0.543384993916	8.55784960096	5.72524655252	-2.43121490647	-0.509354794343	0.589071755763	-0.506720235734	1417.51035561	30.8741105341	True	
0.951990851639	0.6977797792	9.00080096132	6.00750899026	-2.46276336503	-0.605945669856	0.553290580903	-0.425241051838	1476.77454164	30.5653694287	True	
0.709163478056	0.591986255243	7.56150077187	5.98158723485	-2.42339646187	-0.724989226876	0.88432086059	-0.142375140772	1441.30248864	30.2597157344	True	
0.877442069183	0.198187205798	9.41159303301	5.99669255305	-2.42252379024	-0.611000552913	0.772293348812	-0.351287903565	1385.29976903	29.9571185771	True	
1.004971539	0.773865047868	9.13878227738	6.1543081255	-2.44167968238	-0.410732710377	0.670568893977	-0.580769253709	1378.68285586	29.6575473913	True	
0.941459156366	0.541764776478	9.42052564796	6.12588852026	-2.42971001238	-0.378517513231	0.818546645875	-0.633896826597	1440.29990161	29.3609719174	True	
0.849208873479	1.21619064314	7.33550883994	6.00188677534	-2.44547812538	-0.576736421253	0.485967451842	-0.42874302131	1362.31485724	29.0673621982	True	
1.45412219217	1.4178019552	8.48698977621	5.70791273214	-2.40246172155	-0.676597139762	0.239102533254	-0.185788737675	1443.18594264	28.7766885762	True	
0.885115758283	1.36540220143	7.38255176172	5.87883601245	-2.44638418306	-0.547206366204	0.340783066132	-0.417434481712	1382.48434036	28.4889216905	True	
1.21839350829	0.595086437138	9.75919541496	6.24447503368	-2.45397780043	-0.380823431765	0.691707529221	-0.583066010193	1501.19891455	28.2040324736	True	
1.11276939118	1.57734065573	6.90860446491	5.67528279103	-2.45279957614	-0.679833062261	0.324421180695	-0.116630667736	1390.97465088	27.9219921488	True	
0.788396909077	1.20509574879	8.31452093677	6.06812829263	-2.47125612946	-0.618558733379	0.503236535975	-0.324119537616	1432.51390522	27.6427722274	True	
0.851134374037	0.94203412139	6.37618995877	5.48865667255	-2.38052103475	-0.67647799473	0.498674069512	-0.17478584435	1425.12392447	27.3663445051	True	
0.890070811334	0.987726411174	7.11388527563	5.65666771765	-2.40403801711	-0.696414856971	0.317590737342	-0.0505468430732	1330.83778363	27.09268106	True	
0.634019737191	1.0783665783	6.86713445951	5.55738530863	-2.41739851397	-0.661117555201	0.240169458788	-0.106665783949	1400.9822359	26.8217542494	True	
0.462337425431	1.40486983206	5.91505303817	5.52782022323	-2.43454300633	-0.663222804519	0.234375429142	-0.195624312326	1465.98420053	26.5535367069	True	
0.689682613055	0.527760059785	7.54269419596	5.70198318488	-2.38456488811	-0.687408848939	0.515510686521	-0.185855493889	1386.80713636	26.2880013399	True	
0.691045715736	0.82764291998	7.8861178	5.36720608765	-2.43045341565	-0.718937187261	0.154512986927	0.310279975295	1403.7091448	26.0251213265	True	
0.750853276277	1.42994059187	6.19680013463	5.57809757221	-2.41631600679	-0.784234981224	0.386425096584	0.49850496502	1356.57842083	25.7648701132	True	
0.487450091665	1.33304300829	5.83138221794	5.74877170488	-2.45293917089	-0.764265496449	0.300597299885	0.569129126469	1411.08820038	25.5072214121	False	
0.678093073046	1.07674978608	7.46297826509	5.65922140784	-2.44552463597	-0.736789144635	0.184494748388	0.598531372283	1431.02753345	25.5072214121	True	
0.686931937762	1.1514208729	6.59652073058	5.53754246507	-2.46297723292	-0.771201340735	0.28959270647	0.606862732356	1384.23853395	25.2521491979	True	
0.974779696256	1.18583820708	7.22590285088	5.57869596962	-2.40046121994	-0.769509927256	0.297116933686	0.299985024089	1362.10794756	24.999627706	False	
0.778948934056	0.872604266291	7.43694833739	5.65921090831	-2.41883031824	-0.767168207828	0.455066017951	0.303798803726	1321.22477482	24.999627706	True	
1.02253217751	1.28808188315	7.12832188469	5.61945203645	-2.41359151217	-0.755727488511	0.248047028034	0.709933322778	1332.0094045	24.7496314289	True	
1.08385205683	1.0518940377	7.13808744029	5.45144378469	-2.37716739378	-0.799291372004	0.436262957256	0.954646413845	1378.61483982	24.5021351146	True	
0.897739887364	1.15644672495	7.12933488452	5.66376478871	-2.43707539671	-0.782629042336	0.348069678074	0.779649619166	1332.24834299	24.2571137635	True	
1.14759055902	1.2534034449	8.43179718839	5.48679951813	-2.4124522593	-0.772491470333	0.278948742723	0.434174665352	1364.84684073	24.0145426258	True	
1.25035268861	1.34293300145	9.4274712505	5.24107237363	-2.41565864738	-0.716848016822	0.0943215316199	0.180943303017	1405.78964652	23.7743971996	True	
1.16583179242	1.08900981404	8.82322724394	5.6693273121	-2.39692276011	-0.604354315434	0.266286741771	-0.279389228873	1387.79169065	23.5366532276	True	
1.22568158978	1.45576088581	7.7266709375	5.90684006259	-2.45135946955	-0.601924040839	0.46761410871	-0.355757510095	1392.84560926	23.3012866953	True	
1.08550925213	1.08463924701	8.0662862519	5.8077341478	-2.45653169156	-0.679080060148	0.526863121817	-0.165466395573	1382.79016105	23.0682738284	True	
0.786846478731	0.388708742589	7.67950828611	5.62926372237	-2.41074808641	-0.76117161471	0.549861564473	0.399322445919	1346.89119319	22.8375910901	True	
0.997868296134	0.807460535665	8.82570783337	5.76526280544	-2.41085327907	-0.759602542376	0.445911513854	0.675258453058	1392.04378941	22.6092151792	True	
1.09516231719	1.39630597214	8.57001887107	5.52939787948	-2.42714382306	-0.766078168933	0.176885147215	1.00386446709	1351.25765385	22.3831230274	True	
0.80605572794	0.603613271696	8.61057100731	5.37902077646	-2.41231839646	-0.770083782959	0.422865606711	0.645451429346	1362.13638662	22.1592917971	True	
0.722806642831	0.907063490598	6.9973272076	5.35497004496	-2.40173191386	-0.76757258301	0.292923475959	0.674851830238	1348.99910604	21.9376988791	True	
0.590117210182	0.839483507954	6.74814412839	5.52379496691	-2.38832566819	-0.798235633901	0.408262146905	0.91775430729	1382.71455509	21.7183218903	True	
0.764609061301	1.04477730512	6.60199356941	5.72063963988	-2.43070728383	-0.754648230855	0.300852030247	0.475240664166	1369.97610466	21.5011386714	False	
0.757586056537	0.968878979294	6.32057611368	5.38845046245	-2.43959947658	-0.733684257011	0.39729217483	0.22181220501	1405.19747895	21.5011386714	True	
0.907361951252	0.889501725158	6.76837736057	5.61924518049	-2.42388396134	-0.77511752652	0.450878339446	0.758500280774	1358.19291906	21.2861272847	True	
0.850790736489	1.1153949055	6.1634768691	5.29689919226	-2.40725502339	-0.798504346384	0.394996963828	1.27030260962	1387.25449144	21.0732660119	True	
1.04105121518	0.900989661864	7.09166062346	5.54561576755	-2.40706591859	-0.780274636993	0.418414751077	1.08897257496	1341.20317918	20.8625333518	True	
0.85548828404	1.13392679972	6.50545282562	5.68430829204	-2.4080686696	-0.788865009789	0.343377995988	1.05471520777	1334.93922923	20.6539080182	True	
0.780268894266	0.9350711715	7.82856620841	5.51344784037	-2.4148632451	-0.784369599538	0.437833481594	1.10107114186	1361.20717115	20.4473689381	False	
0.544635214714	1.03995632675	7.2214736273	5.5385593983	-2.45140708909	-0.782718445948	0.367734572443	0.96405119745	1399.60489886	20.4473689381	True	
0.550681217572	1.22527774973	6.13193480718	5.68291812511	-2.41662806584	-0.76094516007	0.300693637485	0.710711266944	1365.90367628	20.2428952487	True	
0.636070426824	1.51022488546	5.27382819929	5.46681294164	-2.43140893604	-0.767398783482	0.209634310717	0.598785723488	1354.58925804	20.0404662962	True	
0.490984899405	1.95452151746	4.64513332495	5.80867665487	-2.41042400625	-0.760135605881	0.25759989937	1.08387869792	1452.98544769	19.8400616332	True	
0.623879627349	1.61636650726	5.5540657116	5.85223965728	-2.41902364327	-0.779292273263	0.402509825873	0.796864952114	1373.90902835	19.6416610169	True	
0.795858503261	1.65832627856	5.57325676418	5.64282803455	-2.38061099706	-0.774051699067	0.257886358069	0.793633299644	1342.2712945	19.4452444067	True	
0.793582240005	1.61891388512	5.82929168913	5.68089090324	-2.38587786443	-0.763064922662	0.249396594216	0.793722398299	1353.96330699	19.2507919627	True	
0.954391589353	1.23764653989	6.15942341378	5.36392736076	-2.41161361907	-0.764287649711	0.199551243289	0.580449680243	1349.77507096	19.058284043	True	
0.882740181616	1.34470725549	6.12554750045	5.3785286624	-2.41354267192	-0.761843294683	0.118881376176	0.727670320174	1353.02781615	18.8677012026	True	
0.819243403377	0.941383655129	7.34228232111	5.75979897231	-2.39616866067	-0.760728890943	0.459600868955	0.901369424845	1430.25511909	18.6790241906	True	
0.767497582343	1.14185003931	8.20434587146	5.6503392174	-2.42985728393	-0.792027019303	0.419068546689	1.33894909597	1387.42225235	18.4922339487	True	
0.908248805438	0.644441686927	9.22965296192	5.430079555	-2.39912296373	-0.765642423471	0.228109224845	1.31744679482	1354.06946703	18.3073116092	True	
1.02450254597	0.491478422149	9.13421063147	5.57646261138	-2.42255420474	-0.77902644069	0.345356997042	1.61187485982	1370.15713862	18.1242384931	True	
0.94013636995	0.603262532135	9.60414355337	5.54881516133	-2.42729149782	-0.774572889182	0.27113673454	1.86674752065	1356.83847345	17.9429961082	True	
1.07052218841	1.56414653088	8.09574007543	5.61410001463	-2.41332872159	-0.768556978825	0.193998034623	1.911589848	1384.76548301	17.7635661471	True	
0.971019566035	0.681674700819	7.6240696098	5.4879912951	-2.40374372601	-0.786788749394	0.434507064647	2.13665580246	1322.39911772	17.5859304856	True	
0.971897838026	1.05361998129	8.29458255825	5.75800250212	-2.42838682452	-0.777483809505	0.348472081156	2.40344890799	1367.97018618	17.4100711808	True	
0.900611905835	1.2400907389	6.65363677208	5.71083576541	-2.37234101665	-0.787715137506	0.353546736359	2.55179101946	1356.23511344	17.2359704689	True	
0.862357690598	0.990392263716	7.74039104736	5.63159261506	-2.40041792829	-0.801485719388	0.457621680298	2.34494057078	1348.79729021	17.0636107643	True	
0.917504073604	0.814768443635	7.07312745769	5.40532181489	-2.40692929845	-0.799625003467	0.42247695481	2.29824160868	1330.57161325	16.8929746566	True	
0.953168521097	1.75041102704	5.45670505034	5.69135431363	-2.36205867247	-0.785568621118	0.220557498598	2.26960318122	1385.71246554	16.7240449101	True	
0.910643084361	1.80024432869	5.75101105557	5.75566136497	-2.3804046583	-0.768525415189	0.232290013475	1.9772207492	1387.60449378	16.5568044609	True	
1.0506979805	1.66030806395	6.06743831258	5.36807275431	-2.38812700835	-0.763786478498	0.0969803979345	1.95595152867	1354.8738833	16.3912364163	True	
1.22734968546	1.30461392909	7.29195393557	5.43140897203	-2.43469831363	-0.782867744464	0.18254641535	2.01779363247	1381.23508439	16.2273240522	True	
1.25346298278	0.956983531357	9.73023103145	5.35723269222	-2.44203094481	-0.778907773331	0.330880436509	1.90343472589	1363.27163006	16.0650508117	True	
1.22812580743	1.16928669149	9.58202279384	5.47452682999	-2.39086712384	-0.768623096834	0.197077134775	1.98673634734	1339.47296658	15.9044003035	True	
1.16726508485	0.860096458576	8.32202809444	5.48776857508	-2.40285534947	-0.788000802407	0.40601012947	1.84764113628	1336.76834571	15.7453563005	True	
0.934232892641	0.568137209165	8.30540456974	5.54783813643	-2.39141506792	-0.775825508726	0.32451341172	2.24134899532	1358.59996776	15.5879027375	False	
0.863932502905	1.12142365409	9.78570619172	5.61275128115	-2.42074253319	-0.781758723999	0.295093949528	2.22208509912	1367.10093255	15.5879027375	True	
1.02683568944	0.478213381974	9.31922592564	5.19992040284	-2.4166700991	-0.775477024031	0.282606653261	2.28178122171	1347.94085915	15.4320237101	True	
1.06967612396	1.30568031817	9.91610487806	5.3387752971	-2.45650157923	-0.747513243901	0.135220127404	2.19325246071	1428.2332683	15.277703473	True	
1.01176948154	0.727110954226	8.97237109879	5.60357652475	-2.42478484046	-0.797946036611	0.46307905818	2.12001474395	1330.31303179	15.1249264383	True	
0.869748163178	0.588890145873	9.24689084722	5.6139422403	-2.39849101679	-0.775662829524	0.417396626432	2.02884040225	1368.82336065	14.9736771739	True	
0.788426510505	0.447636774904	8.68042447081	5.54900578807	-2.42467185328	-0.794651496594	0.475662101279	2.09840510205	1329.20993499	14.8239404022	True	
0.682299050467	0.415106524107	7.29394364397	5.48074749114	-2.41969749475	-0.784920217817	0.435982514048	2.20931953845	1342.60521563	14.6757009981	True	
0.57313092183	0.316152693817	7.67768024544	5.65211338125	-2.42700058556	-0.810719802914	0.687852205898	2.29142451805	1381.51584599	14.5289439882	True	
0.758473405449	0.0142096792959	8.4873558245	5.35503844052	-2.37463631564	-0.787107072351	0.498316798942	2.49005881722	1413.70864119	14.3836545483	False	
0.940105075774	0.235422349911	8.45095690648	5.61719031212	-2.44045798371	-0.781877199931	0.619465751151	2.21644712984	1427.3962052	14.3836545483	True	
0.972140558647	0.726779657928	8.81902625213	5.51953315388	-2.41572913712	-0.772832956133	0.368889325383	2.1907528589	1337.08795212	14.2398180028	True	
0.985917533562	0.684642729808	9.20253664316	5.35149593824	-2.43453824256	-0.769217588377	0.316634746624	2.03213677177	1340.06191455	14.0974198228	True	
1.07993281351	0.947533746095	9.52584677585	5.41934746189	-2.4176519026	-0.761704610608	0.250206330925	1.86970051011	1337.30372992	13.9564456245	True	
1.23006397335	1.12994710916	8.1094750714	5.48715600012	-2.39334781862	-0.779445329245	0.343345475063	1.69103479532	1357.40996234	13.8168811683	True	
1.12782174976	1.01533081987	9.00046074013	5.52663115807	-2.41214078347	-0.771629262679	0.253891943899	1.83370254823	1325.14601217	13.6787123566	True	
1.18036561051	0.831495206976	9.89029022301	5.28682881242	-2.42120616094	-0.764302651093	0.164041459982	1.95318052644	1331.08074811	13.5419252331	True	
1.13132959366	0.767135765571	9.83193495578	5.3693320201	-2.42860174352	-0.775942813052	0.285228036971	2.20990240746	1313.1403492	13.4065059807	True	
1.08816370694	0.869192579067	8.05692225051	5.31275205645	-2.40536423307	-0.7716563325	0.24162242544	2.33396960586	1330.5046956	13.2724409209	True	
0.920075144608	0.792240633024	7.26898008424	5.32598727872	-2.42609379459	-0.775212619364	0.270226627498	2.15714701376	1330.26635672	13.1397165117	True	
1.01245895786	0.931185106705	7.74848954779	5.58751485162	-2.39140555747	-0.771542598487	0.173937189709	1.96200848784	1396.14784777	13.0083193466	True	
0.96682641441	1.47431841319	6.37306943639	5.66456959204	-2.41214043535	-0.789275915112	0.319011237529	2.00237425639	1323.77394587	12.8782361531	True	
0.963983659122	0.454431153921	8.52389153648	5.49302531041	-2.41411890748	-0.791546580832	0.472610633795	2.04205681165	1325.04560795	12.7494537916	True	
0.998757048485	1.14277311262	7.85583562689	5.52065695335	-2.44628456166	-0.794320736586	0.248992090084	2.16065924994	1372.75151641	12.6219592537	True	
1.17807065007	0.700150476495	9.4143980729	5.19645541579	-2.4222765923	-0.772392193073	0.254852694571	2.30924723688	1349.00548558	12.4957396611	True	
0.983067509339	1.43644255173	8.94771136314	5.46802574456	-2.41455742377	-0.78458824934	0.23290203688	2.34987911921	1402.49953874	12.3707822645	True	
1.11795901456	0.459207100837	9.67140166776	5.48944107445	-2.40584793285	-0.784062291951	0.441580311287	2.25494976335	1335.86822911	12.2470744419	True	
1.06960380399	0.989897102605	9.2636568678	5.5634686389	-2.42175994481	-0.785397517707	0.290008324619	1.91414164899	1323.03685547	12.1246036975	True	
1.14440989162	1.16254176382	8.29230916076	5.55872427789	-2.40857483503	-0.780078502288	0.313887934288	1.79214571043	1332.34087479	12.0033576605	True	
1.20965125153	1.55608067668	6.6212141396	5.37980575211	-2.41402100713	-0.755522059821	0.0691261642099	1.84764711416	1365.94396706	11.8833240839	True	
1.22869242743	1.75096487623	6.58676340882	5.61391525701	-2.36625820274	-0.782606318214	0.267614528886	1.85600363295	1400.18653021	11.764490843	True	
1.24927381636	1.41381748709	7.03891318294	5.39603974467	-2.40545073214	-0.760846202845	0.137098584344	1.54893048538	1353.46953449	11.6468459346	True	
1.12187311585	1.25528820264	7.67308302854	5.58287336737	-2.40036115097	-0.786680014987	0.310135268942	1.81571233922	1328.84781849	11.5303774753	True	
1.01653885148	1.01685994434	7.65916296519	5.4514986019	-2.42033047131	-0.801465789285	0.38916335607	1.94675664919	1338.90217879	11.4150737005	True	
0.902064815195	1.01442816524	7.02542086666	5.55857825862	-2.41196568636	-0.784463165478	0.337436961785	2.32669923136	1305.30173368	11.3009229635	True	
1.00638729027	0.972506797205	7.24135507968	5.59424605156	-2.40910039101	-0.804364360238	0.420478827111	2.2659632834	1332.69294203	11.1879137339	False	
0.939842910773	0.423321646787	8.85979659692	5.36492424482	-2.4136863091	-0.788800422457	0.437361461515	2.27267834914	1331.62294572	11.1879137339	True	
0.89622823147	0.810447237687	8.80910400934	5.4916966364	-2.43071577585	-0.784984458861	0.360774749684	2.77741755956	1323.05488104	11.0760345965	True	
0.956511346455	1.07897481808	7.584555042	5.61561811522	-2.39168708486	-0.777964027496	0.315628503555	2.77173038211	1335.18591702	10.9652742506	True	
0.893254514642	0.818714008877	7.52177673346	5.53907055258	-2.40830957894	-0.781062218955	0.343173100327	3.07359871432	1311.21656979	10.8556215081	True	
0.848878292637	1.38986809238	6.50120829579	5.49725920339	-2.42459570788	-0.786163100384	0.37775047372	3.20833867484	1363.67654643	10.747065293	True	
0.802323378739	1.29908576212	6.4250388695	5.64755734688	-2.41646410815	-0.788475563771	0.456105787737	3.23756662709	1354.81849965	10.6395946401	True	
0.676096340496	1.74104876198	4.90794343617	5.35675635934	-2.41725097939	-0.781238369996	0.237835632357	3.27315121183	1381.54992718	10.5331986937	True	
0.750331912263	1.44263069533	5.6981269558	5.37110664497	-2.40016450197	-0.794440965118	0.316137701838	3.34960045978	1364.62567106	10.4278667067	True	
0.693931409195	1.84584997414	4.90146096142	5.45105284047	-2.42456347055	-0.773138397042	0.169267427528	3.70169430203	1356.5308075	10.3235880396	True	
0.864935733987	1.44909208457	6.08503948609	5.52458995889	-2.39606591763	-0.773102108605	0.20207637419	3.41428574628	1319.88364439	10.2203521593	True	
0.921054890722	1.61243375467	6.0803456839	5.54954048318	-2.40653420245	-0.784399254752	0.241900663054	3.38602221641	1322.42495703	10.1181486377	True	
0.917973997003	1.40219352393	6.52391266999	5.63452646844	-2.43150396617	-0.803070737767	0.465580898588	3.45602157831	1369.39218333	10.0169671513	True	
0.806799211308	0.826244130542	8.03013458891	5.57815516372	-2.4215250851	-0.780402601981	0.293462573113	3.16663280752	1332.45100216	9.91679747977	True	
0.616445633024	0.2504017543	7.65256289244	5.46581045037	-2.41548141404	-0.787412569227	0.511815922056	3.28078570837	1352.02081798	9.81762950497	True	
0.657247682918	0.801054012604	7.47909072466	5.46078238413	-2.43790112779	-0.792810299486	0.323950908091	3.42981622074	1352.5915703	9.71945320992	True	
0.736556036203	0.698924100912	7.16859203142	5.36017518694	-2.40431764668	-0.772515255212	0.210936143705	3.27317682261	1359.69057583	9.62225867782	True	
0.621037587451	0.948620417315	6.67469319265	5.59734271718	-2.42871243422	-0.782913516492	0.260573267846	2.9261308053	1361.498413	9.52603609105	True	
0.628967341364	1.17984237708	6.1439261258	5.40817521801	-2.43279131885	-0.780279019124	0.260731848167	3.13801830417	1345.81425093	9.43077573014	True	
0.762125651039	1.46438548674	5.92141415317	5.80339753678	-2.41207636887	-0.793679483565	0.310304223549	2.97494838815	1360.04556094	9.33646797283	True	
0.922663515969	0.780270267099	7.77781585806	5.50736747368	-2.43917563133	-0.775981956778	0.256235909712	3.20159202337	1352.14367537	9.24310329311	True	
0.921780698662	0.521006875467	8.52843653365	5.55020867855	-2.41505425138	-0.788854035547	0.407679744854	3.62128980614	1325.18995496	9.15067226018	True	
0.95589573336	0.62667099551	8.63544304139	5.38484972598	-2.41261902868	-0.787468352736	0.424485072205	3.52736154374	1335.28964806	9.05916553757	True	
0.96185357132	0.452820814818	8.81492292383	5.47071570148	-2.40306464056	-0.783309322618	0.39422116085	3.47865120048	1330.48622051	8.9685738822	True	
0.874436212885	0.785433037894	7.85324857006	5.50908848279	-2.41767420175	-0.79231981507	0.38883097188	3.50371361064	1309.86412147	8.87888814338	True	
0.898450096502	0.874083738334	7.52402469223	5.47770429101	-2.4045610311	-0.788156739453	0.387581728656	3.78201159908	1313.8123978	8.79009926194	True	
0.964999529091	1.25288694944	7.43329275128	5.42070767771	-2.4386860374	-0.782357291829	0.197523679095	3.59347555497	1346.15677382	8.70219826932	True	
0.880235867511	0.814962470782	7.78217779418	5.50173600199	-2.43974837998	-0.776388941215	0.294268778247	3.87664873144	1330.67575668	8.61517628663	True	
0.938683177326	1.31499503506	6.8979128255	5.59572079873	-2.38709657368	-0.771983825549	0.26145328106	3.77844965594	1344.51981972	8.52902452376	True	
0.931426608289	1.61160572619	5.969751874	5.4863078168	-2.3931303256	-0.777912519016	0.224730244505	3.77978785712	1330.72779997	8.44373427853	False	
0.974561825977	1.54417045513	5.81943988821	5.4448645294	-2.41414513213	-0.76944786435	0.117304770127	3.72398922616	1340.30153798	8.44373427853	True	
0.824498750386	1.29231340437	5.97366849391	5.53637357449	-2.41197721959	-0.789783219936	0.316207325117	3.56993303982	1317.33340903	8.35929693574	True	
1.05084109483	1.39809521144	6.26136187185	5.47746021449	-2.40057051261	-0.792846756774	0.29213942127	3.46189835725	1331.91988016	8.27570396638	True	
0.853932453046	1.32064853101	5.81296064803	5.40361160971	-2.41999219719	-0.770248446274	0.100700041675	3.4577639668	1371.13696115	8.19294692672	True	
0.89278351118	1.13861151959	6.83396907338	5.50574012943	-2.41315844106	-0.776864763848	0.279011674746	3.46871386486	1308.45865563	8.11101745745	True	
0.92042995223	0.554482275948	7.55484578713	5.26802671974	-2.41300005459	-0.785754010044	0.346728955402	3.19425727335	1342.80275987	8.02990728288	True	
0.837972908313	1.04967304082	7.48786894035	5.66984730562	-2.43608033623	-0.790179690413	0.359214476422	3.20186825667	1333.2988492	7.94960821005	True	
0.888376193518	0.996448244165	7.13626103092	5.47677144874	-2.41657421552	-0.788200797604	0.327616762654	2.94088497888	1304.24992552	7.87011212795	True	
0.790771887911	0.975930407821	7.08153855247	5.49219951495	-2.4181846563	-0.79384619837	0.345823067296	2.89829277111	1313.99891187	7.79141100667	True	
0.857291322951	0.596493911897	7.22044298469	5.61623657711	-2.39396714382	-0.79854462248	0.526157717977	2.69854838652	1349.89729881	7.7134968966	True	
0.781128938038	0.938907041297	6.97455274525	5.46528107698	-2.41844778055	-0.788479370416	0.323317112084	2.79773607503	1310.24567103	7.63636192764	True	
0.843723715183	0.926956581122	7.42542337513	5.53789185194	-2.41016460164	-0.783557685673	0.288646965152	2.8042989472	1314.50531662	7.55999830836	True	
0.995441064393	1.03025180833	7.29573104273	5.54942195708	-2.40289457962	-0.787699874606	0.351021617406	2.55706535321	1307.61968939	7.48439832528	True	
0.93528305501	1.20577599964	6.77925826687	5.60253440152	-2.40593617321	-0.792309794739	0.397211944596	2.39825931348	1315.7197628	7.40955434202	True	
0.891643695419	1.26241939645	6.94484687409	5.6341813185	-2.4248338034	-0.782726130139	0.301859125286	2.49770835209	1320.4706225	7.3354587986	False	
0.889476960905	1.08447155344	7.16769028172	5.32939498775	-2.43529570748	-0.764969373106	0.186389983766	2.60656713438	1343.66755065	7.3354587986	True	
0.794417000638	0.933630918748	7.73142994126	5.55469269154	-2.42858605184	-0.790027290387	0.404869211875	2.44767819614	1329.35489639	7.26210421062	True	
0.872201664433	0.706514548294	7.55299641625	5.58455909686	-2.39988551293	-0.796003730425	0.439643547545	2.42959970064	1318.67372284	7.18948316851	True	
0.966374206346	0.788378196409	7.71346126759	5.50375478727	-2.42256429495	-0.780686151595	0.332271279123	2.34414726637	1315.86460728	7.11758833683	True	
0.946348250859	0.551920358745	8.51514527498	5.54850598129	-2.38367659586	-0.796507393612	0.403416492139	2.15764229084	1360.23374206	7.04641245346	True	
0.907400193445	0.899782738198	8.87495121009	5.71838093679	-2.40815123704	-0.780680482715	0.39614183528	1.93839404601	1363.73069763	6.97594832892	True	
0.872952864404	0.515981408597	8.09124051902	5.56057893889	-2.41353008843	-0.804704459729	0.546929013239	2.16105428116	1333.8631634	6.90618884563	True	
0.995644576471	0.788463551982	8.30869462977	5.37409235281	-2.41132130697	-0.787375186409	0.329550387973	1.92978073459	1321.30259088	6.83712695718	True	
0.988914907602	0.910796975182	8.66448878234	5.50660211189	-2.43861739461	-0.776388226478	0.347424443754	1.8882051499	1337.34696451	6.76875568761	True	
0.907189509242	0.318838163196	8.7788562419	5.42909863385	-2.40714080877	-0.771460731968	0.370923933409	1.86806072312	1353.97862785	6.70106813073	True	
0.917265501225	0.852431831639	7.76854669325	5.45294339526	-2.40902719704	-0.789534515769	0.340683785059	1.86425406944	1311.81991111	6.63405744942	True	
0.866316235657	1.21583514947	6.90280646829	5.47587162836	-2.43589843961	-0.779371413847	0.287535559765	1.61242658668	1327.02746508	6.56771687493	True	
0.877051747276	1.0646875397	7.00657741361	5.54714072026	-2.41591375984	-0.786543335943	0.306713902729	2.02959850413	1305.27266473	6.50203970618	True	
0.795262674485	1.02965265752	7.19972195605	5.57740188633	-2.41278864545	-0.787765551516	0.379392094704	2.06706647983	1317.26011078	6.43701930912	True	
0.743564789652	0.892374837897	7.23796690243	5.68793386854	-2.4089244393	-0.784180434692	0.434083082508	1.99679370759	1337.69233044	6.37264911603	True	
0.734000612314	0.877516598882	7.10965272737	5.5186832404	-2.43325190912	-0.777316996138	0.344442805718	1.83120549506	1328.00379021	6.30892262487	True	
0.799678499367	0.854924122961	6.98749822652	5.4260366503	-2.43128617548	-0.80117823766	0.327694074312	1.68586094467	1357.65036666	6.24583339862	True	
0.95011035178	0.907163740621	7.4641136385	5.60292209169	-2.42807859203	-0.793007450688	0.376837566686	1.79945815322	1322.35915641	6.18337506463	True	
0.966724483775	0.68204127745	7.28786821883	5.5499879484	-2.40290593821	-0.786092485592	0.405012580209	1.85456404507	1343.43449265	6.12154131398	False	
0.900174261685	0.557497952333	8.22714638364	5.54415321576	-2.43220171529	-0.798750755496	0.498650289796	1.53633852857	1329.82442165	6.12154131398	True	
0.886605428337	0.971533689345	7.34805287908	5.59983435757	-2.41290287509	-0.781267774672	0.400395846986	1.51918141707	1318.51190833	6.06032590084	True	
0.766405502277	0.48453935921	7.45212192231	5.44732383194	-2.43933518175	-0.784730288257	0.41445971211	1.37925429049	1343.94655286	5.99972264184	True	
0.739157359829	0.63072439174	7.71931491088	5.5346079158	-2.42720340474	-0.795462322928	0.496512516695	1.26506950276	1327.50623206	5.93972541542	True	
0.714775760776	0.784149412691	7.69552558886	5.49888028162	-2.44727238155	-0.792857590754	0.505312865926	1.17106803296	1373.0318938	5.88032816126	True	
0.821626251202	0.65993998767	7.29486300083	5.55314892991	-2.41358267298	-0.793704365532	0.400385217565	1.14668177931	1332.88966789	5.82152487965	True	
0.863390064209	0.920038796688	7.22309790046	5.54565324151	-2.40556064013	-0.776053142434	0.339007909944	1.30887744414	1311.86106811	5.76330963085	True	
0.73776749671	0.883772242728	7.05863441273	5.56778174707	-2.4232511256	-0.790950449893	0.368895785414	1.21747728664	1318.32705923	5.70567653455	True	
0.743073712875	0.779023218781	6.98106077187	5.55049677996	-2.41789808456	-0.775295674379	0.317024335856	1.00627803291	1330.77333356	5.6486197692	True	
0.764166294928	0.936106006027	7.14437542205	5.60642501507	-2.41833494127	-0.778469325346	0.382460487385	0.922154706166	1313.23063755	5.59213357151	True	
0.756454939608	0.799745157908	7.19287418987	5.53951781172	-2.43735759148	-0.777563998528	0.367495094392	0.914282584507	1324.293109	5.53621223579	True	
0.836363349639	1.06479967389	6.87608419494	5.54841477764	-2.41678359175	-0.787409103763	0.3774982194	0.702548894607	1317.71774477	5.48085011344	True	
0.835043110253	0.965437851479	7.31908293716	5.52039038689	-2.41843198613	-0.773272943235	0.269086776683	0.862077162003	1315.67789549	5.4260416123	True	
0.844347856864	0.903212540557	7.75833441787	5.61296228434	-2.41806612889	-0.77099439848	0.282455783281	0.832145764829	1331.26310391	5.37178119618	True	
0.968832228168	0.953524372517	7.7526725168	5.60138679094	-2.40395436616	-0.779398212061	0.40491699338	0.818888673229	1315.214556	5.31806338422	True	
0.821176819392	0.621458918543	8.27756865376	5.55019023397	-2.41771986474	-0.777928830536	0.402125610398	0.708647568521	1319.87906179	5.26488275037	True	
0.793147103118	0.837936450168	7.6560411417	5.56531891885	-2.41840577335	-0.78290348985	0.364382142951	0.92361880191	1315.48564561	5.21223392287	True	
0.785593079436	1.0956695256	6.58164030892	5.49389170092	-2.42396632002	-0.785717151965	0.332576028373	0.946272974062	1315.51507881	5.16011158364	True	
0.880513648426	0.880987556532	7.29018543945	5.56327410601	-2.40578166796	-0.787415722148	0.346675142804	0.886053951044	1320.36409453	5.10851046781	True	
0.891340359147	0.997899017052	7.04678639407	5.37037761171	-2.4028139823	-0.781888911251	0.307150093208	1.04248158303	1322.28449803	5.05742536313	True	
0.771173770629	0.868181593271	6.88660207723	5.51332375051	-2.40336519371	-0.788453154561	0.393908154321	1.10168887472	1312.37886854	5.0068511095	True	
0.679864052994	1.00744397106	6.6686754495	5.59327050807	-2.40848484343	-0.790866143398	0.43058857984	0.988136474098	1324.29003827	4.9567825984	True	
0.67762236825	1.23975350104	5.98543845464	5.60394014263	-2.40715649065	-0.781298352398	0.373258402321	0.917024396805	1321.98917361	4.90721477242	True	
0.817146726928	1.44005315717	6.0864230808	5.61438511191	-2.39958543969	-0.788177799557	0.412991603743	0.953333895784	1336.91758807	4.85814262469	False	
0.899934659552	1.3408381856	6.27591470582	5.48900950876	-2.41372286113	-0.772977596499	0.337419876043	0.873916450866	1329.71054167	4.85814262469	True	
0.957520045701	1.39150078981	6.40509746241	5.60337568708	-2.40708283548	-0.773092571527	0.29094717674	0.930337220472	1314.74554603	4.80956119845	True	
0.958354756215	1.29906316748	6.85799049569	5.52576128541	-2.42925739643	-0.771666647664	0.219297652941	0.775421619879	1326.32896346	4.76146558646	True	
0.994862213426	1.15523972112	6.91534900032	5.5397502031	-2.39718798408	-0.781184677485	0.351756757211	0.722709793931	1313.38716661	4.7138509306	True	
0.929014109325	0.87246492533	7.2001733153	5.53564733397	-2.42222874063	-0.783644281825	0.340030390003	0.787975998331	1327.40240084	4.66671242129	True	
0.881100252936	1.22625063658	6.70089331614	5.59671564766	-2.40444182365	-0.778220498011	0.267765754352	1.0002189501	1313.00981372	4.62004529708	True	
0.814793461677	1.08526615524	6.60794154325	5.55356475912	-2.39731992625	-0.7749546731	0.350481145798	0.743075597864	1311.15597817	4.57384484411	True	
0.90894084013	1.26560853376	6.60386490416	5.52349431006	-2.40449291194	-0.779068230741	0.321376323566	0.811292347827	1309.21456816	4.52810639567	True	
0.903181755579	1.04954047472	7.34806717442	5.57498163693	-2.42786649021	-0.786102428066	0.368292587283	0.833216788025	1315.40234579	4.48282533171	True	
0.821440025492	0.985328195774	7.00926237471	5.51776081785	-2.42609551254	-0.789722148353	0.415246039772	0.775371122584	1322.49521571	4.43799707839	True	
0.811091638642	0.753974336453	7.37584353708	5.49731421329	-2.40343026239	-0.781135234478	0.390823439116	0.960374971984	1312.03660209	4.39361710761	True	
0.781719642037	0.838452290188	7.17030110508	5.56774387419	-2.41890533703	-0.793432239281	0.487373349573	0.820485256957	1323.33347514	4.34968093653	True	
0.841079275106	0.965599434588	7.57985356871	5.51377152372	-2.42459303794	-0.771899953541	0.306368239985	0.752431521536	1313.65334372	4.30618412717	True	
0.939820337975	0.715227451968	7.76052219348	5.53107371548	-2.39661345169	-0.775930789072	0.385794755457	0.768373892779	1317.34020376	4.2631222859	True	
0.937428292116	1.13950716695	7.28790954057	5.58202444888	-2.41564534305	-0.771505856999	0.328031099368	0.579890864305	1308.35117978	4.22049106304	True	
1.07889649228	1.35895684778	6.94730721161	5.54157136964	-2.40576646912	-0.752877365765	0.221145397532	0.426087109123	1320.99634256	4.17828615241	True	
0.976781909795	0.916374281869	7.44083458357	5.49297746861	-2.40494034395	-0.772635557471	0.379789027475	0.548740320472	1310.0840679	4.13650329088	True	
0.994932678986	1.04880367927	6.99275360696	5.49821242291	-2.4069228616	-0.770753162609	0.31323969468	0.723833628755	1308.85881162	4.09513825797	True	
0.93052620373	1.19469111205	7.29020426238	5.49707421348	-2.40721220594	-0.778573312733	0.322038587819	0.600276282429	1332.28156712	4.05418687539	True	
0.82448546538	1.07656851906	6.49789941529	5.6238312099	-2.39492205885	-0.775237698958	0.378863921892	0.639379113403	1319.4289199	4.01364500664	False	
0.793316222493	1.24050497722	6.43411923365	5.6105617951	-2.41293613062	-0.776364892593	0.362055964731	0.566001746115	1312.71579361	4.01364500664	True	
0.767518326483	1.1957288711	6.28097480397	5.56151092119	-2.40652887335	-0.768826961769	0.310184871817	0.547012322734	1312.46607238	3.97350855657	True	
0.810013779163	1.12721235856	6.35747195915	5.51021209706	-2.40408578041	-0.756853896387	0.2785113744	0.485031061976	1316.58546106	3.93377347101	True	
0.808921694031	1.45062406575	6.05834485661	5.51336722321	-2.42146808574	-0.750977636021	0.225781132906	0.418705536876	1324.28350028	3.8944357363	True	
0.87303740635	1.18328349244	6.75400220156	5.67519321423	-2.41287672622	-0.764096088905	0.389866577197	0.408042993883	1311.01810741	3.85549137893	True	
0.85205017488	1.1796787323	6.43119650913	5.49469986211	-2.41577166435	-0.758796133941	0.306964309901	0.459770483048	1312.15827771	3.81693646514	True	
0.928753928877	1.41886479314	6.53564570216	5.53906889821	-2.41193175095	-0.754529518817	0.272246966696	0.375774665029	1317.24945578	3.77876710049	True	
