Parameter 1	Parameter 2	Parameter 3	Parameter 4	Parameter 5	Parameter 6	Parameter 7	Parameter 8	Potential	Temperature	Equilibruim
0.785312524797	6.99299354995	-1.64780283059	6.41837832742	-2.39750501305	0.620550831247	1.72878108045	-0.621826289043	69634.1003664	20000.0	False	
2.49138801615	-1.1774926092	4.15414168805	1.30894586155	-1.6640866485	1.22741536994	2.50755923814	-0.702753043682	31222.9563293	20000.0	True	
2.30521692497	6.31858961865	3.43188739647	3.3110584002	-1.62568315373	0.475255944514	2.61946567113	-0.525183447195	38141.0833577	19000.0	True	
2.17764315006	0.943266831243	5.42665898688	3.47134488325	-1.3312459527	-0.129265561735	-0.238742258334	1.88548143111	22877.248748	18050.0	True	
0.453352425352	-3.6702784673	8.73285987986	6.30317312567	-2.4318847958	1.1722908442	0.685883991626	0.809185559413	11574.072358	17147.5	True	
0.0979759936309	0.268778882516	2.39867797017	4.16245958572	-2.69718342937	0.191406457961	1.24586456737	-0.178337151149	38750.989058	16290.125	True	
1.89719330214	3.96734044559	5.41187229618	5.37451079713	-2.20387321975	-0.0394488563517	-0.542606461918	1.79215523925	9001.10450805	15475.61875	True	
1.06590280232	-4.87776466063	-0.703176307205	5.99020908793	-1.18778093659	1.85874015949	1.67938683152	2.68177257971	74076.3938679	14701.8378125	True	
1.66761356468	-0.980192368147	9.48226725731	1.73954898862	-1.74068011808	-0.423813114228	1.52686875129	-0.50151128553	25488.2212913	13966.7459219	True	
0.892389015372	0.394488083001	-8.9973554464	1.66318872167	-2.69993509807	0.284250791324	0.544384673581	3.63071448174	39249.7207797	13268.4086258	True	
2.69325094989	4.69196322956	2.49134212489	8.27505085662	-2.55241638011	1.58921690631	-0.804113683169	2.82695821189	14034.348122	12604.9881945	True	
1.20150952196	6.22424535243	4.48009141772	5.4292560386	-1.86287679925	0.692087264912	-0.625851566148	3.0082838533	22782.3305284	11974.7387848	True	
0.8492948112	1.45376396484	-1.66927292458	8.41588820504	-1.76407071356	1.19063995967	-0.655446457005	0.948791582875	19782.4818376	11376.0018455	True	
1.97095674048	9.46768997094	1.45583520863	2.33151291023	-2.38834831206	-0.942514901436	1.40192374698	0.138824719394	12009.6186675	10807.2017533	True	
0.640141627463	8.22237338774	8.92960439343	6.52515376084	-1.3181572056	2.94868830264	-0.756969359489	1.53432835001	34258.8222945	10266.8416656	True	
0.369956687579	7.09275989041	9.28604398064	4.01209566025	-2.35374459861	-1.02194295529	2.17131926168	3.98654010192	11315.822347	9753.49958231	True	
2.37782244081	9.71497805662	3.28588723245	7.01651186665	-1.17370105735	0.300470990859	-0.68772441072	0.658726669463	21088.5741802	9265.8246032	True	
0.544300140369	5.59804563793	-0.989608758348	6.47843245825	-2.32188310669	-0.852320238225	1.7670304464	3.13564797493	4021.02365985	8802.53337304	True	
2.3121862942	6.5342881354	1.4983789635	3.74070945187	-2.30162569535	-0.850897856587	-0.388291175223	3.61532267893	7232.14521035	8362.40670438	True	
2.71524815374	7.46937078477	5.8187077369	2.19914786485	-2.67929977338	-1.16378041787	1.60805113903	0.418910756505	29914.3455927	7944.28636916	True	
2.54725994504	8.65794104919	4.63319988251	7.8144224148	-2.46686646091	-0.682715685894	2.86849996798	3.61886032775	10430.8924422	7547.07205071	True	
2.43752223525	3.86611819707	1.27199031806	4.04097298463	-1.54562944323	1.13304805446	-0.829325346074	2.74405561147	14017.2750254	7169.71844817	True	
0.0904381779476	0.118561366936	-3.1915323278	7.36198793229	-1.59200715946	1.33372142478	-0.509329608468	2.42738794883	15385.7377909	6811.23252576	False	
0.987667636195	-2.0424632023	9.97716418593	6.75542741739	-2.14584295124	-0.0743222345714	2.45995862125	-0.506460519259	9999.50061448	6811.23252576	True	
2.683836011	6.26951617514	8.32042324546	3.41524125766	-1.15979222341	-0.895723014383	-0.547046706952	3.00171630875	16430.6593532	6470.67089947	False	
0.105078386256	8.60738509508	7.29757219371	9.71110542369	-2.62065081003	1.4195099606	0.941125329943	-0.487222871942	22013.5496111	6470.67089947	True	
1.1487473046	3.01187455637	-1.25860528615	6.13333203575	-1.24001009851	2.25266716887	-0.836462612386	2.59359523583	7802.05675749	6147.1373545	True	
1.53888739622	1.23317632346	3.88160838697	2.18164288616	-1.47546709071	1.14090771858	-0.254695233157	-0.332609540769	24677.6326721	5839.78048678	True	
1.88254007031	6.8472679942	-1.41209740699	2.13890766018	-1.95249281345	-0.790912101905	2.9097218194	3.63839157817	15292.8411432	5547.79146244	True	
0.656373818866	4.75076798546	3.97623674283	7.49307294139	-2.3456335917	-0.794514211859	0.361159187094	0.871589054631	4365.60686686	5270.40188931	True	
1.58285621069	9.2852612024	-7.26971335476	4.63450290531	-2.26438414918	-0.933763360162	2.57576529025	3.52055695578	6987.52139252	5006.88179485	True	
1.01672704374	2.56053004425	5.33397245425	6.73103254851	-2.60548260494	-0.555260655509	-0.596324985115	1.46734988275	5898.19727815	4756.53770511	False	
0.243837393509	1.95051906643	-1.14077862316	5.21921320792	-1.99686140481	0.378451213227	-0.316662611788	-0.0991394159628	9912.72536364	4756.53770511	True	
0.847362497892	1.45692869767	6.73485899744	5.79694528821	-2.37592384773	-0.861353895535	-0.617663934157	2.87140152008	13627.6737175	4518.71081985	True	
2.49353257197	5.61467390347	7.33730171135	3.42632036475	-1.04956250224	-0.61670502739	1.81784384585	-0.498071332365	18350.5280969	4292.77527886	True	
1.540814416	2.40337346193	5.27635735275	7.38975872621	-1.61952517554	-0.835904289214	0.702691470178	3.77809172442	9623.52744689	4078.13651492	True	
0.898698741604	7.65039386008	0.707859265045	1.96349398502	-2.4753399414	-0.868095999245	-0.515819219221	1.34236485343	15407.1643662	3874.22968917	False	
1.82455975842	8.79231635681	-1.61625076413	3.31629400952	-2.26037663615	-0.870161598241	1.93902941454	1.58556856006	7373.43517608	3874.22968917	True	
2.92481430183	5.49122186462	-7.24847332255	1.4337626244	-1.81576357688	-0.893872044445	1.14134579178	3.30845206426	12529.9687051	3680.51820471	True	
1.3563385758	5.76211989814	5.74664780816	5.01890291272	-2.14265454752	0.0139006542823	-0.737999328588	2.74024148053	9125.74374997	3496.49229448	True	
2.3358207846	2.59859153775	9.4525666086	3.08335129299	-2.32764894538	-0.861783461831	1.8118158214	2.77962409019	7515.09633803	3321.66767975	True	
1.12636505365	4.24179608805	-4.83000072014	4.7596027644	-2.50521249045	-0.69487415399	-0.117601696317	3.19240017327	3751.57429751	3155.58429576	False	
1.39481607283	2.56629399831	-9.13856468121	1.21805349398	-2.7320561627	-0.290608931483	-0.574069805223	3.79802268154	20767.554929	3155.58429576	False	
1.16830323657	-3.79985634104	9.65338786464	3.11257782956	-2.70785594772	-0.535343872771	1.27445964457	0.513458276652	7995.16686519	3155.58429576	True	
0.176499170868	-3.50068764286	9.52723503107	3.70723369466	-1.6919909765	1.95701586016	0.753151051406	-0.120748457834	10863.0858365	2997.80508098	True	
0.52650888711	3.87388194125	3.36600464637	5.47639088612	-2.11522173536	-0.352127232054	-0.555897027319	1.83883270022	6366.08345554	2847.91482693	True	
2.74632172304	4.40781838872	4.69835950427	6.24991193389	-2.52213298826	-0.517392658911	-0.0207136893265	3.90485959336	9626.42582645	2705.51908558	False	
0.707905106578	-2.23978687572	5.47224548621	4.29505360297	-1.37153967867	1.04156700161	0.225673370901	3.70037997278	8883.23513343	2705.51908558	True	
2.60307793935	5.28950271638	1.47767162803	3.92457247836	-2.53565666011	-0.83599154224	0.90645606983	1.65336049933	6017.97182047	2570.2431313	False	
0.0822367890415	-3.36309270129	9.54504192685	5.84822633705	-2.51202125002	-0.635006663871	2.08223340569	2.37196337646	6752.11484169	2570.2431313	True	
2.52511995491	6.47075066904	5.2573453493	6.96069707686	-2.4212062944	-0.850855093534	-0.177805328185	2.2454491884	7142.21700989	2441.73097474	True	
2.38880392467	9.02849135337	0.618451401327	5.60275311326	-2.24429344645	-0.651987672355	-0.413234894201	1.07060722564	4498.25491737	2319.644426	True	
1.86759615447	8.19528622824	8.71989600305	8.74284139721	-2.46625105536	-0.46440228162	1.43330815114	-0.526546065315	5825.99056706	2203.6622047	True	
0.602849990484	2.89858405459	0.0389146531259	3.03532992904	-2.44638209872	-0.586336154487	2.38020417647	0.00294033071133	7765.98404859	2093.47909447	True	
1.24602073006	4.57785910004	2.80924547017	4.41621157595	-2.32483283512	-0.962692929922	2.64939873961	0.0795880119692	8395.33833518	1988.80513974	True	
0.0119670494589	2.71488913711	5.73716909412	6.49448264656	-2.48535971938	-0.836029920697	2.536705225	2.66788149462	4343.71673794	1889.36488275	True	
1.0471953213	3.1355131907	7.3056652494	6.72380108985	-2.4020220918	-0.882994477221	1.67766797009	1.52381630651	3868.07729168	1794.89663862	True	
0.0874315004136	-0.0889806376422	5.33994537818	5.11302064074	-2.54913539176	-0.824970711599	0.537621911185	1.1443417865	2522.46141301	1705.15180669	True	
1.21500646677	0.950480052152	8.95137833684	5.67693670133	-2.19474771504	-0.706086486942	0.34140777218	3.12235701559	3283.03487402	1619.89421635	True	
0.443206469896	4.62658177764	6.84946826701	7.44878131056	-2.35227851768	-0.845188065943	1.68175869089	0.484446346228	4891.54544523	1538.89950553	False	
1.35582601982	1.74879419006	9.17900085161	4.86744959899	-2.64546768097	-0.79832830716	1.01512538723	0.956833651348	4580.30212909	1538.89950553	True	
1.36734035597	3.70231076088	3.81527939317	6.82416975928	-2.07644951837	-0.358820157303	-0.682363309727	0.640004523981	7312.123619	1461.95453026	True	
2.01046228256	5.45880796231	-4.63038872662	4.36869360321	-2.45761695925	-0.713322666355	1.8335483189	1.67951627275	5904.43564444	1388.85680374	True	
2.69380906922	8.5247759782	3.70416292143	4.63509576285	-2.49807866924	-0.749377949116	-0.252277714501	0.387360903157	4759.54890733	1319.41396356	True	
2.05420890298	8.96244402167	9.08745083455	7.55942589363	-2.69359785491	-0.319716790461	2.26425591488	-0.630997951377	6535.79406783	1253.44326538	True	
1.64127756168	3.92316054861	7.93642985113	6.9147723705	-2.17480377649	-0.0170586164084	-0.42405045755	-0.504042957233	5245.86019953	1190.77110211	True	
0.234645630944	3.08531282742	6.58354562858	7.98217861164	-2.4696469177	-0.787785290146	1.50678106881	2.85139761443	4629.87398042	1131.23254701	True	
0.537636513629	2.4011370866	6.6271347993	6.55628369154	-2.35591950933	-0.745112115595	0.00734499856716	2.32678406832	2619.445176	1074.67091965	True	
1.50937109671	5.3638490203	8.62875371827	7.30585436708	-2.32619704699	-0.831740777138	2.63678159896	1.98091870691	5717.41794071	1020.93737367	False	
1.58655707349	5.21921744282	0.538917301923	6.04492688769	-2.29483544293	-0.819832726892	0.910600345104	1.72963245411	3607.34845052	1020.93737367	False	
0.888917903717	8.86457966818	2.80844743418	6.2183258665	-2.47290615656	-0.748373357178	0.638566774016	0.592489434129	3705.02368227	1020.93737367	True	
0.54979817369	1.4926253414	-0.0786985048797	5.1236669673	-1.42133903518	1.13296384502	-0.754669549992	3.10586025256	4101.40163125	969.890504988	True	
1.07545834962	2.64368423949	-2.82272486768	4.46114913483	-1.47868551736	-0.750920899441	0.0518739936139	2.10078453721	3449.03015993	960.191599939	True	
1.45418499367	1.94291300903	0.958901404301	4.44932509536	-1.35094839083	-0.498489109241	-0.427646017806	3.62802668142	4700.1747359	950.589683939	False	
0.332232339023	0.670001614208	-0.0544304816157	5.55183696852	-1.50634452415	0.411105366227	-0.480693940688	3.18430743889	7104.0155079	950.589683939	False	
0.191685564745	-0.0382408275315	0.166072153049	4.64636635479	-1.52238638339	-0.604995891275	-0.224603647963	2.23131586252	5266.89831087	950.589683939	True	
0.330884254044	2.20779336363	7.7197835469	4.94481509111	-2.43271076487	-0.801242144708	1.90906624968	3.81714114089	4865.56311216	941.0837871	True	
0.035488730764	-2.32566171308	6.23303305003	3.78563774031	-2.27340870479	-0.516413777377	0.567465743121	2.8318595412	3790.05153042	931.672949229	True	
0.139676379632	1.75672373792	7.90213200714	5.85810387365	-2.2663620295	-0.861500351706	0.733108362364	0.833150329256	3674.78701814	922.356219737	True	
0.0450950047749	2.47882780367	8.69991686999	8.44031664562	-2.3164986431	-0.482897543553	2.61121949717	-0.597670139512	5585.12992795	913.132657539	True	
1.31208520079	5.01412706401	8.4350527234	9.35699492233	-2.45026834047	1.2185148384	1.50980145359	-0.810190048048	3305.66726253	904.001330964	True	
1.71226303477	4.14898792759	3.96104555805	5.75041272773	-2.23002425101	-0.784893804654	0.430116195183	1.8450244385	2724.32690032	894.961317654	True	
1.55822461699	2.82659433201	4.16711500195	5.7144353128	-2.39818534441	-0.183353537643	-0.649881274095	2.93268341401	3210.15781091	886.011704478	True	
1.43956835175	1.35227600048	4.34736173501	4.66057302688	-2.07244736897	-0.919484081958	0.600026248734	3.60013174649	5817.7430029	877.151587433	True	
0.829601085673	1.21808427309	2.76696847879	5.19917263786	-2.12432077841	-0.763375012178	0.449305187396	1.22992446794	3333.96328333	868.380071558	True	
0.614225278429	7.69793439104	2.30518960883	5.16669835709	-2.50643031825	-0.576916254605	-0.164636177905	-0.0149953726231	4204.40885889	859.696270843	True	
0.399294046723	1.33865739167	0.508207750351	4.18901506162	-1.8405296958	-0.563204838064	-0.374047775853	1.43099592121	2892.88641566	851.099308134	True	
0.0206757303609	0.908751158783	-1.20787318085	4.60273001685	-1.63694430709	-0.472239007824	-0.298161567609	2.15793987513	3065.30471059	842.588315053	True	
0.423811138439	1.54572860007	-1.55872600914	5.35188147468	-1.54349936386	-0.152067245631	-0.80465215066	2.22790104647	6363.4947206	834.162431903	False	
0.486138243712	6.14522268899	-6.4335316045	5.88721318071	-2.54030011353	-0.777422927898	2.55509927523	3.64159628207	4131.66035654	834.162431903	True	
0.285637160805	1.33365005483	-3.23968898641	4.55691300035	-1.77499919588	-0.802949775348	1.94322510934	2.04187408966	3480.89838195	825.820807584	True	
0.313923124497	1.14277341819	-1.87430989424	5.4547942239	-1.47875435641	-0.788847376648	1.95433949149	1.84083630956	3486.08900216	817.562599508	True	
1.63788397338	3.07354364366	-1.19353805041	5.08815458596	-1.17060218986	-0.744606016434	1.45571285322	3.29946958225	6766.31876563	809.386973513	True	
0.482540490521	2.4893758931	-4.652026973	5.04579437687	-1.12190617928	-0.597551167812	-0.473831922405	3.34432590438	3555.74397011	801.293103778	True	
1.07646131781	2.94141746722	-4.53093856309	5.15326793484	-2.17144039905	-0.581237282978	-0.189871201664	2.32631331237	4610.55329557	793.28017274	True	
0.643486095027	1.54180375523	0.326149793601	5.82852009281	-1.91433606223	-0.86081045581	0.431315254965	2.79204444467	2493.21291139	785.347371012	True	
1.35451056402	1.45178043406	6.14424221406	5.59756300374	-2.48523438087	0.109233247574	-0.650481407207	2.6912528451	4327.14779705	777.493897302	True	
1.69067048423	5.74821771266	3.46466376913	5.20336182821	-2.57720645175	-0.666986984988	-0.0253748612848	0.627036599008	3942.04761268	769.718958329	True	
1.7876339047	7.75761271952	8.27382469059	5.51276499479	-2.47919831815	-0.793604415286	0.647728761456	0.960030608582	3443.19184009	762.021768746	True	
1.96770720233	3.23043607335	5.60750073933	5.214371007	-2.17739395765	-0.356753716974	-0.540896880008	0.253735567833	3826.77782294	754.401551058	True	
0.530202376802	-1.45257746139	8.19699597209	4.23184259593	-2.35672846078	-0.705790602043	0.424957777106	0.638974260465	2535.74760391	746.857535548	True	
1.00342240623	4.19175702779	8.53796276429	6.9450075304	-2.36623019502	-0.516685727077	-0.482605053591	0.995407894019	4137.96821167	739.388960192	True	
1.21351939729	4.29367691311	6.11929536289	4.87474299438	-2.32037055526	-0.842535813604	2.89710237691	3.32503434176	5380.71954964	731.99507059	True	
0.794827042975	0.613333594999	8.08332464426	6.91307070571	-2.5064093865	-0.800791186646	2.19145740541	3.79450707531	3790.70387098	724.675119885	True	
0.689038580331	7.34571696822	8.62344128262	7.27161859021	-2.33731501301	-0.842848603076	1.15449506714	3.21001286278	4841.28458507	717.428368686	True	
2.47352171152	3.18828701274	6.50118259729	5.53730345305	-2.26306887944	-0.506644191749	-0.470556383785	3.49878609254	2960.49655715	710.254084999	True	
2.76627962138	4.31255177265	6.49820421546	5.11096919494	-2.08229560725	-0.762476371268	0.131273225561	3.66613356888	3625.14809481	703.151544149	True	
2.58020974701	2.39562731283	9.29014256078	6.26626275752	-2.25651755589	-0.769565049411	0.91428637381	1.6062970827	3548.58933128	696.120028707	True	
2.79545933998	4.83891516886	5.26856044646	5.45902821639	-1.9307128	-0.956256058639	1.69644516603	3.62484594905	7069.35717455	689.15882842	True	
1.80398700385	6.02069901039	5.43601204583	5.14900488117	-2.5460749078	-0.881559810551	1.71425593727	2.4132863245	5078.25997362	682.267240136	True	
0.922036233661	5.93546638667	3.26223800415	5.46581179546	-2.56743173849	-0.791188201501	-0.0876381016521	2.66652356691	3390.50692703	675.444567735	True	
0.0191918037153	-1.49662638195	3.30914239697	4.30850109841	-2.2222480889	2.2594339194	-0.0890398591895	3.56773832432	4218.9512938	668.690122057	True	
0.831659580615	1.35726958906	9.78671936559	4.60390764989	-2.30402749373	2.01498245676	-0.722231334327	3.66531724167	5060.10551276	662.003220837	False	
0.162656465786	2.94322189296	8.22502401649	6.95216563188	-2.40602717814	-0.836496327967	0.256664895626	3.18622620153	3682.40394027	662.003220837	True	
1.92717155281	3.32957989914	-0.0607669216802	4.6693494953	-1.52392063847	-0.723347251326	-0.227867047576	3.0663584428	5008.85957347	655.383188628	True	
0.912860364667	2.79715862349	-4.18053644985	5.16413952429	-1.54175830415	-0.781479167273	-0.199866553128	2.78923534589	3927.93141762	648.829356742	True	
1.5154386334	2.5700529775	0.650646198649	3.98683180462	-1.8806769041	-0.846445802483	0.453991712987	3.71492806654	5082.18099026	642.341063175	True	
0.289707932824	1.22006205573	0.238820708254	4.38954472616	-1.78483873284	-0.862009090923	1.01322846641	1.76000758016	3602.26165186	635.917652543	True	
0.223162142141	2.38853216829	0.00354055255461	4.84416868334	-2.20191067525	-0.606505418133	-0.235194903593	3.08619603054	3108.17995697	629.558476018	True	
0.410199527175	2.05220894804	-4.28743255656	5.79377248446	-2.04986228335	-0.791361321699	0.197634076983	3.7827900592	1870.70926677	623.262891257	True	
0.921908551469	2.21040675273	-5.46398734805	5.32169807989	-1.58776230433	-0.485351484058	-0.489571903626	3.61755735047	3312.91579476	617.030262345	True	
1.29784312637	2.8838313194	-2.16837088854	5.9290807599	-1.27080946635	-0.83210298991	0.116417405109	2.30551254056	4150.53869751	610.859959721	True	
0.76874570484	2.15089836714	-1.2913645833	4.39927198765	-1.08438218714	-0.721953509537	2.80964183141	0.876566204152	4380.87594395	604.751360124	True	
0.340718169905	1.42882264001	0.532231053078	5.88486822861	-1.50483593888	-0.761857610404	2.97369716712	0.378532209708	4072.7288768	598.703846523	True	
0.856939876674	1.39265052442	0.876533973843	6.62404246017	-1.69609205147	-0.823554553595	2.09880826742	1.06678271666	4183.81518054	592.716808058	True	
0.92438188709	5.4448266469	4.05110892708	5.81936011915	-2.48434850305	-0.51895232381	2.00478465859	-0.695123242813	4701.28293143	586.789639977	False	
0.857056223272	6.29082325249	2.08002251857	5.39592185111	-2.48967055264	-0.777024020902	-0.383477095811	0.731444645779	4720.56188692	586.789639977	True	
1.1746719017	7.19504476546	-0.426826182405	5.95149786586	-2.32187360746	-0.81297123908	1.50859184738	1.44940464519	3512.28172708	580.921743577	True	
0.806377114666	2.76263094975	2.30936356161	5.25831734972	-2.26223738372	-0.824856912732	1.2212458444	1.66050737659	3322.93129095	575.112526142	True	
0.591763469334	1.12757084773	5.29616800457	5.70791438301	-2.27190981735	-0.848040210409	2.59131468901	2.79361188336	4241.92172917	569.36140088	True	
0.437247350786	2.59074407098	-0.137280433943	5.45734741478	-2.05991781473	-0.87264870763	0.125613402943	3.46720514659	4057.38428151	563.667786871	True	
0.255014534315	4.2154800355	2.92583367976	5.57860907992	-2.35995522888	-0.852738442346	1.17995812779	2.27587680382	3437.7013384	558.031109003	True	
0.0871667914296	0.372941511628	2.05833544779	5.04873824896	-2.22916615691	-0.627850013162	0.167879191383	0.699513049858	3039.16439803	552.450797913	True	
0.706077564692	1.54844746764	0.378837025189	5.24105882117	-1.93329827317	-0.593566838697	-0.197625728827	1.30442365421	2816.15553693	546.926289933	True	
1.71577333289	2.60424470112	6.24380544754	6.30021392009	-2.45925141562	-0.0788399361571	0.679030866436	-0.771533367398	2282.91103775	541.457027034	True	
1.3681483518	3.73360492493	9.07807506145	7.25809507733	-2.4628882758	-0.540171226561	1.05057476925	-0.385692550447	3203.39894949	536.042456764	True	
0.449698729623	4.41676653597	8.06127608914	6.08290320274	-2.4719088254	-0.628968862035	0.0563396121854	-0.0768580648646	2820.33957259	530.682032196	True	
0.151416531923	2.22785993181	6.10958698271	5.86315813853	-2.45430111362	-0.420858846712	0.0437136340441	-0.420280866883	2238.39331545	525.375211874	True	
0.800819097387	-1.28261219509	8.0576039248	5.40923123589	-2.4127780432	-0.565925684515	1.02907421038	-0.456341810195	2276.60918424	520.121459755	True	
0.198589841908	1.84280396524	4.53361462214	6.58442650439	-2.37804717921	-0.806159499664	0.744752496934	2.07799381947	2016.80537513	514.920245158	True	
0.713676052438	-2.15758044877	9.29357359346	4.44070057361	-2.3226880047	-0.719603801191	0.838501536996	2.77189885353	2366.01644194	509.771042706	True	
0.52463469882	1.35777310072	8.82064387518	6.70457866059	-2.41721482756	-0.736716588607	0.0105514976915	0.652701417558	2892.2393877	504.673332279	True	
1.11893051417	2.11266316014	9.88903821154	6.11014901554	-2.44482877387	-0.618702495738	0.708544623767	-0.402286692447	1747.71778856	499.626598956	True	
1.78882656867	5.93586701325	3.21680958053	5.41828089781	-2.32941937132	-0.69043104894	0.0719287299071	-0.136022939581	3165.00560975	494.630332967	True	
0.530317775427	2.56415458867	4.50603727447	5.85182890226	-2.40844110225	-0.773064157879	1.13090714614	0.287916144333	2257.92717284	489.684029637	True	
0.248701081552	0.562406746472	9.12313548127	5.91182547389	-2.44755394744	-0.70398248419	0.466864909318	0.270948971167	1860.9103961	484.787189341	True	
1.52742772346	5.70015083768	5.03235359522	5.66660932031	-2.44644559165	-0.838309381673	0.862509113129	3.86562521443	2980.53869736	479.939317447	True	
0.454611334779	1.21348689477	9.02015147439	6.38562208018	-2.38968210338	-0.77285056904	0.776064804298	3.43747925398	2182.75920951	475.139924273	True	
0.676085160546	1.06962474829	9.43408779632	7.21315174195	-2.36818434813	-0.797994379626	0.61223509073	3.59172066135	3065.57638011	470.38852503	True	
0.634686987058	-0.384130273495	8.53386987836	5.27690016951	-2.51683213342	-0.745240390229	0.217479239931	3.3743799285	2224.3526011	465.68463978	True	
0.264118272073	0.82674853626	6.09378704853	5.19346334283	-2.42773495939	-0.776169316474	-0.221260454141	3.74961604244	3106.28851034	461.027793382	True	
0.364720634902	0.452912812143	7.16146153775	5.50279604098	-2.33556889609	-0.802831229067	1.21487886355	3.0216317137	2465.4943413	456.417515448	True	
0.287753778484	-2.92403926247	9.93214681172	4.78707921121	-2.40751388989	-0.616962095049	0.758067357474	3.37835821037	3063.21732763	451.853340294	True	
0.278245103803	1.5023880706	4.44639094356	5.62311070418	-2.43264497782	-0.869309353512	0.560737796905	3.49522775104	2049.46054852	447.334806891	True	
0.119040966954	-0.178278703431	4.455736372	4.49601756902	-2.45986399671	0.0122684508229	-0.439618987411	3.27797820466	3409.20189733	442.861458822	True	
0.494739994442	2.38224538694	-1.21467364272	4.94730049353	-2.37396931313	-0.694752577103	-0.156112111387	3.27247002017	2228.09314097	438.432844234	True	
0.0898219268897	1.58334410445	-2.492051275	5.11683860261	-2.05056142195	-0.778742671199	0.521118988665	2.35909115634	2042.49341049	434.048515791	True	
0.465235085264	1.78115478787	-1.84812239944	5.75974715177	-1.76973969122	-0.799461163041	0.420847327295	2.77511291283	1783.14534251	429.708030634	True	
0.204287863729	1.38984354719	0.600590241814	4.7844984221	-2.15419252176	-0.765011988483	0.368805595437	1.56723150174	2176.49179413	425.410950327	False	
0.258281312969	2.7709337758	2.3093864084	4.40897645188	-2.47174964335	-0.782198761638	-0.0634334241092	0.964422665375	2901.71433515	425.410950327	True	
0.271791096508	1.06415554051	2.39009659997	5.22647010897	-2.4342631612	-0.594621700188	-0.403295867415	1.14864911015	2688.61555109	421.156840824	True	
0.0596622039492	0.757111725351	1.77484985049	4.32183771447	-2.16337604039	-0.520532654027	-0.488449129287	1.32637154531	3514.18003518	416.945272416	True	
0.509492061339	7.907752171	3.79377894325	5.03698419961	-2.53819540689	-0.808554478587	-0.0223252385659	0.81324009265	3969.44230993	412.775819692	True	
0.694809694617	-1.25364338577	9.30639673608	5.60015734728	-2.37707066777	-0.671677355119	0.70522014107	-0.193435271913	2179.35154555	408.648061495	True	
0.441733051168	0.439702140099	9.51623683059	5.43879298923	-2.41778563438	-0.798711204422	0.623047080296	0.485442980421	1618.51082491	404.56158088	True	
1.51445644204	3.33473043899	9.11585814359	4.91616784209	-2.44778986349	-0.720494113249	-0.292515565422	2.32447615202	2463.75491953	400.515965071	True	
0.804130595372	1.16829900599	7.69669538086	4.73535501798	-2.37841491501	-0.37300449667	-0.409519447491	0.730082313865	3075.99013181	396.51080542	True	
0.661414770287	3.26472721279	3.33811551376	5.72392696646	-2.3041853728	-0.794798980351	1.17413045557	0.638460353503	2856.32501338	392.545697366	True	
0.374208599481	0.0354057052752	6.40475897612	5.62596036051	-2.33516543339	-0.767565888114	0.999063842911	0.596848252016	1995.80946983	388.620240392	True	
0.177733091141	-2.21775593363	9.88035466956	6.13372421116	-2.39423577648	-0.687320445539	1.93564898581	0.0550354110528	2395.11240587	384.734037988	True	
1.05066614825	2.9721745726	4.43533628539	5.68603501998	-2.45841374191	-0.728701247133	0.59645099295	-0.0017555200093	1856.80278381	380.886697608	True	
1.68500414707	2.97676118092	8.36193738285	6.37388119253	-2.43688009315	-0.731933817995	0.241499253219	0.826472884726	2437.25735535	377.077830632	True	
1.34316391947	2.18550658526	8.93442081545	5.25250764804	-2.38494983985	-0.115625906698	0.294915011759	-0.625639472231	3601.70223535	373.307052326	True	
0.973462651498	0.477949801089	9.68127070599	6.25725190456	-2.46156600181	-0.810271651556	1.09170280285	0.505232407171	1852.85862409	369.573981803	True	
0.144205868901	2.01887375647	3.81751154941	5.83779989461	-2.35007640076	-0.79983835092	0.686722031652	1.1473778342	1892.70346309	365.878241985	True	
0.292420906155	5.67063795565	3.57035701832	6.03558988747	-2.44445410476	-0.846952002803	0.661109950714	2.34366554601	3092.43350745	362.219459565	True	
0.457877967017	6.07839095891	-2.49686478434	5.59701857221	-2.53284787432	-0.773295373686	0.512944034761	2.20302212024	3310.22779575	358.597264969	True	
0.317638270947	9.0228264467	3.61651035766	6.41306119426	-2.43462851429	-0.749756470102	0.0953076938901	3.70982335221	3983.59036742	355.01129232	True	
0.639233091895	3.64597448709	0.453398034018	6.34967121006	-2.41158216399	-0.807594441297	0.41060292579	2.07493641336	2563.32636008	351.461179396	True	
0.418864798768	0.853457350072	1.09460026509	5.23552193737	-2.23937173044	-0.852815028143	0.269220059825	2.31944553512	2671.14990022	347.946567602	True	
0.0877972985304	3.96083842929	0.492965604592	6.07933949489	-2.37202860274	-0.678574448324	-0.204056412629	2.23042086283	2678.33753336	344.467101926	True	
0.0182477642764	1.12081066391	-1.25925318641	5.53035248722	-1.93575068922	-0.842963421245	0.512774888177	3.15730713228	1753.40184658	341.022430907	True	
0.726921736563	2.97820455322	3.94564053573	5.96321087671	-2.30350340003	-0.749931332727	1.53995454532	3.81206380777	4168.0651777	337.612206598	True	
0.454287447713	1.11624142075	1.75512707525	5.10552751914	-2.43965625642	-0.672806195749	-0.0924263318496	3.87350229506	2414.14970813	334.236084532	False	
0.561449790847	0.983344029097	2.07916196525	5.60047309694	-2.20446779205	-0.80788793219	0.815489920386	1.72966475184	2444.20080043	334.236084532	True	
0.36984897357	0.766753823124	6.44624752782	5.09723612151	-2.45335030774	-0.693313861572	-0.0656814369288	1.28383222444	1693.10308993	330.893723687	True	
0.229175168682	0.716804089492	5.06908028301	6.33598532021	-2.36025331492	-0.727972738458	0.396475715616	1.94664445339	2675.83003177	327.58478645	True	
0.359430499287	1.98416330299	-0.760353449644	5.59870318535	-2.15071182948	-0.778866336361	0.562227654156	2.20746791125	1986.76992027	324.308938585	True	
0.105831413425	1.34894210461	-1.03653372761	4.97179652684	-1.4386399062	-0.75381878556	0.291736620721	1.49273265799	2016.3578229	321.0658492	True	
0.186536360329	0.287453185083	0.65465572408	5.31704476925	-1.36232486685	-0.785240314803	0.971836724649	1.12873526603	2620.29874749	317.855190708	True	
0.144208623536	1.33361596903	-1.29134032791	5.13238574428	-1.10503322919	-0.79857462221	0.539503588715	1.7491859098	1901.12894352	314.6766388	True	
0.245322097201	1.3764650154	-1.64845100138	4.60794582524	-1.2935800666	-0.782544231689	0.986675623459	1.72088542002	3027.39067903	311.529872412	False	
0.182524882834	1.29488691922	-1.25822904205	4.83344969024	-1.55220221179	-0.707837752978	0.0900425889283	1.85354102903	2031.49807364	311.529872412	False	
0.551143855215	2.18370814302	-5.20137172789	5.54179155569	-1.62231282318	-0.817487067662	0.359121191141	3.23119267862	2635.92570554	311.529872412	True	
0.677336895323	1.80624568013	-1.25494781579	5.33827946251	-1.69917583419	-0.808630749964	-0.0107360824699	3.98752126528	2365.92218743	308.414573688	True	
0.384344720995	1.10890075748	5.66343257556	5.97394092786	-2.42193799267	-0.795034062229	0.214338356345	2.03475007334	1721.29265558	305.330427951	True	
0.247442336405	1.59619434396	0.535462141581	5.26382643047	-2.2762765767	-0.66144488164	-0.259514342831	2.04480890473	1805.9385538	302.277123672	True	
0.451152142647	1.53775890272	-0.0189544428852	5.07019186025	-2.30431952874	-0.826257231642	0.620188212115	1.78428507657	2404.0461146	299.254352435	True	
0.464701731883	1.21859587831	1.23859697315	4.7145469765	-2.1496783214	-0.394659569592	-0.382820931023	1.70762379931	3630.9498169	296.261808911	True	
0.82220061042	3.47025707192	3.25737646689	5.79116230275	-2.36993919917	-0.776036995948	0.0808697912003	1.9307228047	1835.014498	293.299190822	True	
0.860965886312	3.23259727558	2.4191358342	5.62310958171	-2.2707595276	-0.714927368333	0.317735631546	3.22307478401	3285.99312653	290.366198914	True	
0.604556310679	0.422076444646	7.23277049162	5.91652134524	-2.31557415298	-0.837123928085	0.875407353666	1.73543089983	1836.63789968	287.462536924	True	
0.894903959801	1.04174534161	9.3632982984	5.3733525343	-2.38745088771	-0.486113807043	-0.361292493821	0.978357661061	2318.47435	284.587911555	True	
0.915047865729	3.03223337443	4.9080246512	5.23350074778	-2.46541178579	-0.835746978049	0.191025545482	0.653215234508	2457.68244987	281.74203244	True	
1.06258790806	1.59685570318	6.63317188493	5.55843871427	-2.33895418118	-0.711698815654	0.544969111474	0.0326619691576	1732.63770171	278.924612115	True	
0.823423381705	0.609409475452	9.1202239865	5.32996251986	-2.45108131915	-0.756303287468	0.294965552931	1.95134940077	1435.10056667	276.135365994	True	
1.03099035559	2.10764159094	9.20465670527	5.52970744288	-2.34953498881	-0.8494138012	0.622984806795	3.20498729748	2386.8670816	273.374012334	True	
1.72355795963	2.05075677874	6.24280068113	5.84250195809	-2.41649209793	-0.754768986993	0.158090798635	2.10812462136	1929.14903763	270.640272211	True	
1.7042780381	1.63147016158	8.36202132413	5.1521545446	-2.49365879302	-0.737342916676	0.185532913323	0.978179913582	2011.89009715	267.933869489	True	
1.7193885718	2.13218942757	7.46093488079	5.32768845296	-2.41557885741	-0.707604865804	-0.277006278567	1.32511437093	1888.96182265	265.254530794	True	
1.99282277148	2.24506426851	5.97377662586	5.69066862565	-2.32913740721	-0.712907006105	-0.317690684784	1.34892536291	2894.49567902	262.601985486	True	
1.37393242403	2.65302219191	4.87659007165	5.89259980061	-2.34670507152	-0.829575409177	1.15082990138	1.95854677727	2340.2087531	259.975965631	True	
0.289433685449	1.48785027745	2.29493814414	5.78713427497	-2.45999353201	-0.701041274218	0.153972821486	1.53672840344	2310.68921086	257.376205975	True	
0.482570519917	1.78602528409	1.77908651005	5.54752339717	-2.39143546081	-0.789793095365	0.320847555747	2.13845476358	1694.20256855	254.802443915	True	
0.165215469664	0.710908563898	4.35972497551	5.1115476494	-2.44602115911	-0.82594151616	0.159758542811	1.89868102037	2134.55278063	252.254419476	True	
0.623082027137	1.60239931568	5.15028164462	5.72380865626	-2.41230095699	-0.830767938116	0.506271718191	1.71795434245	1507.76781565	249.731875281	True	
1.04429891401	3.41392105725	9.53436983784	5.99340045557	-2.50065405452	-0.788965991366	0.567561521616	2.35137227095	2432.1543156	247.234556528	True	
1.27577495955	2.54832436351	8.50777902618	5.16679161369	-2.45907891137	-0.6882072157	-0.34535035787	2.62520124265	1986.89463262	244.762210963	True	
0.396077679474	2.05339530797	8.98407853583	5.01329430134	-2.48796581119	-0.797739627951	0.757108870537	3.13015294729	3027.68607575	242.314588853	True	
0.659250833988	1.047664425	8.57317645076	6.08177592523	-2.35760030918	-0.810162955817	0.443013361941	1.21456600319	1760.01439891	239.891442965	True	
1.04204870182	4.67353773156	4.55908134275	6.91322955845	-2.42718848231	-0.687746136902	0.698537332051	-0.344510019958	3267.33986494	237.492528535	True	
0.423534105649	7.53025497051	4.06712590774	6.10787475067	-2.42872306025	-0.823653984824	1.03997563631	0.276670724509	3704.19546884	235.11760325	True	
0.780283005164	7.2386312872	6.68496799199	5.8483745251	-2.41837120816	-0.859364233268	0.970322249176	1.005949339	3715.89912534	232.766427217	True	
1.02171360375	2.09815077808	7.90807183902	5.2491852021	-2.44544308776	-0.707909127683	-0.255219969161	1.59958836844	1749.33954221	230.438762945	True	
0.977383545832	3.03340467582	4.14167949921	5.48577398967	-2.35885267239	-0.636312150655	-0.258254348063	1.05821107024	1986.95117413	228.134375316	True	
1.05024994656	2.63155756443	4.71781033583	6.2832390371	-2.40342534069	-0.791757330214	0.601631650318	0.824480497578	1764.50283572	225.853031563	True	
1.47706136173	2.42335244904	4.36150037325	5.82518850754	-2.30047682085	-0.732951276693	0.0491538558493	0.533576097132	2096.18414532	223.594501247	True	
0.406966628213	3.15571676055	3.39525656176	5.80161586105	-2.36985701475	-0.796856919467	0.69633016602	0.891915334997	2148.63568412	221.358556234	True	
0.0722874187424	1.4422693201	2.03292505805	5.60206702318	-2.33154106422	-0.770983074133	0.238548599949	2.34512869715	1585.71925715	219.144970672	True	
0.0824790132136	1.02168926003	0.26113509843	5.43101402526	-2.0931299689	-0.745779092134	0.098662115728	2.3353924305	1541.66990416	216.953520965	True	
0.66869137542	1.55915512396	1.53181846727	4.83473401064	-2.25869640883	-0.704178912593	-0.0332571008622	2.28624750231	2225.85447078	214.783985756	True	
0.416753262611	1.4512415235	6.12682711802	5.07999477447	-2.51316407012	-0.748350232105	0.110208324261	2.62475633091	1865.37042486	212.636145898	True	
0.704517918277	0.707022093433	7.27805820932	4.99953710504	-2.39481775395	-0.74760951907	0.113424283037	3.0374967896	1531.74856956	210.509784439	True	
0.0713383742753	-0.570834026026	7.57984578505	5.54457988466	-2.40436889567	-0.799068346474	0.642134425356	2.64819261144	1664.96406075	208.404686595	True	
0.428643418326	0.112457102495	7.25892839384	4.7517831046	-2.42445425808	-0.791984625141	0.338006637213	2.7735020411	1779.14771629	206.320639729	True	
0.403505100676	2.82280867417	5.44819544539	5.80730741388	-2.44050269374	-0.656622633575	-0.220560455856	2.83266071346	2198.66956731	204.257433332	True	
0.52265609103	0.100503184728	7.11583117902	5.17968260376	-2.31050291822	-0.848869372746	0.747592007361	2.62030891036	2123.91500841	202.214858998	True	
0.451678902301	0.532627836605	6.34848426929	5.57386127348	-2.4192768645	-0.81357203476	0.895359008577	2.13687213769	1627.72597626	200.192710408	True	
0.434924075811	-0.223454735883	6.82617678682	5.31933170978	-2.23967683285	-0.750581311317	0.732977349028	1.51498113597	2626.3331863	198.190783304	True	
0.63844423166	2.28919642455	5.45180662525	6.02207389288	-2.46602011713	-0.82017460319	0.320667785941	2.98650618192	1727.89538929	196.208875471	True	
0.825408332402	1.39105463162	9.70470528485	5.01435874799	-2.40317612101	-0.653430472872	-0.122115126563	3.20176447034	2018.72782635	194.246786716	True	
1.2963364654	1.79153093272	6.82395509644	6.13691008439	-2.29076459789	-0.790951591966	0.502922147856	2.87953092505	1864.83101875	192.304318849	True	
1.05667172209	2.16514982965	6.94150525623	5.76018956357	-2.36022767628	-0.760050674822	0.0657980747994	3.39790933949	1633.41181205	190.381275661	True	
1.0123445742	2.13851622937	7.99805454172	6.3092541047	-2.38838219519	-0.815517287164	0.485045868403	2.78355786087	1898.45412235	188.477462904	True	
1.09471362481	0.782904515088	7.51015237309	5.42873787752	-2.44048882137	-0.742931426131	0.799094746046	3.99573964533	2438.88918917	186.592688275	True	
0.937913921419	2.80719012763	4.37636961103	6.05381160721	-2.40275313825	-0.803297418175	0.306643531269	3.90203035106	1626.77257597	184.726761392	True	
0.327353185923	0.731866908248	6.66063236989	6.28544982847	-2.38577270192	-0.836633535871	1.01013940274	3.431810926	1835.85990159	182.879493778	True	
0.918120351057	3.19986105998	3.31984929598	5.44455998136	-2.49855751969	-0.707027600301	-0.252794971618	3.60255532496	1939.15176135	181.050698841	False	
1.47462000328	3.17589433761	4.25766823214	5.9390589597	-2.28468000063	-0.806880391977	0.487740338017	3.40608917129	2091.21438925	181.050698841	True	
1.46209721156	4.43292463446	3.92372012135	6.21370037862	-2.44370670703	-0.819356680506	0.454524094561	2.40387028418	2314.13393306	179.240191852	True	
1.5642347021	3.77686701205	3.44076180513	5.60122734596	-2.30737009653	-0.717349094022	-0.208833506998	2.24145504905	2161.49966446	177.447789934	True	
1.40259609553	2.76247289925	6.07664505163	5.90173106401	-2.25251875958	-0.77453852693	0.376301818071	1.61339110884	2339.48466723	175.673312034	True	
1.48647308226	2.81909740013	7.51523866968	5.65828970756	-2.4640457683	-0.831273718875	0.533980981938	3.28987911092	2152.28032897	173.916578914	True	
1.27277654732	1.50136928968	7.28382642832	6.21160170209	-2.41109284001	-0.848092447965	1.08196176235	3.0817877771	2115.3825196	172.177413125	True	
1.02344613225	3.14734805222	3.32539751224	5.85666161195	-2.34722192709	-0.734818776359	0.392145075945	2.17217208315	2460.86343387	170.455638994	True	
1.43218335948	1.80839920289	9.53246549372	5.70347985135	-2.37115459605	-0.749342911472	0.104850029469	2.70656649605	1539.72846515	168.751082604	True	
1.57959733154	2.39045095254	6.80922619989	4.98777303318	-2.28401886532	-0.725858859718	-0.188835587343	1.27318623962	2153.79116979	167.063571778	True	
0.779038228788	1.74325634015	6.16607791739	6.09227646954	-2.31449456351	-0.786421966404	0.643225715209	0.562227937537	1761.15606117	165.39293606	True	
0.167354371975	1.43758230162	4.01136396298	5.63754990846	-2.46566527405	-0.804411661463	0.659297811056	1.4128181911	1679.95722856	163.739006699	True	
0.488186086464	2.98857197571	3.48903374259	5.91371823956	-2.44715946389	-0.835693426688	0.926211832427	0.72022543128	2190.67274194	162.101616632	True	
0.199457756472	1.31784445253	3.51924483735	5.79152435829	-2.37454650706	-0.783522353169	0.294596747216	0.578092777846	1664.58811306	160.480600466	True	
0.356838387373	1.19365995475	4.2337725961	5.67191218258	-2.48614945844	-0.816769201108	0.456563629925	1.03327199243	1777.00218364	158.875794461	True	
0.823122859801	-0.295657907937	7.15595917634	4.89836585329	-2.42129730094	-0.731553705408	0.492141591835	0.896959293325	1969.54819137	157.287036517	True	
0.89535841808	2.81317353781	6.57006098306	5.63084850835	-2.37893035087	-0.781679696109	0.127297815507	1.89455494512	1942.78969238	155.714166152	True	
0.750363261338	1.20226060439	7.7044614239	5.31407596239	-2.44817551831	-0.769931122318	0.0780554120635	2.09514080423	1456.28183045	154.15702449	True	
0.828079585766	0.39762934036	9.39280101105	5.84187961462	-2.47180371685	-0.814488656328	0.834942310743	2.36886425899	1570.41692122	152.615454245	True	
0.703469426718	-0.393273833706	9.78098042998	4.7269253392	-2.40946617494	-0.822511436225	0.476886974313	1.80822744622	1959.04684849	151.089299703	False	
0.994412818601	-0.50528761836	8.96916342778	5.4939402812	-2.408063158	-0.818672791676	1.19837902971	2.09626742458	1846.05075326	151.089299703	True	
1.65261778166	1.90036451492	6.77050979735	5.772082046	-2.3751116715	-0.78647331332	0.61516989141	2.42855056237	1863.52526322	149.578406706	True	
1.24207263727	1.11612241949	7.38527823587	5.24086846677	-2.37979934765	-0.738126453074	0.30206770194	2.23318117619	1743.5319599	148.082622639	True	
1.80007881692	2.83704797819	5.58501333249	5.57322519707	-2.27026223505	-0.775733802074	-0.147487949327	1.92961909558	2272.78413312	146.601796412	True	
1.58060082992	1.67972524197	7.6868851442	5.07954126311	-2.39385774713	-0.75926760525	-0.132833513259	1.8351706241	1766.27993062	145.135778448	True	
0.693926968143	0.144004761279	7.80165937151	5.65452043907	-2.4339745698	-0.784259487932	0.365556362165	1.4082849286	1614.21782471	143.684420664	True	
0.633999548208	0.202175568364	7.68710401166	5.52441838226	-2.3883043987	-0.796062970294	0.352588785088	2.00519086594	1542.73992677	142.247576457	True	
0.410059149307	-0.491134154931	9.26960658375	5.37404333402	-2.43139345611	-0.807532748458	0.718193968935	2.58516514811	1506.15180465	140.825100692	True	
0.158564051524	1.01630755691	6.59699833147	5.67180453801	-2.53274628482	-0.779798394625	0.402428924723	2.16329402203	1837.42106644	139.416849685	False	
0.601078178931	1.30283773908	5.77998376282	6.17770027765	-2.448074351	-0.830949169998	0.558355488752	1.13991030726	1769.71580569	139.416849685	True	
0.712231527704	3.5580480359	2.93981505801	5.49365615073	-2.39242841798	-0.771411244194	0.0199992519628	2.20582835347	1865.36585884	138.022681189	True	
0.915543032347	3.87802196555	3.11100144243	5.86539918206	-2.44854338322	-0.784437471972	0.424096507191	2.21645394794	1997.31577702	136.642454377	True	
0.668238555985	1.36801112864	8.49919496721	5.97209092643	-2.41078415786	-0.681485770989	0.0175920972948	1.95213075749	2113.59129063	135.276029833	True	
0.931215785442	0.37597258292	8.13800834395	5.0919543195	-2.44852135245	-0.777881273616	0.404085377349	2.97044270923	1507.45485849	133.923269535	True	
1.20481776828	0.599857471332	8.74184359515	5.11955100803	-2.48376943507	-0.709293343018	0.131126067652	2.53720846126	1856.92326021	132.584036839	True	
1.09029101274	1.39980570611	6.68070279965	5.73090853613	-2.48494693726	-0.738555302294	0.00917231593234	2.61075766022	1785.76742009	131.258196471	True	
1.10416772061	2.79850817939	3.14021072817	5.19072336009	-2.41992384688	-0.78029543238	-0.0339701998326	2.28600595705	1796.95374432	129.945614506	True	
0.68438230602	2.23313587086	4.17316538242	5.23445642276	-2.33737393204	-0.665039142419	-0.23794644325	2.02099478335	1814.6917827	128.646158361	True	
0.738428727438	0.947504750046	5.82922624284	5.10410273264	-2.4070266509	-0.741238403265	0.0854591777957	3.76316262953	1480.80528166	127.359696778	True	
0.786563473731	1.1304750015	6.00237955751	5.27001117633	-2.40984367434	-0.743365368616	0.140820164952	3.51558295077	1430.78302049	126.08609981	True	
1.26567485083	2.37762050515	5.80643269854	5.82610259968	-2.31906440488	-0.833833714678	0.681938721215	3.72452915249	1938.22654333	124.825238812	True	
1.65133178656	1.3597507914	9.9275179816	4.88615407283	-2.4355661141	-0.766050797023	0.0409173990348	3.84151615462	1652.36447224	123.576986424	True	
0.947367091491	1.45603369086	8.94256853465	5.85090485513	-2.46067700098	-0.811253189329	0.391253970472	2.69338116377	1528.34479128	122.341216559	True	
0.930664282292	3.08736337791	5.28557325234	5.40509067654	-2.45934334605	-0.621390963173	-0.346396954075	1.75369891664	2052.86966157	121.117804394	True	
0.683130216019	1.43080329034	5.69991521844	5.6431754324	-2.33951505128	-0.800414956656	0.373601756028	2.29316878757	1466.42374473	119.90662635	True	
0.278367405096	-0.973324118137	9.00397898348	5.62962376819	-2.45303225274	-0.772424423544	0.609293238274	1.20861588664	1887.23110022	118.707560086	True	
0.371822149466	0.344740109205	9.14555958333	5.61103988104	-2.46855505141	-0.778709747094	0.681927293401	2.06699229431	1637.41099155	117.520484485	True	
0.451352032756	0.473638308767	7.80079453068	5.7675701637	-2.37658836011	-0.792431615998	0.37121476568	1.9215488626	1581.37824702	116.345279641	True	
0.222499075647	-0.535339969411	7.73172600162	5.51044489872	-2.37831936967	-0.827367199882	0.931432386879	1.10119871023	1686.0621006	115.181826844	True	
0.31259044573	0.137516121999	6.87233231801	5.33602943456	-2.41763949411	-0.640000022242	0.185603966937	0.0631125542706	1768.70554991	114.030008576	True	
0.657933048064	0.609839508985	9.48624793145	5.53200285213	-2.37799791664	-0.634521956521	-0.0492581887446	-0.0639345422142	1952.58850566	112.88970849	True	
0.684588263651	-0.0754034170628	7.04305361844	5.350966581	-2.36099560573	-0.588100276922	0.137071937889	0.0228715962587	2250.94711389	111.760811405	True	
0.490513808632	0.881989810765	7.86022574319	5.51835071548	-2.36157392243	-0.767721943871	0.553502366089	0.31040961997	1709.26410559	110.643203291	True	
0.945458034814	0.971161829186	7.97705049868	5.362869496	-2.38811701961	-0.720811129768	0.206740959166	-0.0646267351273	1563.26278565	109.536771258	True	
1.54429939354	2.09646019096	7.16790654882	5.50348254847	-2.43199995547	-0.756619842926	0.157582242708	0.713206590602	1566.15443413	108.441403545	True	
1.56831933715	1.3242751595	9.3107136954	4.80072544823	-2.35736911307	-0.742468356782	-0.02246400441	0.38410839404	1826.57268048	107.35698951	True	
1.46384509185	1.82386850869	7.89536397844	5.4429275802	-2.47589216704	-0.734950447366	0.0721133461766	0.465404091478	1605.24130067	106.283419615	True	
0.900934832287	1.84257661134	6.78840689629	5.75772185112	-2.39652982166	-0.740627727395	-0.0274312515392	0.648862998774	1571.29782979	105.220585419	True	
0.888939087567	1.90481718698	5.36400379259	6.04400325788	-2.41393709483	-0.504010607833	0.202739933135	-0.460547285887	1575.24709111	104.168379565	True	
0.494934386712	0.167839155521	7.32341363038	5.65657127414	-2.42621337839	-0.67705609569	0.491049855724	-0.238653874018	1548.09975114	103.126695769	True	
0.717479052174	2.31576943241	7.03064074311	6.72933767166	-2.39861214843	-0.285782389337	0.397990313703	-0.644912094365	1844.24290418	102.095428811	True	
1.63914968633	2.37088342824	6.49338355868	5.54255877389	-2.38018732329	-0.711739419741	0.0552799072918	0.230821147454	1605.05568793	101.074474523	True	
0.940633656751	1.49549577617	6.46678760234	5.89594246406	-2.449109641	-0.758327418223	0.405030956538	0.34675363053	1429.15638808	100.063729778	True	
0.689035340147	1.48939541559	9.91045984928	5.77225552763	-2.3534058663	-0.650003898216	0.179592063535	-0.12725097936	1786.42108009	99.0630924801	True	
0.992707884101	1.39259796363	9.2507229316	6.18026854867	-2.46039666229	-0.537318802286	0.572976084232	-0.467631256721	1433.7111661	98.0724615553	True	
0.792851404173	0.709178214634	7.74308272637	6.36044772977	-2.36551579737	-0.564649192083	0.830138867379	-0.448713335631	1535.82965531	97.0917369398	True	
0.924216342206	0.105761085369	7.40608456794	5.7647231516	-2.40695193201	-0.762096128303	0.644885845963	0.239399344283	1704.12105701	96.1208195704	True	
1.14395970784	0.884665979456	9.63366530037	5.69145467174	-2.49781368259	-0.737864315521	0.435855118119	0.281069119671	1595.53881903	95.1596113747	True	
0.909833177538	1.86967987688	8.72752277725	5.86176168709	-2.42118695078	-0.744331913777	0.0288564179817	0.805020709921	1597.03521469	94.2080152609	True	
1.03626639146	2.31345420669	9.83356921373	5.02872735165	-2.44877381309	-0.764152668663	0.0372070614873	0.988277093236	1962.66257039	93.2659351083	True	
0.918311754137	1.67549393379	8.75909082097	5.54713623057	-2.39484901724	-0.772791921851	0.17538563674	1.83837367264	1506.59325656	92.3332757572	False	
1.25188012806	1.21776086504	9.68211859772	5.5336183459	-2.43252965261	-0.800495570075	0.327451318011	2.42809083187	1404.22072757	92.3332757572	True	
0.956427399926	0.889707678274	7.06464916531	5.76076448622	-2.35968261532	-0.783088580057	0.374181555824	1.28796875484	1468.14492514	91.4099429997	True	
0.590068625426	0.770546710055	9.84905705268	5.42730467829	-2.420181956	-0.79644845368	0.389421262732	2.4401028496	1469.53924147	90.4958435697	True	
0.480675729376	1.09683263049	5.86439986085	5.48659593977	-2.43794963547	-0.763227194606	0.189197179963	2.84342233775	1405.84855921	89.590885134	True	
0.574229364134	1.19609850711	6.90181123719	5.90886974086	-2.44194209226	-0.800703743533	0.516737033053	2.98652759822	1444.71727816	88.6949762826	False	
0.718191827274	1.65344350815	5.08165917826	5.86812524126	-2.43405026558	-0.808476388213	0.425430319343	3.86661987499	1455.17027665	88.6949762826	True	
0.718951777303	2.81553066266	3.5455677048	5.47268749279	-2.43562313587	-0.786531495386	0.0234435797809	2.98411824226	1632.85114345	87.8080265198	True	
1.08466861944	2.27995544738	5.09827920401	5.65469893801	-2.38018548287	-0.772627334169	0.170868813956	3.31478559387	1417.37545082	86.9299462546	True	
0.877631127673	1.26418061379	5.86233220967	5.49867677654	-2.35899991506	-0.801634063932	0.303580148739	3.20380842675	1417.26899597	86.0606467921	True	
0.980905153806	1.02695004059	7.23207271113	5.27441274747	-2.42335123817	-0.733018826176	0.0134797763242	2.87161153917	1439.7398194	85.2000403241	True	
0.472850011085	-0.469401686614	8.91533120864	5.57845807927	-2.40920403796	-0.818654607921	0.650172604283	2.97665501028	1616.2459207	84.3480399209	True	
0.63338855438	1.47002703174	6.59272828559	5.59448968807	-2.45566367568	-0.797790962278	0.370737724422	3.0421664344	1444.21519981	83.5045595217	True	
1.22514678686	1.52725082207	9.51755249485	6.0887789683	-2.3877159295	-0.829978954	0.506397409458	2.258386413	1735.98460586	82.6695139265	True	
1.06501894646	1.49922534166	9.24812633643	5.38786607142	-2.40109249019	-0.68860074066	-0.0709865424912	2.60916595066	1605.26932994	81.8428187872	True	
1.27166101805	1.3836678114	9.92537407906	4.9124228669	-2.37706847871	-0.709882201048	0.00567640185846	2.44818515172	1776.6190475	81.0243905993	True	
1.0399931121	1.73704825222	7.55897400557	5.49785219762	-2.37990580353	-0.773487336386	0.13360315172	2.66491768628	1474.183607	80.2141466934	True	
0.962398051348	1.39689640147	7.95322601708	5.87029173249	-2.45345471031	-0.72862432381	0.0343165753963	2.57238451506	1669.32389252	79.4120052264	True	
0.850243286203	1.1430656533	7.0770406499	5.51010147518	-2.45491098474	-0.78724400289	0.453809606612	2.93149327744	1426.6979362	78.6178851742	True	
0.979516727123	1.77255757151	5.14020940042	4.95951398568	-2.37711017034	-0.747769848671	0.0444898089898	2.70804684106	1599.40559076	77.8317063224	True	
0.553585322281	1.96285160242	3.3290537426	4.99964326987	-2.41223446372	-0.804212403131	0.258789498907	3.53405267744	1739.588275	77.0533892592	True	
0.678773520298	0.593586398227	7.53868779392	5.19194505383	-2.38718912763	-0.726035164699	0.0935086200935	3.66487308858	1536.92349407	76.2828553666	True	
0.770458679377	0.262703296535	9.75324229587	5.89289509831	-2.41145051109	-0.777146753411	0.718192015575	3.8958581559	1586.63868821	75.5200268129	True	
0.813042088602	0.560345863953	9.68776252678	5.70164757198	-2.44597914252	-0.81225094849	0.577077048853	3.88255692103	1423.027	74.7648265448	True	
0.607291212271	-0.156050132667	8.72245850789	5.72099043893	-2.48175260021	-0.806431194135	0.859819319871	3.21107199301	1567.95851853	74.0171782794	True	
0.776096831902	1.5284186474	5.24540630897	5.54081117014	-2.42237196389	-0.788580480524	0.400851102336	2.16809705873	1394.26758794	73.2770064966	True	
0.636498674068	1.03858746837	6.88909951795	5.7953886929	-2.4685259542	-0.793202111176	0.439739920339	3.0113863858	1447.33512754	72.5442364316	True	
0.739019495906	1.3886969444	8.9507599321	5.90473898698	-2.45330850012	-0.820686604898	0.7829898096	3.80132808462	1742.58880505	71.8187940673	True	
0.981973370598	0.719315212807	9.64447131539	5.4129466898	-2.41363786894	-0.754694320443	0.177115112206	3.44244474826	1384.18546176	71.1006061266	False	
0.815106740163	1.06395338338	6.84343266075	5.4287855925	-2.36962413859	-0.764156304084	0.498319211954	3.39506227626	1666.22426742	71.1006061266	True	
0.816414106435	1.29601946738	6.57128277347	5.3359903472	-2.4088849425	-0.774916818819	0.1493678149	3.53876060635	1364.10006334	70.3896000653	True	
0.602424336902	1.86483524934	5.04125861283	5.22904683756	-2.42106358423	-0.76191464017	0.0590593653203	3.40494333842	1483.90987759	69.6857040647	True	
0.688435935616	1.79348796686	5.62027527891	5.75787548587	-2.44426091342	-0.774847581796	0.321560113067	3.59915041161	1435.44735451	68.988847024	True	
0.379229716115	1.6643638195	3.4484581411	5.39139667293	-2.36533577271	-0.785633874532	0.183962117191	3.60078351197	1500.83326495	68.2989585538	True	
0.632581465745	1.51755662563	5.56492913525	5.74307590495	-2.40412172153	-0.747381290746	0.206195537933	3.96622559845	1481.73215517	67.6159689683	True	
0.588532542771	1.44518844204	6.02934247727	5.41226237627	-2.33284953495	-0.803721266194	0.175600818712	3.55728123925	1710.30055203	66.9398092786	False	
0.541431987848	1.2728468848	4.14384666622	5.07722868314	-2.43525662819	-0.779191952174	0.227604680285	2.82096310002	1602.28499079	66.9398092786	True	
0.480458136792	0.745493992573	6.81263347562	5.67854935266	-2.36707716388	-0.811847318504	0.481091068331	2.47857339524	1487.98420532	66.2704111858	True	
0.462938194214	-0.443646227264	7.49373673425	5.32406022196	-2.43869580646	-0.78303397333	0.867426898508	1.99552368168	1663.19998527	65.6077070739	True	
0.481379038044	1.67598764195	5.02401919821	5.34000739394	-2.40422202852	-0.781853337731	0.145319431074	3.04025771715	1443.80006765	64.9516300032	True	
0.420140566294	2.46113225257	3.35561142946	5.68328379994	-2.45708845452	-0.769728031951	0.345530912131	3.35125330659	1711.93466166	64.3021137032	True	
0.333142233625	1.58359157662	0.780896319868	5.78593567542	-2.37500557657	-0.766022216361	0.247642666466	3.53077180327	1768.64263812	63.6590925661	True	
0.18785458794	1.47946021036	0.908222971273	5.37671896891	-2.21147076941	-0.750518996277	0.216909462796	3.68033973471	1752.18013645	63.0225016405	True	
0.066924852178	0.749921495763	0.909333885888	5.16592326179	-2.11206201527	-0.730212696926	0.0811268458116	3.76747620379	1654.49158455	62.3922766241	True	
0.0641194703965	1.41128036418	-1.31934849301	5.43234141099	-2.14290596607	-0.745735177033	0.0133492623003	3.35490248182	1578.40315053	61.7683538578	True	
0.232548773309	1.32241234037	-0.0785538306351	5.31829884021	-2.04434170288	-0.812360844868	0.26713997069	3.42881242405	1601.10441135	61.1506703192	True	
0.0483892426864	0.924769573439	0.0408404463387	5.32338428002	-2.14115511495	-0.794854040552	0.142101589973	1.99196748392	1716.62015218	60.5391636161	True	
0.0408779541097	1.15753470013	0.11537339606	5.54064326023	-2.13896285227	-0.806886055565	0.44841894565	2.33775375313	1490.25872899	59.9337719799	True	
0.168391337838	1.60946571529	0.325071159788	5.72350708063	-2.31773800168	-0.79228908579	0.383093739378	2.08038637385	1576.23352321	59.3344342601	False	
0.0295628641114	0.866582565121	0.683146689719	5.20035547677	-2.23035205493	-0.746743811182	0.126545629443	2.05397095402	1557.46490968	59.3344342601	True	
0.373966235179	1.54328818959	3.10332007948	5.45483064971	-2.34420786308	-0.769371987429	0.180175559675	2.1952134849	1576.0019519	58.7410899175	True	
0.0504289808816	1.5354692757	2.83700473563	5.45148118416	-2.40055802173	-0.78818942686	0.212564965208	2.26592959921	1508.08078628	58.1536790183	True	
0.0214991892509	1.00252699405	5.08003865786	5.38284989476	-2.43121321855	-0.794103781262	0.305991445623	2.33086560379	1537.78699629	57.5721422281	True	
0.248933297415	1.457843304	4.27394797277	5.49847849324	-2.40654402013	-0.79322048011	0.247030078254	2.38750285905	1432.2489862	56.9964208059	True	
0.00859444514938	1.65814759503	3.35120797387	5.80487686378	-2.36926460315	-0.742932671725	0.243238392087	3.79393141316	1821.07204511	56.4264565978	True	
0.0785277937342	0.533674814685	5.06062569518	5.14948942586	-2.40796762155	-0.798289936911	0.452162546604	3.80964441214	1610.90817011	55.8621920318	True	
0.211985838167	2.00490712744	2.62418434863	5.42264986142	-2.38788483011	-0.795686854171	0.217600615001	3.63757646528	1577.40270263	55.3035701115	True	
0.153575404835	1.5584444602	2.83022974029	5.4443332202	-2.45953445522	-0.792078380313	0.266565481718	3.66533775968	1581.32266671	54.7505344104	True	
0.267493585009	0.927246727009	5.54618302469	5.64403682001	-2.43544510417	-0.815892212726	0.599954229098	3.44550745493	1486.54619775	54.2030290663	True	
0.385774309497	0.604855206214	6.53598170876	5.62439890449	-2.41567539748	-0.794136825584	0.503037796372	3.88725103875	1402.48099716	53.6609987756	True	
0.572000951948	1.7528125282	5.78291197671	5.53698957987	-2.38299430883	-0.809488814708	0.374357930415	3.47044912664	1557.03808707	53.1243887879	True	
0.951008614062	1.69749242263	5.28985507164	5.20726239809	-2.39640697399	-0.774438239368	0.239232118761	3.48198704528	1462.37274482	52.5931449	True	
1.33524925616	1.8853045643	7.33780394911	6.05649388928	-2.40082369274	-0.804045990938	0.296112661986	3.13976205117	1634.67449511	52.067213451	True	
0.885998063994	1.05386621669	7.49719505335	5.54516126489	-2.40084405216	-0.782033147487	0.176354060129	2.35660261586	1392.24924157	51.5465413165	True	
0.932233538648	0.339953529144	9.96226500175	5.51861125086	-2.4231021984	-0.804366036689	0.568679923837	2.98033577374	1387.40970072	51.0310759033	True	
1.02115013409	1.54593855302	7.42129910162	4.91090162033	-2.4364992391	-0.754303121329	0.110011902919	2.97941880852	1709.46085886	50.5207651443	True	
0.93756919412	2.33543141905	4.73657971677	5.14180922395	-2.39229510311	-0.760402558324	0.0465744665147	3.21779038128	1584.25260227	50.0155574928	True	
0.918108477334	0.934155743446	6.55554765416	5.08822502822	-2.39956960549	-0.785085118781	0.335759052236	3.40198568585	1476.55922715	49.5154019179	True	
0.467680098674	1.23201970479	5.54261389797	5.43532084966	-2.39690944368	-0.779678778029	0.165737266867	3.74201834186	1404.12188103	49.0202478987	True	
0.628489541756	1.89862647104	5.723659605	5.67913464307	-2.43599774755	-0.771555661959	0.23743704456	3.97249805716	1454.57883865	48.5300454197	True	
0.613790487143	1.9418273153	4.81446684342	5.24534259089	-2.41500928631	-0.750385116804	0.0948350723691	3.68896317474	1518.01896315	48.0447449655	True	
0.609095435408	2.22610499614	4.11391872289	5.47121524132	-2.42480087627	-0.821372345697	0.297402010398	3.18918309158	1577.4901654	47.5642975159	True	
0.561461125849	0.00582422705413	8.10422628924	5.60800838215	-2.40319647745	-0.802184067833	0.689195586985	3.51123082143	1428.91338981	47.0886545407	True	
0.397724697015	1.09669331098	6.34078369541	5.61271092723	-2.43548274978	-0.799439073467	0.329823751706	3.55582191236	1428.4505009	46.6177679953	True	
0.49647028063	1.38507071979	5.62577309859	5.6794119556	-2.43094109641	-0.790428254232	0.412020315767	2.68129265069	1383.5566023	46.1515903154	True	
0.148817878785	0.0251115772984	8.67124157447	5.71132718358	-2.43968053953	-0.802777166945	0.478217578723	2.73378169763	1670.22177971	45.6900744122	True	
0.642328287041	0.124135533865	8.22000712644	5.48010302234	-2.45712679485	-0.783965981028	0.635268175732	2.99084394797	1473.13636646	45.2331736681	True	
0.631851775252	0.611440000219	7.41490682979	5.27780624052	-2.4142416298	-0.758336507249	0.195344736025	3.8100203237	1417.15607358	44.7808419314	True	
0.713086845599	0.552403257601	7.28314814308	5.28007775784	-2.4446423865	-0.788654542015	0.610853581794	3.58684462374	1546.35378031	44.3330335121	True	
0.818520430793	0.429526284713	7.86674283254	5.50575794345	-2.34190052021	-0.75557182185	0.306549233492	3.56107680321	1587.96520442	43.889703177	True	
0.908195226705	-0.0230831190163	8.01795577841	5.25917276127	-2.41754397395	-0.775783821452	0.362125668211	3.09116303715	1549.61951073	43.4508061452	True	
1.06217590826	0.837397466188	8.26629224448	5.66741792116	-2.39144918259	-0.775658499241	0.507794057033	2.91615890597	1472.23719693	43.0162980838	True	
0.978168745187	1.38557132086	7.86111467458	5.41348456671	-2.39853995066	-0.78846294646	0.126945380331	2.5732849428	1447.47032643	42.5861351029	True	
0.881762403866	0.251648542021	7.76959570072	5.5108915517	-2.39492680102	-0.817666250196	0.500465997249	2.15723020855	1516.70751794	42.1602737519	True	
0.748964215734	0.888788345965	7.29068770318	5.58519545197	-2.41045286274	-0.800049536321	0.633160985171	2.06982885797	1438.2060809	41.7386710144	True	
0.435484092826	0.728060571877	5.66656862671	5.63804396949	-2.39978241437	-0.807720895462	0.718765941976	2.46030853093	1534.00509793	41.3212843042	True	
0.467286482599	0.399882068335	6.80737938967	5.34361036063	-2.45339723801	-0.781662205889	0.239645547873	2.28404544702	1537.24126787	40.9080714612	False	
0.601046581435	1.31378624414	6.12140553034	5.7211454903	-2.41251984643	-0.793086869321	0.231228838723	2.06737747418	1413.11428898	40.9080714612	True	
0.482731701939	0.470707388796	9.52608096044	5.16958559363	-2.43533519532	-0.738092394391	0.174411277464	1.91075668064	1561.84971026	40.4989907466	True	
0.525803051938	1.47180166905	6.78195563502	5.6821413903	-2.44862175897	-0.784546466027	0.243553202324	2.47247694477	1468.08908327	40.0940008391	True	
0.885981141843	1.23387719201	5.78318000591	5.514868595	-2.43584676928	-0.822671827581	0.48325467323	2.58836090652	1521.70236107	39.6930608307	True	
1.09076126909	1.94412925472	6.08622987549	5.52281117365	-2.41129165148	-0.75742660846	0.102803167249	3.15557759943	1398.40781044	39.2961302224	True	
1.08290381547	1.27973020108	7.24042139864	5.34752401273	-2.45464023552	-0.795142362899	0.396655640316	3.86356351328	1476.57284409	38.9031689202	True	
1.17140460933	1.11247950023	6.940836101	5.31636728325	-2.36332179517	-0.760713091386	0.182498302236	3.86450007557	1439.19801952	38.514137231	True	
0.9912908276	1.10247755267	8.89065498288	5.45526238646	-2.38584965697	-0.760074419134	0.11382261136	3.85662619389	1404.71115222	38.1289958587	True	
1.22258464183	1.35365589802	9.89471290208	5.36583489358	-2.47678830137	-0.801735212004	0.269752490581	3.46806743748	1527.23660367	37.7477059001	True	
0.991679774539	0.937954718494	8.99820495671	5.34957152809	-2.4050609807	-0.775928006937	0.316863098171	3.36674562281	1392.98057313	37.3702288411	True	
0.977898648033	1.5045146034	7.9619963372	5.54462159692	-2.4639321971	-0.767597363548	0.275574025574	3.17991744742	1481.1848377	36.9965265527	True	
0.817119351321	0.924387158747	9.39042298481	5.25889330831	-2.45060182026	-0.777950874374	0.123514167163	3.10837210924	1457.89949599	36.6265612871	True	
1.07175062912	1.27445291904	6.76471965284	5.6090971125	-2.41015390177	-0.83265036432	0.423722693952	3.17863857481	1539.08410596	36.2602956743	True	
0.973836548517	1.16036579873	6.69345139958	5.51902095607	-2.47365085718	-0.791444266981	0.401292493333	3.42183154853	1478.4606036	35.8976927175	True	
0.68230667066	1.48399160851	6.13706970464	5.44925618521	-2.42743555232	-0.751438828318	0.0384819888814	3.09848447192	1407.73272513	35.5387157904	True	
0.875907266588	1.43789366787	6.72027731037	5.28962479645	-2.44873766761	-0.74560386416	-0.0343884984279	2.58489855886	1461.95056043	35.1833286325	True	
0.839079233017	1.52388976764	6.10021425163	5.77360822605	-2.4239305799	-0.783221472892	0.378771297096	2.55377196638	1373.90762758	34.8314953461	True	
0.707998075469	0.454735385933	7.74840434918	5.27795032537	-2.40708833314	-0.793167621219	0.440758600901	3.13111747465	1406.29142577	34.4831803927	False	
0.953600109736	1.04845519591	7.44856428183	5.25622442005	-2.45691803054	-0.792673620537	0.307141706019	3.49524674757	1437.63897535	34.4831803927	True	
0.86601000423	1.05000623876	8.02012105112	5.57311451836	-2.42808650206	-0.805615005871	0.331052692852	3.13318415649	1393.43846097	34.1383485887	True	
1.24734178639	1.69260294098	8.11528012272	5.60466628603	-2.43706563256	-0.748473161073	0.0987821816943	3.03375962038	1462.30358538	33.7969651029	True	
1.07369485538	1.46936389783	6.25877026328	5.4276789829	-2.36796608412	-0.788077973289	0.362817285379	2.91849760662	1421.4980736	33.4589954518	True	
0.980829149625	1.63147393665	6.09956367665	5.41799488991	-2.38720450482	-0.743818570131	-0.0436364732032	2.68618971465	1425.4771888	33.1244054973	True	
0.859690383966	1.32360652371	4.83810911408	5.10100279011	-2.3801157749	-0.731245827077	-0.0110318937337	2.58152213111	1573.67296086	32.7931614423	True	
0.673107576929	1.88680191654	4.93220207747	5.39497183075	-2.38554513689	-0.802413188966	0.269672713068	2.52931764327	1459.25120068	32.4652298279	True	
0.852119715589	1.73113297679	7.34823982093	5.79333806266	-2.47126863616	-0.762277459141	0.102008571251	2.46377026054	1551.36829257	32.1405775296	True	
0.726055588998	0.751317901197	7.98245749956	5.33110783578	-2.47645182503	-0.797600166081	0.452894569121	2.42296913288	1485.06244626	31.8191717543	True	
0.562970210683	0.475216838327	9.5690164606	5.27891233371	-2.45956178875	-0.749923745445	0.169532931456	2.06569868909	1497.2032949	31.5009800368	True	
0.813167613716	0.240948762842	9.58004526499	5.22788491604	-2.42577263252	-0.754472757025	0.292533530957	1.79374585814	1431.4064129	31.1859702364	True	
0.805416088508	1.47162436348	9.40717804222	5.5699090967	-2.42713356829	-0.73585772076	-0.0917923787116	2.24264089048	1588.00781378	30.8741105341	True	
0.77328722817	0.097727952028	9.66224633719	5.20810092411	-2.39831076729	-0.770340279336	0.314577112781	2.06421215556	1448.79733605	30.5653694287	True	
0.972429258017	0.747635124298	9.57509627205	5.5240018762	-2.43903650154	-0.800606332472	0.505920502098	1.27521756818	1392.42218214	30.2597157344	True	
1.23158750968	1.2482691686	9.58857789356	5.38566603784	-2.40751104842	-0.750236644244	0.124468381406	1.04777287019	1368.3364698	29.9571185771	True	
1.40809870855	1.84876097058	8.20086040573	5.53024122018	-2.4024617901	-0.766130341315	0.110842133632	0.950467060109	1459.45188189	29.6575473913	True	
1.17147953285	1.1661549593	9.93143949894	5.58052804812	-2.40734766064	-0.759148134347	0.178126106643	0.442422081112	1395.19458947	29.3609719174	True	
1.25778614544	1.47669568626	9.45824842426	5.42582686072	-2.42524864951	-0.727166458446	0.244942881864	0.219317120908	1425.02084227	29.0673621982	True	
1.08972659393	0.79305790343	8.00412576455	5.57945836218	-2.43669758762	-0.737744174806	0.490366492249	0.124384934591	1400.23283414	28.7766885762	True	
1.18878925722	1.50656055001	7.91625176607	5.36192489416	-2.43161203672	-0.725866611507	0.175621497056	0.201184082862	1419.77254868	28.4889216905	True	
1.09552146116	0.709092364305	9.59529970935	5.65240011287	-2.38748683754	-0.748757320559	0.495470489263	0.196259634046	1408.01659679	28.2040324736	True	
0.915557824594	1.00973042091	9.88573985355	5.94619422894	-2.40374330923	-0.785479158718	0.589773285549	0.364004950795	1497.32425678	27.9219921488	True	
1.10397103027	1.33901816648	7.25389994805	5.79122940138	-2.41922844276	-0.759613987725	0.328990548207	0.234504264566	1401.80887341	27.6427722274	True	
0.826608571396	1.26059191742	7.56952694906	5.62494281867	-2.45085511031	-0.745293764594	0.325279072214	0.244263923081	1378.1416784	27.3663445051	True	
0.643484209627	0.472659768302	6.41692993004	5.41605845385	-2.40365515238	-0.743699865511	0.486702328994	0.297963440591	1470.9717046	27.09268106	True	
0.744655758363	1.31692317912	5.92013000789	5.96770715375	-2.37318832768	-0.475188782427	0.442765707809	-0.513047811342	1522.54685368	26.8217542494	True	
0.631055702125	1.6980623143	5.41872788998	5.84831075587	-2.42425474666	-0.700291937051	0.315735635661	-0.00572108913241	1391.44643738	26.5535367069	True	
0.611506575155	1.15623492127	5.79892519734	5.5068185651	-2.41283426798	-0.734386603667	0.356928419772	0.057227886877	1368.11528914	26.2880013399	True	
0.464765641567	1.59046096531	4.61362632243	5.88643004361	-2.41060082934	-0.794586239002	0.46724488644	0.581494781575	1465.41974861	26.0251213265	True	
0.598659626549	1.41163017929	5.60062777689	5.84321636082	-2.42952316966	-0.78432092778	0.496425690398	0.699696121018	1394.55832318	25.7648701132	True	
0.828848882046	1.23969055339	6.97473099699	5.6285707332	-2.42061265809	-0.768205728066	0.409734474643	0.557027346238	1352.34622978	25.5072214121	False	
0.783050245825	0.817589393347	7.37816044281	5.49245496632	-2.44660880801	-0.758512059674	0.328824759134	0.306442578662	1375.65850183	25.5072214121	True	
0.895507722892	0.829122742929	7.92651385958	5.47132092892	-2.44365122907	-0.742013603228	0.199938468271	0.523651430223	1396.34079662	25.2521491979	True	
0.659413677193	0.471217439166	8.09390644846	5.36131746022	-2.42746946729	-0.761605934095	0.430672974311	0.593669661076	1405.63467337	24.999627706	True	
0.471145480271	0.524375715353	7.33694679678	5.87401333148	-2.39561297751	-0.756666590213	0.715824556837	0.620358824665	1613.44529573	24.7496314289	True	
0.655173764372	0.354363237282	7.67552530977	5.60348491094	-2.43645153655	-0.768562692683	0.517800452058	0.699847285794	1402.32809572	24.5021351146	True	
0.824368156482	1.32810678092	6.17534485228	5.33499547268	-2.41479234143	-0.795339813496	0.346524757172	0.759669768439	1413.89234217	24.2571137635	True	
0.516765488613	1.47859713169	5.65527003781	5.56427937463	-2.41881009783	-0.766749459241	0.307770292552	0.566610617716	1379.12645706	24.0145426258	True	
0.635733894398	1.38784161323	5.91844910441	5.89601144966	-2.42228751365	-0.78605305851	0.4834581619	0.672960179471	1388.90858626	23.7743971996	False	
0.576785398703	1.1546043069	5.58507448752	5.48341708204	-2.41734035153	-0.77123011371	0.27898904343	0.947147109611	1355.96297608	23.7743971996	True	
0.59378049743	1.05460015759	6.09134875236	5.42861109017	-2.40291889582	-0.788428465444	0.464563127779	0.972870427097	1396.90866795	23.5366532276	True	
0.251356522311	0.911616753606	5.76311234534	5.70657795013	-2.43106975245	-0.814812127562	0.701685501766	1.29336143729	1522.09347957	23.3012866953	True	
0.353182990399	0.912378973154	5.9639356806	5.70190783112	-2.4354299608	-0.795096015788	0.431526531898	1.27710467359	1417.51692867	23.0682738284	True	
0.476135564178	1.25701395648	5.80485003506	5.60281275934	-2.39219428192	-0.779824963631	0.231811316623	1.38993040413	1398.1054747	22.8375910901	True	
0.694127289011	0.870020150949	6.86168690353	5.55215089094	-2.37519580127	-0.762208368817	0.251882034866	0.920788055734	1408.22500452	22.6092151792	True	
0.830572613609	1.09048663318	7.193828491	5.71440943794	-2.40766419593	-0.788583906159	0.319047864217	1.16035266857	1361.47335476	22.3831230274	True	
0.776076525627	0.701063917447	7.96369309419	5.37787388833	-2.46908342651	-0.797805938253	0.379570088279	1.75836894959	1433.69872462	22.1592917971	True	
0.936561385411	0.482398812725	8.77632828223	5.55310525342	-2.43094379643	-0.800147128551	0.552470563228	1.76459536244	1388.76116628	21.9376988791	True	
1.10811441307	1.22256790299	9.19934429708	5.15558602927	-2.42630763886	-0.761904801021	0.141768086111	1.59120916029	1426.42942165	21.7183218903	True	
1.06791652141	1.08561906316	7.90342869602	5.61976867106	-2.40002239079	-0.789899557359	0.394482358688	1.29783487078	1361.58383126	21.5011386714	True	
1.02037822222	1.32460900566	7.00437458793	5.62706192531	-2.37651316823	-0.765347513063	0.264389951234	1.43343665973	1393.15722706	21.2861272847	True	
0.921513948153	1.34410327213	8.45502661925	5.5434145649	-2.43797456042	-0.774266721082	0.112351736345	1.63563306731	1418.64504018	21.0732660119	True	
0.733973368953	0.744108127422	7.02800272677	5.4072947153	-2.39965019273	-0.777455755495	0.331741301884	1.07761014625	1351.31337285	20.8625333518	True	
0.628056884138	1.15453870445	6.12241890075	5.43879238957	-2.41175572679	-0.788510932421	0.353194825239	0.732097186722	1367.44947299	20.6539080182	True	
0.433564057135	0.903560390473	6.49020662907	5.61849995558	-2.40482087727	-0.745087075378	0.454403657235	0.223117688201	1403.22639985	20.4473689381	True	
0.603829799318	1.70645712496	4.95985281294	5.78936642807	-2.40902083745	-0.777582456591	0.328814280552	0.579886139506	1375.66379532	20.2428952487	True	
0.486184783891	1.35426512452	5.12611460241	5.63793650152	-2.39989558295	-0.784413269909	0.415234821946	0.500354531173	1385.48956364	20.0404662962	True	
0.583610315142	1.80845178755	4.61740109798	5.56032094185	-2.37276308548	-0.758520112097	0.174398652522	0.419292826958	1423.54281149	19.8400616332	True	
0.706161527889	1.02045432925	7.21879978041	5.60738128997	-2.41396743639	-0.745740027319	0.368168121894	0.360628128437	1366.66892936	19.6416610169	True	
0.94262952493	1.66355747035	6.6556569702	5.61540658968	-2.44001545801	-0.703170519457	0.180287742419	0.045328237422	1387.00279008	19.4452444067	True	
0.984720750292	1.52671641717	6.28815391328	5.60069867882	-2.39611475059	-0.719489971038	0.238941937879	0.10419350788	1344.1467871	19.2507919627	True	
0.892355597092	1.37387392829	6.09809485165	5.59758067498	-2.41903287372	-0.738040864056	0.395052474837	0.183986512601	1354.76125903	19.058284043	True	
0.84905630364	1.0264749229	7.08205050555	5.76623320232	-2.40846470305	-0.737036848755	0.480343930101	0.0984705620687	1340.14836049	18.8677012026	True	
0.78687759897	1.30484227178	5.86559567241	5.71480481423	-2.39380023777	-0.760579948647	0.41432383922	0.314087975702	1354.05845876	18.6790241906	True	
0.822999643133	1.19463451237	6.18606230278	5.27231898275	-2.39946282154	-0.768707607085	0.37041580224	0.582741811349	1426.017936	18.4922339487	True	
0.668349292682	1.0240126799	6.51826587723	5.6557620202	-2.41283021134	-0.784516767972	0.475078806268	0.64577368901	1342.98132978	18.3073116092	True	
0.673455138452	1.30225392674	6.49291219364	5.51866150718	-2.45848286211	-0.793922496903	0.289336089282	0.985142840854	1422.90963452	18.1242384931	True	
0.699862199723	1.44059084695	6.27410361822	5.57684480211	-2.40927118358	-0.778854813022	0.257334188444	0.809848354988	1358.15184659	17.9429961082	True	
0.791917166182	1.32170127425	6.13153432426	5.43874016615	-2.43071599347	-0.781167824387	0.276226980962	0.867746221695	1346.90134631	17.7635661471	True	
0.698970256976	0.854912105073	7.02486554713	5.55086498545	-2.41339209839	-0.753772966797	0.238233197236	0.847273878038	1381.06048748	17.5859304856	True	
0.679190423259	1.36827825753	5.35579851508	5.6605554846	-2.3961857869	-0.78863935003	0.350753049043	0.89126726215	1363.78591687	17.4100711808	True	
0.752530132704	1.71057615898	5.58584190148	5.70082169304	-2.40692035924	-0.776632708405	0.339749719326	0.62232553644	1347.64780947	17.2359704689	False	
0.78914395757	1.25416149905	6.95321887577	5.62084977752	-2.41499518703	-0.736229341349	0.350144467938	0.279264169758	1372.24305477	17.2359704689	True	
1.01595017539	1.08873158476	7.55652585741	5.33855794195	-2.42071198074	-0.761379458139	0.303776627699	0.563223033103	1375.69714007	17.0636107643	True	
0.809642862679	0.755992804683	7.47616158404	5.69893041289	-2.41386900763	-0.789652825791	0.583152490988	0.768026283773	1366.01121644	16.8929746566	True	
0.873403011216	0.639053348379	7.59596025365	5.58993515386	-2.39966382956	-0.783160894264	0.524875243435	0.779408483747	1365.2650154	16.7240449101	True	
0.893436273432	1.17836601028	6.69154425169	5.62141153631	-2.41633841976	-0.778319370387	0.411526602168	0.838186606353	1339.10414316	16.5568044609	True	
0.913153392095	1.03148049885	6.39497044085	5.40442863091	-2.42527281498	-0.78296567579	0.36593063061	0.61343794381	1385.95887571	16.3912364163	False	
0.995188806989	1.04365621443	8.12401305657	5.3473087156	-2.41162064272	-0.72652291931	0.115751552147	0.576027850261	1396.43482474	16.3912364163	True	
0.913628001437	1.02606331491	7.99526505343	5.59464844683	-2.43753213319	-0.772309682636	0.318234954401	0.601238066457	1352.62649558	16.2273240522	True	
0.908157763188	1.00002326399	7.386970794	5.56709489398	-2.44651091444	-0.759794776887	0.417700654989	0.25211351677	1364.97368664	16.0650508117	True	
0.865938721884	1.12419180481	8.48506137698	5.67579194025	-2.43204148875	-0.755615185313	0.34343645217	0.50687827674	1380.64368737	15.9044003035	True	
0.715738028456	0.273314429371	9.23817817541	5.52501240576	-2.44231079733	-0.784760838693	0.510695076856	0.492547671508	1411.70331234	15.7453563005	True	
0.929510469133	0.895049988067	9.11749157487	5.63350006677	-2.43835191753	-0.733365693456	0.379416072515	0.236388076594	1374.98161633	15.5879027375	True	
0.787263441377	0.989806956699	6.91143266559	5.52985801276	-2.43605661275	-0.783627141009	0.380496539594	0.747718955994	1342.60121418	15.4320237101	True	
0.719475615994	0.919748953302	6.8520963445	5.4370277671	-2.42133094019	-0.77177147693	0.31919767065	0.611867409788	1341.83008697	15.277703473	True	
0.627985355603	1.09800459251	6.34201489717	5.56626405922	-2.44018493906	-0.776180451506	0.356342476737	0.683652991838	1353.2525498	15.1249264383	True	
0.643203141235	1.17693952816	5.91591073267	5.58374239728	-2.4007120748	-0.776324044622	0.514025689451	0.578785463484	1385.44879354	14.9736771739	True	
0.646535519707	1.4989597576	5.30911315449	5.51654062266	-2.40737245992	-0.749186466392	0.206155425669	0.563418709512	1352.489518	14.8239404022	True	
0.652450655908	1.19178901925	5.91336779029	5.44199791678	-2.39456756164	-0.748288536259	0.217717865414	0.47238917132	1362.16738806	14.6757009981	True	
0.874582123743	1.08945950441	7.16515885266	5.62084087266	-2.42871606948	-0.764232790104	0.340199046731	0.661824020015	1341.54709669	14.5289439882	True	
0.728624125885	0.906615039619	7.03704444481	5.5370576894	-2.40683933495	-0.763451767375	0.309254576771	0.762261203183	1346.08261501	14.3836545483	True	
0.799665950195	1.35874002674	6.26555429933	5.54419857148	-2.39845078414	-0.752181976362	0.180989797509	0.742812718289	1350.17877905	14.2398180028	True	
0.67651799274	1.08672676286	6.04567871268	5.45847757087	-2.42868007056	-0.779814889562	0.366753456801	0.727383104252	1353.23509425	14.0974198228	True	
0.81672061183	0.880222802059	6.73430467433	5.5032019269	-2.37776154504	-0.773266893632	0.287231116689	0.830279556724	1375.6960935	13.9564456245	True	
0.617197587011	0.890732594011	6.39485253747	5.71853857938	-2.38452641706	-0.783644673878	0.443256043403	0.683420330605	1386.28079931	13.8168811683	True	
0.663995969819	1.32111213501	6.16519350705	5.51714576608	-2.42618940189	-0.795603056445	0.326522761017	0.809204134461	1382.59525867	13.6787123566	True	
0.68427392844	0.931828334064	6.72341499272	5.6139752987	-2.41372583038	-0.779665258934	0.414144551986	1.35611508131	1349.45968703	13.5419252331	True	
0.645626838069	0.415239613582	8.24699680262	5.59496411709	-2.45106433074	-0.794386474947	0.488439943807	1.49911450286	1396.35132055	13.4065059807	True	
0.795214641715	0.883211929807	8.08785343596	5.65934088776	-2.40559888787	-0.784910317231	0.342721832503	1.6751133869	1368.82274416	13.2724409209	True	
0.818428882468	0.661104828366	9.12180063309	5.44248914217	-2.41853024547	-0.785942039552	0.31112352446	1.86916428742	1364.92660076	13.1397165117	True	
0.851610230765	0.827552600157	8.93452669813	5.46176383919	-2.40718049473	-0.775916256435	0.245683733706	1.99807362438	1367.38518474	13.0083193466	True	
1.0092033333	1.13211122167	8.12233786932	5.25486634648	-2.4122976744	-0.763333976344	0.184354783856	1.56684340905	1393.71047489	12.8782361531	True	
1.03260110936	0.553839444376	9.57694063161	5.23632447057	-2.40676678175	-0.780295700765	0.265748440607	1.27585216921	1393.60899951	12.7494537916	True	
1.14946245948	0.867615239975	9.34456699446	5.43622956266	-2.40083311708	-0.767531754551	0.235339272183	0.97716841925	1366.65490281	12.6219592537	True	
1.08258200425	1.34646069089	9.50080859885	5.4124642638	-2.44652291163	-0.742428624634	0.125945649125	0.805468591244	1399.95560774	12.4957396611	True	
0.97239706102	0.816715082758	9.03635940708	5.48105544789	-2.40524999342	-0.766095286156	0.284777628791	0.66589281171	1356.35687468	12.3707822645	True	
0.851744458562	0.63088007444	9.29173968033	5.31905266591	-2.46025812585	-0.761454839505	0.276387993396	0.600970724183	1407.86931006	12.2470744419	True	
0.894219242769	0.610159469619	9.56007828715	5.51885419134	-2.40984775159	-0.767499816892	0.364995109016	0.753288228898	1360.29480807	12.1246036975	True	
0.784126788313	0.689913841807	9.61687681093	5.41904479072	-2.4189441521	-0.741990714301	0.157263228366	0.683464814624	1413.20323257	12.0033576605	True	
0.690760811918	0.534824812913	8.5651387755	5.54476006084	-2.42406797679	-0.762970457311	0.398555217763	0.595851234571	1375.78035976	11.8833240839	True	
0.796525525404	0.970702978464	7.60018317829	5.61052020808	-2.43836848717	-0.777468432669	0.366045898407	0.626748626457	1350.06931384	11.764490843	True	
0.85937165012	0.967930856864	7.48115409115	5.51522582716	-2.42498197926	-0.781836646661	0.351014638068	0.623154851636	1346.17884346	11.6468459346	True	
0.749568123138	1.14733089663	7.30554844735	5.49956524875	-2.45280682914	-0.774300649465	0.276002657649	0.550934338837	1394.84802463	11.5303774753	True	
0.833131107178	0.989301326261	6.76529880398	5.509572064	-2.41785407194	-0.771955859406	0.358972856382	0.70559987522	1330.39734733	11.4150737005	True	
0.68952124359	1.03670106852	6.82247577022	5.51247721937	-2.42667000863	-0.782771331779	0.316846818453	0.763335702733	1348.95563394	11.3009229635	False	
0.705512188179	0.46830666411	7.40552181168	5.41429907428	-2.39847790808	-0.764477046672	0.41591532673	0.852218509714	1397.70599518	11.3009229635	True	
0.704373539767	0.732530485529	6.71133756502	5.50905399544	-2.39047699015	-0.760056658909	0.317261837824	0.899714706571	1395.30721329	11.1879137339	True	
0.670831433565	0.915112033644	6.55765796751	5.5647891535	-2.42646700638	-0.785184575581	0.38258976487	0.73812268549	1348.18298954	11.0760345965	True	
0.706756623825	1.37926023652	5.77927219353	5.54126442064	-2.41978031237	-0.776051653298	0.252299903658	1.10630522541	1330.05537503	10.9652742506	True	
0.583938656515	1.41731323283	5.45383716664	5.50620599543	-2.4124762949	-0.774937404189	0.328966725231	1.17385724887	1367.36201523	10.8556215081	True	
0.739467325701	1.07153454173	6.16816672627	5.48184376509	-2.40024201091	-0.780252902917	0.350125651108	1.09716558632	1338.34303956	10.747065293	True	
0.638925028598	1.66381877967	5.66284828396	5.65663586131	-2.41920950179	-0.760707899598	0.216312789684	0.796890086646	1372.97797468	10.6395946401	True	
0.800042778498	1.60497617796	5.94980090245	5.79631082529	-2.38972957611	-0.774614919043	0.383880320954	0.799076237668	1376.95897626	10.5331986937	True	
0.722181294125	1.42053672082	6.16228454513	5.59278880058	-2.42433084617	-0.776854090038	0.256948817275	1.08382741816	1338.07040981	10.4278667067	True	
0.885776391051	1.14973478487	6.63368050311	5.60640439047	-2.40761625489	-0.786527026595	0.297982983477	1.31773581447	1336.28576296	10.3235880396	True	
0.867895486739	1.36080771711	6.19585594812	5.44740871563	-2.40954396826	-0.772370891808	0.205720082417	1.34385899288	1327.68060272	10.2203521593	True	
0.915677853943	1.54022663504	5.5048602385	5.45905484921	-2.40886509792	-0.784021779294	0.336320219025	1.57112557017	1375.65121493	10.1181486377	False	
0.801362710872	1.36141390634	6.16624457179	5.66140574412	-2.39817203375	-0.775268703983	0.17994454068	1.79565289923	1367.50850426	10.1181486377	True	
0.834780195005	1.29463852128	6.30269558692	5.53423527315	-2.41505164527	-0.786152852552	0.273808727709	1.97782311904	1323.01336744	10.0169671513	True	
0.872070122404	1.35215530408	6.43192771428	5.47843626109	-2.39902726733	-0.776942410676	0.219674308789	2.13073334946	1330.82814657	9.91679747977	True	
0.872615455752	1.24214824287	6.35732847153	5.55859828107	-2.41398231525	-0.785712699562	0.363556152993	1.8511546962	1333.52717402	9.81762950497	True	
0.824437909962	1.34905166414	6.86347879545	5.44983715519	-2.4440536159	-0.77366793669	0.22390462393	1.7006644801	1370.18955342	9.71945320992	True	
0.920515505483	1.15044405757	7.15100584271	5.44502055326	-2.41376176488	-0.77936582975	0.249895194487	1.83938316278	1331.39274444	9.62225867782	True	
0.905374315024	1.46601174183	5.97157339917	5.68614183128	-2.3988128382	-0.784013969995	0.283087778245	1.89307408514	1345.29455153	9.52603609105	True	
0.968571044444	1.20128348865	6.88437952071	5.47472122702	-2.41955637767	-0.782894146809	0.313251539249	2.02058453989	1335.60206235	9.43077573014	True	
0.821636168869	1.00697549745	6.11094223608	5.44076037931	-2.3948894154	-0.782512855322	0.363199324731	2.15033476802	1374.53030605	9.33646797283	True	
0.800735180407	1.33755736841	6.28814280839	5.69384753261	-2.43282568062	-0.792743370163	0.342005274909	2.09605821077	1350.46128587	9.24310329311	True	
0.804176351349	1.2677761618	5.93192966066	5.36799820663	-2.40632206735	-0.775453463123	0.195433735285	2.07610134264	1340.51038847	9.15067226018	True	
0.89446866484	1.58125909068	5.88415321226	5.59391506172	-2.40043292802	-0.77744464747	0.191851205353	2.54736984796	1334.02050532	9.05916553757	True	
0.903422691887	1.48857970156	5.69660815904	5.46735031543	-2.40794860548	-0.773796489491	0.173436677268	2.52702297545	1339.78342489	8.9685738822	True	
0.863888711106	1.43099589516	5.97432344746	5.48830246518	-2.3963088308	-0.779575623598	0.235823565038	2.4308357667	1327.38985345	8.87888814338	True	
0.846358338435	1.7457625642	4.91554219345	5.4865010247	-2.4214233386	-0.78163584139	0.17870868661	2.55722751047	1368.39630267	8.79009926194	True	
0.715466270292	1.45668924735	6.14102801944	5.69500894969	-2.40386243381	-0.789689639076	0.361646732801	2.76021163002	1351.58139949	8.70219826932	True	
0.726556431779	0.993437127861	6.50063932982	5.41240930716	-2.41903627326	-0.770337362501	0.253757377611	2.85168198575	1347.616629	8.61517628663	False	
0.861625731345	1.74250627575	5.61040425616	5.61947855286	-2.38574722304	-0.772507808215	0.259003496875	3.23766292343	1369.90945892	8.61517628663	True	
0.770946618763	1.0201665154	7.05546686371	5.49571406771	-2.42288315582	-0.783206728873	0.273746513005	3.02145307405	1334.38919894	8.52902452376	True	
0.862565733587	0.875125948813	6.87537586251	5.48588442004	-2.37757538629	-0.788268976569	0.368443993514	3.18487857184	1361.39572805	8.44373427853	True	
0.859128612581	0.846629340936	7.43614548461	5.5412811143	-2.41663428793	-0.793460942228	0.303132715565	2.9966961283	1360.33052167	8.35929693574	True	
0.790310698913	0.914242961511	7.29193851073	5.34446677523	-2.43634766379	-0.777108994518	0.315826773763	2.86999197234	1370.40179478	8.27570396638	True	
0.777355068791	1.21345530472	6.2796909784	5.51760794635	-2.39903002459	-0.774566181443	0.261450312602	2.62369387137	1333.66450298	8.19294692672	True	
0.778940719898	1.15680707097	6.36677300088	5.45529988516	-2.42637924979	-0.779722196602	0.300674024212	2.94358075511	1337.542007	8.11101745745	True	
0.944051902454	1.53251735096	6.12503037454	5.46021798031	-2.38580333948	-0.771019552942	0.157227035966	2.91083407861	1347.48346573	8.02990728288	True	
0.977086115762	1.04483840257	7.00964723925	5.4904010198	-2.39812545722	-0.788242198736	0.286884427333	2.91135227184	1340.65145207	7.94960821005	True	
1.08892047882	1.10561299963	8.11899649901	5.50427806208	-2.40055848418	-0.767730996507	0.197808465988	3.01044315319	1362.74547481	7.87011212795	False	
1.00077558972	1.07077078291	8.33543831241	5.58546011671	-2.398671991	-0.785829277699	0.295662126894	2.96846785926	1360.21453022	7.87011212795	True	
0.880550771461	0.812443397321	8.36741536748	5.70354984407	-2.40808115245	-0.805582977668	0.463258782301	3.10708511562	1384.60385367	7.79141100667	True	
0.905065134241	0.878619534789	8.11325861762	5.47908829188	-2.42503260223	-0.773598469329	0.339517866048	3.31640804205	1361.93533005	7.7134968966	True	
0.956769576838	0.868473190126	8.21210019431	5.51091166109	-2.41032301453	-0.782345608941	0.34260607038	3.08169206599	1345.42474762	7.63636192764	True	
0.877088978932	0.949608747424	7.39051988972	5.44218645007	-2.419604379	-0.795497264105	0.395087151431	2.74663603579	1348.14006085	7.55999830836	True	
0.877473061349	0.900138593012	7.03407777908	5.30965336746	-2.40197917369	-0.792404169111	0.280469654151	2.88929031035	1368.24900864	7.48439832528	True	
1.02632269435	1.32306492793	6.78356698376	5.48297647918	-2.40158660769	-0.779671671569	0.242963540427	2.77888654073	1333.84848135	7.40955434202	True	
1.05359424359	1.47221418646	6.65241947748	5.4829769265	-2.37338422195	-0.790593232671	0.26873815859	2.76644138078	1379.22985194	7.3354587986	True	
1.07763222786	1.47104753242	6.56543690147	5.4553856176	-2.39616043122	-0.780383351119	0.256952453954	2.99366021034	1352.36573126	7.26210421062	True	
0.923779150251	1.401331855	6.32027361861	5.50260808527	-2.416010362	-0.775715281743	0.254629468655	2.78691294986	1333.57359024	7.18948316851	True	
0.783064221686	1.10307630876	7.11284377718	5.49965473239	-2.43114253218	-0.78186054901	0.271681497839	3.0019619613	1339.7080609	7.11758833683	True	
0.836104757172	0.95504335665	7.49389244151	5.53783394564	-2.40550599127	-0.791755719091	0.345380780909	2.99005060536	1339.14032941	7.04641245346	True	
0.833011535804	1.15371147684	6.69561320605	5.59608920182	-2.43484105854	-0.80027503843	0.388290136368	2.99506117183	1350.09505861	6.97594832892	True	
0.814797350872	1.16351818952	6.6234505643	5.61089410983	-2.40943218354	-0.786074005494	0.365219523078	2.68087353549	1328.82936534	6.90618884563	True	
0.850473209716	1.57094052158	5.80385217065	5.508294109	-2.41405649627	-0.792292076781	0.318981186296	2.58960592535	1344.19546898	6.83712695718	True	
0.843184760235	1.41175991445	5.95599246802	5.40365081477	-2.4102765722	-0.78541388529	0.25927505915	2.38754109764	1338.16358386	6.76875568761	True	
0.778667228248	1.53578913109	5.63331875685	5.51713328016	-2.41163608224	-0.781988370162	0.270183584172	1.98798031102	1329.86553356	6.70106813073	True	
0.743974720072	1.5238277311	5.55958634558	5.54318815144	-2.39874145862	-0.759899048658	0.100735600236	2.03175969683	1361.27724404	6.63405744942	True	
0.759692039092	1.53105892782	5.60945401014	5.4926132156	-2.42918655097	-0.786014220843	0.226849384451	2.01079155988	1343.33053658	6.56771687493	True	
0.730717171983	1.50965050602	5.46497971738	5.48562601188	-2.40144620051	-0.778892481931	0.210428628556	1.89459806174	1330.63500178	6.50203970618	True	
0.794108738806	1.6310948909	5.22162953098	5.37762662193	-2.4103252016	-0.770113008476	0.127730410702	1.56610106865	1349.55647246	6.43701930912	True	
0.822205301254	1.51360043934	5.78171586239	5.60044148994	-2.40163507059	-0.778202984439	0.18890856697	1.62601640365	1338.24840116	6.37264911603	True	
0.883757188741	1.58278878069	5.8515938624	5.52402787247	-2.41127767454	-0.758801218369	0.145663183181	1.37101665395	1345.34631733	6.30892262487	True	
0.803850420853	1.57375395351	5.4592748883	5.55893433578	-2.42096270846	-0.779243541869	0.232615888802	1.37877911949	1336.04246741	6.24583339862	True	
0.847771702746	1.26185686013	6.45343730501	5.61281203997	-2.42420552217	-0.788049229224	0.379099883167	1.27092889213	1333.927291	6.18337506463	True	
0.757430882496	1.02288551059	6.90316851724	5.70900376354	-2.41209656205	-0.78864029069	0.410078205572	1.10535473219	1340.54444508	6.12154131398	True	
0.747177667347	1.1232601072	6.69637956172	5.60144446756	-2.40713145015	-0.785155098277	0.304380285803	1.55397318492	1332.26834676	6.06032590084	True	
0.875318017104	1.2867307404	6.3851906009	5.49337470661	-2.41538418671	-0.778066264784	0.223560444653	1.28804263058	1327.67989693	5.99972264184	True	
0.72178678479	1.60907747405	5.70882145819	5.69011852617	-2.41155858369	-0.783532910616	0.275502633691	1.39132007296	1340.51626758	5.93972541542	True	
0.752462587116	1.24424140719	6.19779654765	5.51815270158	-2.41367349379	-0.778007410737	0.269627555509	1.29039572186	1324.15961936	5.88032816126	True	
0.745644927916	1.24038934673	6.01830100708	5.60179526255	-2.41719360565	-0.776740790422	0.342202302191	1.29954395291	1342.84842413	5.82152487965	False	
0.690910068121	1.14501783565	6.32457643048	5.56097191906	-2.41679076199	-0.783881132152	0.310005715644	1.23150243599	1329.06748632	5.82152487965	True	
0.716266640425	1.29809806036	6.2212123762	5.47596737067	-2.41447684754	-0.779997699216	0.216106827549	1.23342581454	1341.32288093	5.76330963085	True	
0.731123036196	1.11328399735	6.57284287904	5.66205653055	-2.42161743025	-0.78282953259	0.330541829655	1.16343462351	1338.73688394	5.70567653455	True	
0.762083098014	0.733526606378	7.32775106883	5.39532737874	-2.42213939423	-0.786982988357	0.416801402806	1.43528548764	1355.87100073	5.6486197692	True	
0.880893013667	0.956125464615	7.45811848546	5.51604909607	-2.40991575544	-0.771810763396	0.302177048178	1.20833077248	1337.4595616	5.59213357151	True	
0.892257166119	1.24721089853	6.84608709992	5.59964578975	-2.41337312318	-0.780544969386	0.289677788744	1.0188606366	1327.18841845	5.53621223579	True	
0.846415522291	1.23861475084	6.67657982049	5.39911773989	-2.40770638494	-0.777337142669	0.219075248298	0.995838025556	1345.241969	5.48085011344	True	
0.888407302616	1.30820879544	6.27202073532	5.62795588084	-2.40608997517	-0.773955078935	0.301053979335	1.17027911878	1338.06689715	5.4260416123	True	
