Parameter 1	Parameter 2	Parameter 3	Parameter 4	Parameter 5	Parameter 6	Parameter 7	Parameter 8	Potential	Temperature	Equilibruim
0.721791264594	-4.11083338394	8.31811053198	8.40412391959	-1.291979133	1.68559754307	1.33885048293	-0.629182466409	24995.8306817	20000.0	False	
2.24070127666	0.663195903969	3.19583712176	3.3891501488	-2.12271870437	1.46945711241	-1.34991503442	2.74165944998	86473.8876528	20000.0	True	
1.36983409733	2.70442227441	-4.61438218904	3.76514763642	-1.38445126097	-0.0293823649701	1.9009434368	1.04874673997	15406.0701362	19000.0	True	
0.546309296685	-2.83149745966	-3.29377944162	4.25698574168	-2.45689047465	2.30270170028	1.44103554014	1.89268862578	37072.5958271	18050.0	True	
1.38914444672	3.67610510005	1.50174934769	6.90207492723	-2.70009752255	-0.812330509541	1.86949332099	1.43662356567	7895.47888661	17147.5	True	
1.38930845724	3.37954806353	1.98922589124	2.75995658943	-2.35517895225	1.47742714534	-1.29175932031	3.5161863873	43291.9939102	16290.125	True	
0.334951449918	-4.45061873017	5.69294680695	2.17943365375	-1.2521018133	-1.28335865402	1.2678341502	3.29378481907	52078.1209612	15475.61875	True	
2.57281037199	4.49738223286	-5.81256309634	6.45928311256	-1.80088452212	-0.953538538597	2.36272278701	2.7796113531	14857.4153655	14701.8378125	True	
2.3697143535	8.6145046024	2.34762537467	3.73098780182	-1.94244192101	-0.648046180417	0.104463122313	-0.195303449725	9434.91600268	13966.7459219	True	
0.69071527303	-2.10639042307	8.91914117657	3.44328094281	-1.88663846954	-0.350325535749	0.0691461113324	3.47298762788	11900.6012974	13268.4086258	True	
2.4868568184	3.77127167098	9.66170811087	4.46088399425	-2.24093464752	1.94597290835	-0.723389251204	-0.8157244598	20601.5580581	12604.9881945	True	
1.06520226941	-0.877919179848	3.63420588529	9.17328741405	-1.94163901222	-0.481862960645	2.8572512377	2.93137260231	30280.1639633	11974.7387848	True	
0.406206338271	7.45455873669	6.83107785746	4.99233877655	-2.34113583783	2.10791702974	-0.692879933036	3.15665481537	20845.8719143	11376.0018455	True	
0.935346481015	3.81797503933	2.52278499066	0.190206372889	-2.22426385503	-1.25618336765	0.219963208078	3.28744306845	43593.0511091	10807.2017533	True	
0.473716935673	1.4953464657	1.69807455431	4.57435773109	-1.10942031368	0.19233478856	1.43031486989	-0.42861574153	17633.9243074	10266.8416656	True	
2.60460000198	-0.156009781793	5.30791054624	2.25665966269	-2.30392963454	0.90398713715	-0.196741254887	2.27210307665	24214.5893609	9753.49958231	True	
0.769359828966	-1.03674798264	3.96109522092	1.87552763108	-2.81690238251	-0.680753917049	-0.271108425784	2.00307699269	23332.848002	9265.8246032	False	
0.30109763594	-1.33624459579	-7.19682927016	2.77502653592	-1.12021203774	2.4115201092	-0.26504015452	3.17822613813	35182.8782803	9265.8246032	True	
0.632763367967	5.36375011581	7.08010239431	6.57812458124	-2.6578740066	-0.884147098371	1.42694589775	2.99217843726	5400.66053482	8802.53337304	True	
0.458820493358	5.55664541231	-0.5441830689	5.20158208011	-2.84938430974	-0.912901403902	1.14550763111	3.18473970801	10611.1791346	8362.40670438	True	
0.572425301316	7.60131144418	3.06429694821	6.04598584721	-1.93474974931	-0.755012635598	2.3081427703	-0.627336496173	15422.5860299	7944.28636916	False	
1.71622726472	7.26670538247	-1.06098506781	5.24158246724	-2.45133361215	-0.751645530809	-0.3240707064	3.53480437043	3267.23301962	7944.28636916	True	
2.60788623523	2.19438345252	6.88324249096	6.57806472534	-1.78981024765	-0.702407074499	0.204812859888	2.99586909343	7759.82085067	7547.07205071	True	
2.6714186275	4.80595130122	0.976696631798	4.64975582381	-2.4368353385	-0.858339360536	-0.675671459752	1.19674264038	14506.6663783	7169.71844817	True	
0.211614684648	5.40765155622	4.05662763391	5.30800913136	-1.81324294946	-0.159444078985	-0.676011823682	1.29706352496	14665.2506234	6811.23252576	True	
0.898488729833	7.95322918879	-1.31303162476	5.6929669294	-2.47191919918	-0.234067023047	2.81527381198	-0.0680756411873	9232.70395652	6470.67089947	True	
1.61533561314	4.58177581232	7.38575160121	6.82787888909	-1.15193988654	-0.749179956743	2.052621231	0.127157466513	15441.2615774	6147.1373545	True	
1.40885994538	6.58282760307	3.3455280256	7.05714140161	-2.44459650789	-0.984932402698	1.50601731743	3.47386691723	7734.77794836	5839.78048678	True	
0.316169812806	-2.98591036794	5.49629455086	1.42327198025	-2.28838861524	-0.802363280576	1.62380896093	0.81380268777	11972.5918073	5547.79146244	True	
1.6305039866	4.86302945006	-3.62712216279	4.82226683519	-1.77226045213	0.422140827161	-0.797686948484	2.31587592165	12609.8740318	5270.40188931	True	
1.93351497114	8.90951334066	6.39483768061	7.79527835126	-1.90190018041	-0.73506491224	1.80480872318	3.55415397891	11590.5654918	5006.88179485	True	
1.93060596134	0.111213743544	6.5856169935	4.57007931419	-2.20656259108	1.61008114396	-0.487649266444	3.77097013586	8277.76296973	4756.53770511	False	
1.44613039455	2.10947961799	-1.1771649132	3.69486043235	-1.46043959626	1.07770399203	0.493265769163	0.183018473191	26086.9509727	4756.53770511	False	
2.85736775858	5.99516396463	9.14601296335	3.37731500144	-2.37661229554	-0.889834560785	1.9685570269	3.6692685524	7304.91045845	4756.53770511	True	
2.80257105309	5.70022207297	3.20313193296	5.31388122083	-1.09925286486	-0.641583525429	1.32613013976	-0.0892131565028	10250.214163	4518.71081985	True	
2.07309480855	5.2224445053	6.48984606244	6.17716593806	-2.30604625771	-0.84793186627	0.747276691444	2.89394597651	3386.55678619	4292.77527886	True	
1.15707870286	0.454489563927	1.46916573207	1.05647755529	-2.50809567009	-0.653575447686	-0.080007264254	0.357008846883	17974.5347065	4078.13651492	True	
2.61368869925	4.71791050097	7.10759524048	6.24031825226	-2.1337331315	-0.778741355105	0.246458659684	1.42811085267	3963.60563784	3874.22968917	True	
2.77172981315	7.2951326404	7.71915031855	7.38229879058	-2.31304471053	-0.436824407463	1.43449445602	-0.935651097236	12192.1139914	3680.51820471	True	
1.88332201313	-1.31380763361	4.71380940805	2.07137208672	-1.59840844354	-0.953909351454	0.713251242398	2.70382396202	15530.925323	3496.49229448	True	
1.62958674577	-1.27928673073	9.462814951	4.26698062352	-2.79200911803	-0.562745374589	0.289224534223	2.92749951143	9363.35177366	3321.66767975	False	
0.824226025609	0.777500057386	2.56919277779	7.91959106151	-2.05587423362	-0.722185020618	1.41601681901	1.683752897	7901.4326648	3321.66767975	True	
1.21218555502	6.71921498226	-2.78817352404	4.62697453641	-1.73046883464	-0.34280589422	1.33409894882	0.939517838093	21272.9707121	3155.58429576	True	
0.525875661183	6.52338192593	8.9278838711	8.51048540956	-2.46433368365	-0.33902859603	0.655881558743	-0.540403881114	5675.8604435	2997.80508098	True	
0.084949919678	2.34269769094	-4.06727124468	3.63010684372	-1.97662959048	2.63059202435	-0.630741334594	2.9399217512	13698.6403491	2847.91482693	False	
2.39882285025	5.44779914888	8.91649771791	4.94177429869	-2.29680043253	-0.402548941301	2.91107282682	-0.61529872097	6624.53253726	2847.91482693	True	
0.770233728573	8.66774928182	8.69245489949	7.90275036443	-2.66020098164	-0.718086043128	0.288502708293	2.26011629236	8006.6365904	2705.51908558	True	
1.30041344475	6.45078415928	-4.61310546002	4.43351803646	-2.44980869851	-0.68722048328	1.56038555906	2.17226932059	5546.13430906	2570.2431313	True	
0.452722887617	-5.26558076017	8.68590438868	2.53183781874	-1.97772372175	2.58688964954	1.6644763457	-0.433600401646	8568.73790925	2441.73097474	True	
0.769465508228	-0.602275200852	2.89866801495	6.04497343247	-1.71317275217	2.62172506865	-0.396961271853	3.31490881548	8838.08701301	2319.644426	True	
1.15014723831	7.41369459706	3.53703404738	4.86872609864	-2.53698946802	-0.734928744054	2.09924318923	1.85228102359	6930.51450321	2203.6622047	False	
0.36352854914	5.6788070341	1.68223044467	6.13458520245	-1.90320052171	-0.645313033365	1.34605875341	-0.358813384208	11092.5562009	2203.6622047	False	
0.413912800934	8.22081785909	1.05323597372	5.55564474004	-2.31866274753	-0.841665292751	0.29368071178	1.98961639945	4294.41510589	2203.6622047	True	
0.68300722079	2.88667388687	-1.23956909685	7.73613504934	-2.0992332697	-0.716546434716	2.38622208105	2.25139280525	7551.05176744	2093.47909447	True	
2.60180590322	4.80741736288	-0.98613337024	4.80503188266	-2.13133144874	-0.728616234575	2.58954123702	0.158957777196	8539.75792601	1988.80513974	True	
2.07851260288	2.74434781292	7.18030596859	5.24244682544	-2.43392128324	-0.476525581312	0.0417229525537	-0.337787575449	2486.64191457	1889.36488275	True	
0.427043584078	0.98791250455	0.264526381536	5.54042099361	-1.61983235157	1.34983464361	-0.640257027211	2.04730405587	4435.77358589	1794.89663862	True	
0.586858196951	4.74810205905	-5.44140787169	6.66106370529	-2.574865493	-0.663900165273	-0.438728586316	3.62163985423	5579.72609228	1705.15180669	True	
1.19456449124	2.06783636572	0.212768654949	6.3414375768	-1.36293076459	-0.786600798725	-0.0788299264224	1.45024951088	4587.51577468	1619.89421635	False	
0.394120365402	5.77802640088	-2.39288102432	4.96425246781	-2.46864122637	-0.637959564313	-0.38462526633	2.33990023392	3312.39953132	1619.89421635	True	
0.476532985443	-0.121137478514	2.26049024689	6.61421214917	-2.12640649345	-0.836016179448	1.74825915204	1.32109812559	4403.30689718	1538.89950553	True	
0.423354807751	2.76846683714	2.37674126437	4.31488594315	-2.36281484967	0.0372976937199	-0.677574531174	0.729941192132	5370.70730036	1461.95453026	True	
0.206937764901	0.0244361915161	5.40808650999	3.85075474373	-2.41261369826	1.88289211831	-0.602961948154	2.98429883992	4506.2106579	1388.85680374	True	
0.09949168938	1.69419146195	-1.97333129214	3.22796274089	-2.24734299554	-0.391577970268	-0.474312332058	3.10135114165	5924.5970667	1319.41396356	False	
0.155971113111	-1.69000533639	3.66776609617	5.10301133995	-1.56774713824	-0.918403976035	2.65804687067	1.71649188937	6757.55332543	1319.41396356	False	
0.334135054196	1.86378035223	-5.37394480056	5.60977216826	-1.72165967077	-0.794184769345	1.84737216148	3.31831109318	2918.78622096	1319.41396356	False	
1.31969535819	2.99290734691	0.88117829309	3.88157062554	-2.32134673504	-0.768370534488	0.117477608308	0.345284340796	4069.39807817	1319.41396356	False	
0.393570168731	4.02402986021	0.739653075654	3.78841740362	-2.61469881859	-0.781675039088	-0.26923549632	2.98642450443	5769.63585192	1319.41396356	True	
0.172293297811	4.1116364934	2.52623725101	5.33563423294	-2.59335757699	-0.637079048457	-0.171693147214	3.99637052684	3827.1856643	1253.44326538	True	
1.44828093797	0.192328978372	9.29918638283	3.34425896996	-2.34182628573	0.843712405082	-0.478887389519	1.90894201482	6577.66634993	1190.77110211	True	
1.50305157323	1.93966073082	5.08303558663	4.04208068397	-2.22260979544	0.998892101569	-0.731176388208	2.43225251194	7458.14231272	1131.23254701	True	
0.62922018167	6.06993396454	9.50351565309	6.13443987711	-2.61577730114	0.0422311546234	-0.784589304689	1.77621957968	5709.80709964	1074.67091965	True	
1.10282562959	0.287114687378	8.12289875497	5.02037417043	-2.70689053659	-0.794738088889	0.723979691336	3.75474497552	4648.52609178	1020.93737367	True	
1.13974705656	1.33231620023	8.0373328885	6.61767594341	-2.33080478911	-0.857087299586	1.2781515373	3.37676115464	2601.11990983	969.890504988	True	
0.117228384202	9.23006820018	4.98111816159	3.79581167088	-2.33607319376	-0.819366538156	0.289796166021	2.01115329479	6659.28338449	960.191599939	True	
0.0939419742629	7.87296503219	7.53781086288	7.41098426723	-2.49399132265	0.603377031275	-0.833658201721	3.60322583663	7526.53268472	950.589683939	True	
0.348751749689	0.130721142615	9.28790680398	6.01324740643	-2.31065106988	-0.700571703141	-0.245367241554	3.21427762396	4990.17840546	941.0837871	True	
1.19947741997	1.25354778616	6.82171212882	4.89034183344	-2.45583203139	-0.839187857758	0.269251661913	2.40900688225	2069.99089287	931.672949229	True	
0.584594914083	1.27674174911	5.36941842042	4.92990933793	-2.58323807119	-0.82105488472	0.216348350137	3.61229580083	2661.14568795	922.356219737	True	
1.06055521269	2.17178735721	5.979228047	4.24305952172	-2.49227982571	0.0876710419878	-0.767141872993	1.3269626533	5043.02212433	913.132657539	True	
2.85743205743	3.45588157742	7.46055338796	5.6276748253	-2.39101590754	-0.464653501348	0.141703745831	-0.189750406545	4823.06619435	904.001330964	True	
2.63698937916	3.99298417047	8.27589786367	4.7656681901	-2.22747243673	-0.812092806017	0.99476377625	1.97509653888	4151.92303505	894.961317654	True	
2.16229517627	6.12628788791	1.19320941196	3.9846013525	-2.27085007219	-0.78291364302	0.176221467289	2.59978479565	4209.10944215	886.011704478	True	
1.6949714578	-2.31587750369	9.64000497659	3.75956672226	-2.2709290423	-0.806666191423	0.950614648689	2.50920989037	3921.58107627	877.151587433	True	
0.238388265058	3.20058739799	0.242585649642	4.74581743131	-2.47908276273	-0.724131165174	-0.329532561309	3.91141475855	2720.22175009	868.380071558	True	
0.744455722472	6.50993354748	-6.09767584471	4.11952985907	-2.32425700295	-0.802836356854	0.721475522185	3.24358006026	5159.79688157	859.696270843	True	
0.19027544619	2.82706665792	0.821585239936	4.71849977735	-2.67250021137	-0.677310633123	-0.439330299808	1.46169456778	4878.84451602	851.099308134	True	
0.178970427392	0.704178909716	4.46543160496	6.43014995295	-2.36778698784	-0.873196503184	2.62621169961	3.07192311535	4332.21527197	842.588315053	True	
0.675783444858	1.42108037356	9.0397208658	7.21935223294	-2.52653462225	-0.821949670085	2.10031988982	1.95823752979	3974.94902578	834.162431903	True	
1.34135053051	3.59857054001	3.03554619223	4.84435730303	-2.30069377747	-0.688306463468	-0.267273100807	0.59386261293	2505.08470555	825.820807584	True	
2.66204118255	5.24529406535	4.07449112733	4.05766576884	-2.31290508767	-0.51425128236	-0.158254436362	-0.305109284409	4710.51820919	817.562599508	True	
1.01777545264	3.3147743609	6.50687061547	6.29117151744	-2.44540029066	-0.671889589663	0.539040270117	0.358383296997	3441.71142143	809.386973513	True	
1.49248761448	4.67042454187	5.58408588813	5.82734288135	-2.34619803079	-0.51912366385	-0.628174002704	0.496226433726	3968.80463404	801.293103778	True	
2.50967005703	8.92807796763	1.68664681931	5.91592544051	-2.2293532843	-0.819888165548	0.268779949008	2.50096309944	3752.98449145	793.28017274	True	
2.73249490906	2.55577597588	8.6765038722	5.20185874419	-1.99698541596	-0.746279289336	0.224493929263	0.737207958509	3549.39655124	785.347371012	True	
1.3246791017	4.24749747109	8.85356071502	8.00578230185	-2.52043475982	0.533749410634	1.5743006928	-0.768745617004	2808.33698786	777.493897302	True	
1.280699563	1.08780722144	9.52153500012	7.32133681015	-2.44255707338	-0.315532707964	1.61432161624	-0.599757393255	2331.3516677	769.718958329	True	
2.2345021148	1.85398661204	9.12368058342	4.7187972684	-2.46979079729	-0.318651298287	-0.673470470301	0.360731246802	4303.25056495	762.021768746	True	
2.83633583007	3.69484873314	6.18670192811	4.00340660671	-2.35423079432	-0.654652894469	-0.400878072097	1.83956896305	3719.47895407	754.401551058	True	
2.05333485075	2.39785570817	7.47509670967	6.41588244388	-2.2878844417	-0.73696823283	0.0178712058422	0.358397524256	2832.09374713	746.857535548	True	
1.16155563446	2.12557227099	9.35587346742	5.83846084245	-2.19946841629	-0.257220222298	1.91458652372	-0.727454920213	6014.23033772	739.388960192	True	
0.762403731283	-2.62193584185	9.22094178546	4.03223666573	-2.589714112	-0.763877419241	1.40351928135	2.71976223831	4037.69469973	731.99507059	True	
0.103156227225	2.12204169977	7.89711261165	6.37653058654	-2.45077696517	-0.55330315154	-0.210664380028	3.40495889925	4138.39645014	724.675119885	True	
0.466033163133	2.55522481676	5.9506303135	5.44226254037	-2.69115072252	-0.513366207753	-0.508573525525	3.61186689657	4402.94677531	717.428368686	True	
1.53372589833	3.39786647132	5.96002056602	5.34204275805	-2.646366073	-0.817163404822	0.234464302583	3.24195391614	3866.20886499	710.254084999	True	
0.947146858069	1.27500436112	6.09905387263	6.10253810497	-2.3756886427	-0.779928859194	0.891811551421	3.07917207998	1948.14652765	703.151544149	True	
0.547829369601	2.69611978402	4.82794430741	5.33127322068	-2.5458379031	-0.892128994592	2.57240667886	3.22693932606	5014.6171948	696.120028707	False	
0.594808329015	1.5480243233	6.38747852585	6.28139095552	-2.5694039651	-0.849664055814	1.62237620536	3.26963402861	3411.17550697	696.120028707	True	
2.17781086828	7.62087308316	4.07305947383	6.12802700226	-2.2881421818	-0.797579098365	0.511046217216	3.36666516893	3545.90461081	689.15882842	True	
1.89411908731	3.37856578799	5.61040832713	5.19730127852	-2.56231825665	-0.310645552105	-0.605471230432	3.44602663992	3596.3609875	682.267240136	True	
1.9939627079	4.92482859461	5.72021875192	6.25052506352	-2.46962944259	-0.717098344245	0.513315753818	2.30565098913	4128.75505157	675.444567735	True	
1.27351308457	4.79029530923	6.92601010892	5.84904104339	-2.44104380938	-0.936434607132	0.406922640882	3.38322452201	4930.09306216	668.690122057	True	
1.69364474786	6.82360089237	8.92090705659	5.24586664418	-2.33246374463	-0.843412220792	0.321431895671	3.5838067508	3683.72347267	662.003220837	True	
2.91464391057	3.4531736042	4.18290144687	4.50327599654	-1.74661309798	-0.645883483872	-0.364565014661	3.86547848992	5089.68902828	655.383188628	True	
0.981135835366	3.56232518351	8.55670186836	5.45112779173	-2.64106880225	-0.89439434585	2.7054128795	1.95982939309	6268.58111741	648.829356742	True	
0.778324023723	0.716264115684	5.90272346086	6.84732719635	-2.28257093657	-0.767947462852	1.77667514937	2.59347554549	4457.00157328	642.341063175	True	
0.587227849309	6.34661529355	1.445889846	6.24679852154	-2.38565975113	-0.828241618551	-0.0374297076228	1.21739511617	3944.4094864	635.917652543	False	
0.971552163093	0.250762325969	8.52680309372	5.47164391616	-2.44998664062	-0.727776757369	0.831741461631	-0.00341775544255	1616.55510236	635.917652543	True	
1.26207620082	-0.141427948482	6.431723792	4.61414502064	-2.3590524659	-0.924379950108	1.10217454523	0.967613187204	4989.10835248	629.558476018	True	
1.30784320061	-0.329395030986	9.94607728243	6.25817780817	-2.19244378546	-0.330427359618	1.52893501889	-0.538889618724	4338.066543	623.262891257	True	
0.312910342335	3.16042284536	6.55146187979	6.77899496913	-2.28557750926	-0.477274714407	1.15981467081	-0.629693217416	3671.83948643	617.030262345	True	
1.19353281344	0.414733130092	6.59248511355	4.92820137424	-2.29698978491	1.36896940498	-0.469780480889	-0.314659229049	4634.8065868	610.859959721	True	
0.22090233885	-0.42055901854	9.60230215712	4.72580350216	-2.37431012992	-0.801699618833	0.518051798951	1.02814831394	2191.85918168	604.751360124	True	
1.21356818832	2.59910063539	6.82304395078	5.77443723335	-2.51416558044	-0.521341414676	-0.493542557352	1.77803534178	2407.60032953	598.703846523	True	
1.41544962667	7.90965584131	6.19198882693	4.76928384982	-2.38266660319	-0.717728640542	0.118507412456	1.48675695904	4348.72725571	592.716808058	True	
1.38185641156	5.8689835093	4.04840455283	5.96889993784	-2.577333224	-0.823451955844	0.937801285489	1.7973705422	3507.23619967	586.789639977	True	
0.497084822222	0.380159091217	7.07526419517	4.79666559894	-2.35435397146	-0.791239224611	0.309511503405	2.64237526967	1897.29660633	580.921743577	True	
0.519182889639	0.831057869738	7.78709382067	4.81380242836	-2.42400770847	0.0555898889669	-0.665205516563	2.32953456654	3547.31374069	575.112526142	True	
0.593556803871	1.34339268632	6.55723954779	4.37838118874	-2.45513430755	-0.745335419029	-0.133240002272	2.32835304279	2436.03886992	569.36140088	True	
1.11149492694	-3.31854650158	9.42243744567	3.79076981907	-2.45294445856	-0.562180374376	0.972802104272	0.497954422268	3700.63065105	563.667786871	True	
0.696323843835	0.650647456531	9.53145547583	6.38986844119	-2.58874487592	-0.829164076207	1.12364440565	0.396604105441	2813.87614905	558.031109003	True	
1.33013166091	3.56308687901	7.50103567157	6.78231307185	-2.42205999611	-0.321752856015	0.153679545971	-0.480799653904	2864.86899308	552.450797913	True	
0.260315885137	0.95938497826	5.69079893707	5.29836725163	-2.51488838283	-0.252203608757	0.177391724552	-0.662524217122	2673.27306742	546.926289933	True	
1.0028577987	3.76536376029	4.84087066914	6.06647409496	-2.51891508906	-0.749324143538	0.254438954656	0.758098006351	2361.2046469	541.457027034	True	
2.80382316595	2.44767822283	8.71879061609	4.80643361393	-2.39115902033	-0.451012281355	-0.391746640128	1.44781246969	4166.86861099	536.042456764	True	
1.75868952294	1.71852141863	5.65467646155	5.12623435737	-2.32304832165	-0.823067326239	0.709730083657	1.23953418523	2487.78508086	530.682032196	True	
1.88404351096	1.50355724497	7.84812527194	5.08608633738	-2.60501723483	-0.808181537945	0.301612998235	2.01366888464	3417.25239487	525.375211874	True	
1.95637626779	3.32087267679	8.6047798109	5.78181107008	-2.31195193228	-0.781098318209	0.0186475749354	3.06058260065	2317.02498192	520.121459755	True	
1.79216535627	1.30802658717	8.17623717663	6.40702020904	-2.44407884451	-0.832227566517	1.69545454898	2.04523935613	3422.9524727	514.920245158	True	
1.25495555234	5.09102561174	8.60161734612	6.97040152509	-2.56629930856	-0.555850191651	0.91824520716	-0.496727599158	3175.34739172	509.771042706	True	
1.45975254706	3.25440412246	8.43981773453	6.56482370203	-2.39142743564	-0.858935567227	0.789288374269	2.01875270133	2921.76080316	504.673332279	True	
1.17636757532	1.17146629646	9.42957138122	5.57717642029	-2.52016283496	-0.586748523161	0.367978369217	-0.357921548549	1677.35584223	499.626598956	True	
1.43965723486	2.36471563877	8.72539401851	4.89866115559	-2.32629992478	-0.431080307604	-0.350676972667	-0.266140141298	2742.24065106	494.630332967	True	
2.27477839487	5.15530068348	9.58599003905	6.21388103936	-2.21920187236	-0.736197735257	0.903874415887	0.131556488937	4078.35389853	489.684029637	True	
2.23025067365	2.78524378594	5.3852961312	5.02463959824	-2.47149750223	-0.706576184997	0.196713003448	1.39543016357	3451.1699269	484.787189341	True	
1.56485229447	6.75958021304	1.94218324955	5.8083179308	-2.4579138586	-0.779801661759	0.894029776534	1.35261278477	3059.28618954	479.939317447	True	
1.42693718675	1.93778341821	4.43797415268	5.09657588938	-2.54268230854	-0.648093047656	0.101531702026	-0.283537758121	2939.18930036	475.139924273	False	
0.975372657494	-0.460176213768	6.84982768612	4.51380075547	-2.42387369054	-0.607020454853	0.176006601979	0.102017001065	2556.67055142	475.139924273	True	
1.90040922117	2.66292548879	5.80359069381	5.5209858997	-2.31339318233	-0.618098353846	1.11432094208	-0.525715303679	3105.97613097	470.38852503	True	
2.24775410734	6.84169265236	1.84002661433	5.76565969758	-2.35526605691	-0.74862166132	0.0182074188338	0.540745370502	3059.15124929	465.68463978	True	
2.53199829061	2.91259816302	7.24557860654	5.47849089458	-2.07494365701	-0.645807841667	-0.0215382056687	0.945532951859	4255.88842187	461.027793382	True	
1.93766956598	1.88607820922	6.22175857202	4.89508801777	-2.37439195863	-0.806130208986	0.762544381542	2.1524132794	2774.48552414	456.417515448	True	
2.08646264746	1.83217367699	9.18668753806	4.61718091024	-2.29683954694	-0.745640058496	0.187876248576	3.20736885413	2558.27302749	451.853340294	True	
1.11934605946	3.63461852442	8.12043143831	6.27412404925	-2.3461863198	-0.721201709053	-0.0996680317847	3.53332608941	2739.98310843	447.334806891	True	
0.95082353429	2.48009535665	5.53868061222	5.54077216966	-2.25591996994	-0.695660713532	-0.264262174809	3.29629319773	2397.77589607	442.861458822	True	
1.44115557242	4.9590402765	7.1632511766	4.18405690707	-2.41465887332	-0.77064310806	0.169802896409	3.708353207	4287.60333823	438.432844234	True	
0.970879505656	0.991588895369	9.69769696597	5.24554736296	-2.42492281482	-0.727699547103	0.09414795204	3.2154298195	1463.70767213	434.048515791	True	
1.61289934541	1.22633428411	8.86056077638	4.57070391134	-2.38545298881	-0.653595908162	-0.216377813529	1.16068444046	1933.79184184	429.708030634	True	
1.95073787114	2.63852686397	5.27487822621	5.90788565515	-2.32814500334	-0.805165747357	0.388801037893	3.3904426374	2207.02417517	425.410950327	True	
1.1327749637	2.51485655549	4.77995445974	6.43525059729	-2.40609077073	-0.822119092727	1.70682735475	3.85686681996	2994.94124183	421.156840824	True	
0.531415397908	0.588640903003	6.26247982858	5.4881644642	-2.34737449159	-0.681452964701	-0.0303514520483	3.11772430331	1981.16024636	416.945272416	True	
0.413250262305	-0.36873739341	9.48183399285	5.73421966464	-2.36395263975	-0.792812628437	0.52973465316	3.11878531548	1776.01795216	412.775819692	True	
0.607337753611	1.41225983785	7.31698949467	5.59483402682	-2.49784671482	-0.780190507213	0.260235022879	2.5088872121	1564.03176418	408.648061495	True	
0.240975083585	-0.883985433918	7.98428709233	4.65330176934	-2.37531137913	-0.781528536041	1.70721047312	3.78365781178	4116.92429365	404.56158088	True	
0.534155053781	1.61963851269	8.79192972018	6.81680761414	-2.37877216758	-0.743163560173	0.843732514236	1.68748594274	3068.58448659	400.515965071	False	
2.12221398779	4.01789262603	4.56728757699	5.52799824432	-2.21559587127	-0.861576995032	0.485354045435	1.63114560538	3023.93381738	400.515965071	True	
2.35790951875	2.66594753493	8.46026827263	4.90096834499	-2.15743396666	-0.501080569732	-0.535969103341	0.598171548912	3352.76710335	396.51080542	True	
2.87516410871	3.00603357659	9.0111606473	6.29950379976	-2.34694856345	-0.783878404916	0.356802700274	2.36875818229	3622.06349216	392.545697366	True	
2.6752077611	3.06107573487	7.48190914573	4.67910985768	-2.39863661661	-0.721961199295	-0.323299494179	1.61954117361	2981.53132384	388.620240392	True	
2.44314481774	2.03843678948	8.36789966961	4.72016874722	-2.33980131452	-0.390444243403	-0.560481514567	3.57853691004	3154.11347594	384.734037988	True	
1.97894473096	3.47083558084	9.40063784137	6.5096085358	-2.4726481802	-0.658284668764	-0.161683798557	1.87275519434	3244.89222678	380.886697608	True	
0.667799209065	2.7006276404	8.77247400768	5.65855669396	-2.3570927005	-0.739861611359	-0.22457603719	1.67871444484	2449.70606841	377.077830632	True	
0.350067318134	0.449243162048	3.63212327198	5.30482173979	-2.43141994407	-0.78659767134	0.208699817284	1.03106644003	2280.84900675	373.307052326	True	
1.46828250149	3.0904726493	5.20540247101	5.8414109049	-2.2828149251	-0.832989995435	0.3515105072	1.94834404504	2196.36612097	369.573981803	True	
1.62775692726	2.08771904062	4.32843133623	6.08770688195	-2.40278440349	-0.702840703372	-0.0781177788019	1.54542593785	3470.86246225	365.878241985	True	
1.19074789976	0.691471872312	8.9614616815	5.29608436404	-2.42950136135	-0.84853066979	1.19569883944	1.05641046437	2541.63374807	362.219459565	True	
1.1684422174	1.84633363789	6.50682316481	6.24413048512	-2.36081411134	-0.627657772899	-0.189785901595	1.0222121179	2625.42897066	358.597264969	True	
0.691918981326	1.17658391991	7.3349293417	6.03604711019	-2.24484143932	-0.712380375732	0.548267176007	-0.181775610524	2282.87599477	355.01129232	True	
1.46110548565	1.89305411009	5.16220770345	5.72921976307	-2.43644839699	-0.339731307834	-0.167071711415	-0.487674775539	2540.99577008	351.461179396	True	
1.42214521184	2.31640588635	7.05612069593	6.37552903745	-2.35394975634	-0.313265402455	0.468993025901	-0.765880598373	2893.86947988	347.946567602	True	
0.490019112211	1.84606965273	6.58911724317	6.4632493206	-2.30567158371	-0.756930667069	0.593717708099	0.347945068019	2273.84046154	344.467101926	True	
0.251469554209	-1.31627703978	8.84953143621	5.53062790894	-2.35074471977	-0.719623564439	0.624599599954	0.883127894464	2184.5954434	341.022430907	True	
0.139540508428	2.51746815824	3.47849831528	6.51876481181	-2.4255898203	-0.781035654039	1.19812869204	0.31237524385	2500.37984959	337.612206598	True	
0.214611231877	3.60407500746	-1.17192577613	5.63983115613	-2.45750925737	-0.811697805412	0.279370556312	1.62731327669	2631.56449715	334.236084532	True	
0.912688444614	1.30031531436	7.97663798546	5.60542245113	-2.34023143063	-0.820033655049	0.25363259586	1.43849596684	1757.97439062	330.893723687	True	
1.41474240525	2.03355930795	6.35005504339	6.1567009972	-2.48717688444	-0.786489020379	0.242674792706	1.95225772767	2053.51576589	327.58478645	True	
2.46008971487	3.1475197354	4.54572799372	4.73482208383	-2.18541410764	-0.670010579049	-0.386334932243	1.84464193663	3030.11125007	324.308938585	False	
1.56218477618	2.59672590687	6.09792371007	5.030604512	-2.45561630442	-0.232467324934	-0.650374743933	3.11163790201	2914.60226302	324.308938585	True	
1.33083455328	1.36404013226	9.85216043286	5.00911813578	-2.41735179235	-0.748341180478	-0.0322022768337	2.02991328717	1499.57427347	321.0658492	True	
1.38871054833	4.8576205808	4.74555092315	5.61031267624	-2.28839049474	-0.77212750833	0.629951665653	0.48122144272	3270.57703745	317.855190708	True	
1.56084654283	5.23433437612	2.13605151219	5.44235367148	-2.38212892161	-0.809175938962	0.427224960407	0.388541801104	2562.57053891	314.6766388	True	
0.87608454868	1.86433082441	5.95277513932	5.49030089171	-2.40575104879	-0.715530203702	-0.161522006488	1.52515602853	1533.69249825	311.529872412	True	
1.34922045008	1.09822319117	6.05890714821	5.12313141778	-2.25872486562	-0.6152143039	-0.263900925266	3.30257525412	2583.74992556	308.414573688	True	
1.46368895419	2.07516403311	7.61424464904	5.83315202969	-2.3312507168	-0.685919852933	-0.349736947921	1.84791178772	2390.65572172	305.330427951	True	
1.83437616776	3.12406866912	6.99117097404	5.42220020801	-2.47275249494	-0.402749100662	-0.396402478895	-0.186366294015	2345.59237727	302.277123672	True	
1.89361318748	5.84434198656	4.82817630084	5.22585510731	-2.33460509459	-0.720994805984	0.245412366539	0.421079559173	3357.28410763	299.254352435	True	
1.75756200054	3.29366869861	4.22529623572	6.15240783843	-2.32964430827	-0.444861264443	-0.201413899989	-0.241192299655	2920.22314455	296.261808911	True	
1.25026106095	2.69988809869	9.39137733107	7.67747707222	-2.46363374268	-0.0792044345279	0.597997615612	-0.695117982566	2313.86006828	293.299190822	True	
0.932162393353	3.46516724158	5.456748172	6.58211598859	-2.43120642596	-0.621661701406	1.21417935141	-0.417165600696	2390.89116362	290.366198914	True	
1.70000593471	1.86980672653	6.74942209413	5.62188477507	-2.45321913754	-0.81200286545	0.580168925127	1.11226091244	1982.8061004	287.462536924	True	
2.39714348093	5.47828020147	3.69532856144	5.98888223342	-2.40255666082	-0.759536587969	0.383384081473	1.28500380561	3162.00225737	284.587911555	True	
1.1876540784	2.28191160429	8.76939399863	5.40766406046	-2.40849780377	-0.820934646749	0.362721349893	1.24625573454	1897.68788796	281.74203244	True	
1.01415433928	1.23024440481	6.06329283039	6.0396752809	-2.30725212435	-0.812276124431	0.737018441637	3.43538293258	1870.1324871	278.924612115	True	
0.652714562571	0.640464583796	6.81618147036	5.33551507015	-2.32796430756	-0.677940730082	0.0683737661494	1.73897016065	2053.44679721	276.135365994	True	
0.975911398616	4.41345954851	3.87956164702	6.84732102451	-2.4362279582	-0.804693924103	0.936589602174	1.41649152535	2717.19004642	273.374012334	True	
1.28677291419	1.96497354654	9.19052594858	6.04997566902	-2.46263369153	-0.672640959671	0.366838835122	-0.168396122905	1572.47979754	270.640272211	True	
1.13031887185	-0.333016389665	8.14899557255	4.98698430957	-2.52530196499	-0.496565373169	0.442443808347	-0.473412801188	2590.79310932	267.933869489	False	
2.01457163143	2.51658878999	9.36461875506	5.66294751925	-2.46981749959	-0.673581457723	0.198147625472	-0.153088142729	1966.57249952	267.933869489	True	
1.96439947084	1.88376795273	8.78240263156	5.47860241217	-2.43591625545	-0.452986052382	0.0478217703716	-0.462943550553	1887.71816646	265.254530794	True	
0.928255716114	1.81902482749	7.11004457419	6.6258831127	-2.39192302371	-0.158531350537	0.426266619332	-0.728834047792	1837.26753178	262.601985486	True	
0.753765379285	0.408948040544	9.20480407532	5.58392050012	-2.49857877594	-0.49392499568	0.606728453265	-0.457336477704	1744.75352711	259.975965631	True	
0.0829850824508	0.720160549802	5.93445201707	6.37533946973	-2.47731213027	-0.667155103269	0.582865011857	-0.28063680557	2025.06327579	257.376205975	True	
0.0485213513883	0.0253546519549	7.52177436054	5.48330882896	-2.39868867735	-0.682211264778	0.216922964816	0.0444269934353	1869.26513859	254.802443915	True	
0.445847164707	-1.16530761176	9.67769171982	6.77981516789	-2.35080229483	-0.667499957615	1.99045279232	-0.321994687236	2345.42583818	252.254419476	True	
0.595768152032	0.396809835197	6.33241533023	5.6259204862	-2.36333388253	-0.679802090673	0.840374868529	-0.144610618197	1743.53261673	249.731875281	True	
1.22419918018	1.19024582246	8.20176432095	5.21375990661	-2.3671286514	-0.428290406601	-0.308548217702	-0.0392968859697	2203.35044652	247.234556528	True	
0.993522016977	2.36508136873	9.33320105483	5.04069898955	-2.51521412026	-0.490098361127	-0.434577657584	1.2118938332	2706.19584797	244.762210963	True	
0.270778508009	0.545345488848	8.70146230776	5.75691314795	-2.51339096105	-0.772283761259	0.463821169431	0.702603236876	1697.74398932	242.314588853	True	
1.35040562949	6.25637149852	9.55305954707	6.92446594056	-2.49083890629	-0.741086146295	0.895880130319	-0.103809959191	3428.99993686	239.891442965	True	
0.928291949422	0.0420009145527	9.14611835323	6.43795125868	-2.5042479869	-0.27462583049	0.553545912115	-0.634742401818	2440.75624619	237.492528535	True	
1.23665966592	2.83663719366	8.13197237676	6.49264662177	-2.32618838676	-0.0692344594252	0.16758902466	-0.67185089111	2529.66392826	235.11760325	True	
1.77250101187	3.49411052512	6.63985500227	5.66767847462	-2.37982620618	-0.362014771151	-0.297211210147	-0.381217766707	2414.55634158	232.766427217	True	
2.29875518783	4.43750402985	9.22270609695	6.28289986238	-2.48838528518	0.0632862331265	0.0418491616358	-0.703747800857	3041.11111329	230.438762945	True	
1.09722772687	2.1194134546	9.54358555152	6.27770875486	-2.46518676358	-0.450461226767	-0.0430537275861	-0.431407049809	1877.54182223	228.134375316	True	
1.74081090635	3.13008357479	8.79459867991	5.41296637812	-2.42707624141	-0.699201565238	-0.320911112219	0.222373511874	2521.88104637	225.853031563	True	
1.47399577927	3.02865729588	7.06868337852	5.33149915463	-2.51636285039	-0.620039783046	-0.363059741526	0.289084035408	2284.49064803	223.594501247	True	
1.45688232459	2.40088410565	5.62967901849	5.16668840172	-2.39353171527	-0.725822037893	-0.210755800036	0.726086717552	1773.03417037	221.358556234	True	
1.08289131321	3.03798352456	0.947661209458	5.78653581181	-2.43129444317	-0.664657542344	-0.247355848796	1.44409824749	2879.25323443	219.144970672	True	
0.200268338554	0.567835598219	7.01506040326	5.5171895499	-2.54335615894	-0.716187739034	0.361166151466	0.752100327987	2209.76718424	216.953520965	True	
0.26729229365	-2.45102493541	9.68359351673	4.66109650115	-2.38047579469	-0.688419272558	0.780705719548	1.2840601345	2214.2372182	214.783985756	True	
0.836430688076	2.03505532706	3.13660106564	6.17138636696	-2.44031566336	-0.736028617592	0.157379449027	1.28766438954	2395.16203973	212.636145898	True	
0.380676873851	1.30503429636	5.07476755587	5.51824526674	-2.40241934649	-0.799874541691	0.151341386553	1.76726194233	1532.45876174	210.509784439	True	
0.720235804287	1.07599140612	8.74604303806	4.91866410907	-2.45589379544	-0.815864094283	0.365093121355	2.71517327538	1885.37037843	208.404686595	True	
0.814570125834	1.43188690378	6.73168766506	5.22986931808	-2.50294898248	-0.788814065104	0.21063151851	3.14775422093	1636.63900659	206.320639729	True	
1.05938203563	3.31026827118	7.8739299812	5.35922553854	-2.43237252719	-0.778390802639	0.122050003981	3.03625521815	2155.34808307	204.257433332	True	
0.598743228126	-0.401292378494	8.44851995029	5.56451337307	-2.45431488836	-0.805282175644	1.1637364674	3.0466156603	1745.21389298	202.214858998	True	
0.633811033531	-1.94411288048	9.90371310256	5.43614693341	-2.35442161203	-0.839682261361	1.5686012027	1.90424572294	1947.79310289	200.192710408	False	
0.282709239345	-0.194128596335	9.7149397471	5.61852326836	-2.41987906546	-0.852460874398	0.684800160327	0.942242730666	2029.58911377	200.192710408	True	
0.0808003418312	-1.06404447924	7.60418855987	5.20290909809	-2.47263051444	-0.654192498856	0.550663435056	-0.112674975925	1983.64329455	198.190783304	True	
0.051555018877	-0.391473052069	7.68426990826	6.17148216885	-2.44463726114	-0.460220988112	0.985279071021	-0.630967824366	1973.08577537	196.208875471	True	
0.0326831972443	0.730683204307	5.49955856056	5.16544041982	-2.28278622965	-0.676183503379	0.328412608176	-0.120914075971	2303.14141279	194.246786716	True	
0.498879894873	-0.149792084128	9.38801771643	6.79032238547	-2.32057459141	-0.83088940924	1.31487198665	1.24262926842	2567.51381635	192.304318849	True	
0.238896862487	-1.28785490799	8.25855918791	5.26126970147	-2.46103540774	-0.774417285633	1.01029330519	1.61959669042	1741.25784526	190.381275661	True	
1.17502924329	1.84006367935	6.25291203427	5.82733160684	-2.41237330497	-0.789803348907	0.513604225125	2.47746552526	1513.65444453	188.477462904	False	
1.00229208696	1.81254321159	5.1984518479	5.40663511061	-2.44949475195	-0.788880490435	0.151782253076	1.72581376912	1468.10428638	188.477462904	True	
1.00168103012	1.37441518381	8.14595744985	6.02048575819	-2.42671739386	-0.775706573125	0.0975351945304	2.56163902221	1726.96802405	186.592688275	True	
0.965307706331	1.51957704344	8.87711515539	5.09629882122	-2.4284770979	-0.765679016781	0.329019172644	2.42981076086	1832.67697188	184.726761392	True	
0.452540985413	2.46726292975	3.68783851448	5.7966710054	-2.44157738435	-0.83951666789	0.276445725662	1.8336440825	1876.11238682	182.879493778	True	
0.579248652994	-1.29545764874	6.99846034477	3.78899391319	-2.35867448181	-0.700277581878	0.461282590539	2.64576397658	3147.88211022	181.050698841	True	
0.722723113278	-0.285385962192	9.22830448529	5.99033124181	-2.43668414473	-0.827175165346	1.20386687944	2.7118722713	1720.63922333	179.240191852	True	
0.883013431012	-0.139882985757	7.51343368572	5.0948776259	-2.44378146314	-0.782124618395	1.03618669488	2.86398037081	2259.91392957	177.447789934	True	
1.03633941217	1.36594837451	9.85846634806	4.72408952856	-2.31516659098	-0.738524508685	-0.00285610737043	2.81903603601	2250.59967661	175.673312034	True	
0.940379733185	2.29790440113	4.15069167096	5.41854782161	-2.44075360057	-0.622396979149	-0.398448841712	2.45805693187	1836.93502647	173.916578914	True	
1.27878073063	2.2691454596	5.13487305775	5.40578452626	-2.36659065587	-0.60165495927	-0.185247792053	0.0994543848606	1702.17563802	172.177413125	True	
0.930604488187	2.9126049524	4.1515266877	5.87443575325	-2.3751155682	-0.79461065721	0.415204150459	0.95218992795	1655.26466785	170.455638994	True	
0.68640060549	2.39870827836	3.41406894893	5.69495476319	-2.4121827042	-0.666899075358	-0.241493597758	0.242871173161	1955.93204684	168.751082604	True	
0.930130927668	2.14843488485	5.47024689294	5.48621960908	-2.41439360158	-0.728779764582	0.216271125935	0.0725800829574	1462.43334278	167.063571778	True	
0.976747140463	1.6222824825	7.16624322984	6.38976803993	-2.43381219187	-0.804217857355	0.790553148637	1.00768868091	1748.60432364	165.39293606	True	
1.26609321225	1.12051334153	7.78945304957	5.66796748836	-2.33256860631	-0.83595967353	0.514281481669	1.66391038887	1727.25382124	163.739006699	True	
0.865820374639	1.03568405834	7.33358665547	5.31755492511	-2.46487425065	-0.747927718341	0.201519286905	1.01325023556	1452.59440914	162.101616632	True	
0.689231567987	0.444882287406	9.10135705309	5.79053108366	-2.48009853028	-0.773019370357	0.641988417519	0.6816189808	1521.24928986	160.480600466	True	
0.660312993594	1.34009332793	8.02832561084	5.56625771836	-2.45175432324	-0.760815628639	0.410855406461	0.697950887793	1557.14213488	158.875794461	True	
