Parameter 1	Parameter 2	Parameter 3	Parameter 4	Parameter 5	Parameter 6	Parameter 7	Parameter 8	Potential	Temperature	Equilibruim
0.155138402095	4.7143855722	-7.6998440852	7.14335902418	-1.63797529326	-0.813161705058	0.797607961352	2.94557602235	22747.298689	18181.8181818	False	
1.77742623568	8.59565554401	1.85089747402	3.02345308505	-2.33303408057	-0.159007101168	-0.554434166355	0.570183883182	13130.5738837	18181.8181818	True	
0.861239225413	-0.8103049985	-1.2076538874	8.1808016656	-1.5318915399	0.137301975755	-0.699999403391	3.4247128665	71410.5312749	17272.7272727	True	
2.37972691803	7.61844567425	-1.46139253974	3.34238353432	-2.08095120865	-0.35765520556	1.28369117728	0.0330294567102	11627.100708	16409.0909091	True	
1.84501853043	7.88884386665	-6.8989813967	7.81947841056	-1.57589451739	1.94048961757	2.29592956661	2.37809086221	38655.088707	15588.6363636	True	
0.127659730388	4.36862119044	8.02302777565	7.90815108353	-2.56460927212	-0.823543455894	0.588512948142	2.80970934561	5572.122622	14809.2045455	True	
2.16074649453	5.32970292989	9.7945557336	6.22644088694	-2.09830346772	-0.403213757726	0.196686547638	0.571346657049	19158.1736829	14068.7443182	True	
2.22410611758	3.85671595695	-2.11825503518	0.918842136451	-1.17425154289	2.71612038606	-0.959304144822	1.24764329375	18976.1189721	13365.3071023	True	
0.0252416061232	-7.78735023774	5.22325038507	0.805324812014	-1.54104156161	0.849827710611	2.94757046063	0.5675832169	28319.5552017	12697.0417472	True	
0.410100934992	-0.511525470435	5.48579723759	5.59631170944	-2.73474520139	0.414812209258	0.266461254113	-0.308848259303	16280.2325102	12062.1896598	True	
2.88602822453	4.8014222754	7.59675207322	6.01357565803	-1.40431349359	0.968411302134	-0.889858857108	3.32142290822	17882.9700918	11459.0801768	True	
1.73668964006	4.30933172171	-5.33620489318	2.29987855063	-1.80154573169	-0.238594637426	1.58756247665	2.18260671672	31475.1886361	10886.126168	True	
2.81487174683	4.83786482727	4.19906757645	7.60915394964	-1.77172010286	-0.858650357753	1.90514465292	0.0481790500478	9421.76566075	10341.8198596	True	
0.598785388864	6.94547190209	2.35986145408	3.35099202396	-2.29916963441	-0.732904502552	-0.266522992988	0.158802573488	8375.11805362	9824.72886659	True	
1.0439168281	3.82300790134	-0.0120890085589	8.32004180494	-2.83692204687	0.880492494915	-0.498747562357	-0.236711129869	22844.2351542	9333.49242326	True	
0.662809326032	-0.944893950956	4.58730769395	2.40164269804	-2.18026412516	1.69346474014	-0.244760404313	0.370693220378	7414.34732658	8866.8178021	True	
2.26070323009	5.08720839635	-2.7517664707	6.0034123781	-1.43465392993	0.0845816533656	-1.0791631683	2.84723846631	24750.7661835	8423.476912	True	
0.29531522817	7.45830896131	5.91637324516	3.10900849117	-2.59597815169	2.10702973802	-0.65933079119	2.16551968411	23222.0942293	8002.3030664	True	
2.19902103984	2.14129360665	2.1816545687	2.4364471428	-2.4016236669	0.161299762547	-0.819869712197	3.36490855718	11499.2010855	7602.18791308	False	
1.10334874797	3.05682278348	-1.54495096389	6.48143915163	-2.68067385126	0.87479414973	-0.683764331803	0.433924376037	14573.6591836	7602.18791308	True	
2.54118984523	1.5173528449	9.46427687581	2.28954325499	-2.34561570791	-0.800973342999	1.42947817585	2.96421293568	10137.2110169	7222.07851742	True	
1.86744428288	7.09151917258	-6.44695806239	4.60647808071	-1.48724418999	1.30129156909	-0.278626557123	2.66510794265	40786.0862533	6860.97459155	True	
2.88662677254	0.833507664996	7.31312473062	5.18946345268	-2.51243390295	0.060079893564	0.650793459798	-0.684782650667	7975.1691536	6517.92586197	False	
0.0873597681166	5.88202211322	-1.1216371648	4.82186653793	-2.13871144922	-0.66029613025	1.05051845936	3.12762366997	11650.7076282	6517.92586197	True	
0.588368249923	5.02336203863	1.14335289672	5.13675837988	-1.37103140325	-0.742589342376	0.831679135404	1.26455661679	14657.4118058	6192.02956887	True	
2.84236553878	7.74866967222	6.19447052057	8.84091453111	-2.42642255621	1.5383008531	-0.942613997272	2.89126767569	12702.0119104	5882.42809043	True	
1.84119068358	9.80331768351	2.89967171393	7.29370251848	-2.11392693599	-0.735098840555	0.557773520019	3.25790177493	7666.90704362	5588.30668591	True	
2.96021592085	7.26927348344	5.01783858075	6.64346070634	-1.7924910142	-0.877547283261	1.41989671336	3.57443642567	6188.99214789	5308.89135161	True	
2.3185057229	8.0282790628	3.03685965835	0.580596424767	-2.42341289738	0.697999445967	0.127288359921	-0.637372581749	22189.4400314	5043.44678403	False	
0.730410235828	2.67043227355	-2.20949600282	6.34739420506	-1.62823979782	-0.499505884853	-0.800335278239	3.2610840085	9667.52699507	5043.44678403	True	
0.441252272191	4.1754192336	6.97591057799	5.07827363229	-2.72608682703	0.118052449162	-0.50477236835	-0.131957160919	9258.8657845	4791.27444483	True	
0.65942058522	3.33330402456	-2.08878254419	4.76403026657	-1.39519140346	-0.535169981588	-0.653305029215	1.52994641642	8736.39302652	4551.71072259	True	
0.068164548531	2.40488784137	9.15540471146	8.93934633183	-2.49315063118	0.83881512577	-0.771531766587	3.17490360165	10746.7017594	4324.12518646	True	
0.159657483313	6.05224615104	-3.22005237252	5.30206374338	-2.551796682	-1.13612510656	2.0185180033	2.89712402544	17937.7513875	4107.91892714	True	
2.32201340543	4.81606535647	-1.85337592229	3.82136419359	-1.76000129385	-0.455377492393	-0.459283468369	3.52712088331	8505.40740817	3902.52298078	False	
1.2532985009	2.58916431103	9.70712857557	6.31982154711	-2.45758764367	-0.772820884356	1.82582158436	-0.477965390356	5303.81835724	3902.52298078	True	
1.30821833932	0.125356696624	7.50275468464	4.84577176311	-2.64422761964	1.02132810182	-0.426893231134	1.82324750989	8461.29524138	3707.39683174	True	
1.66303747124	2.22273830652	-0.523070252255	1.60287047946	-1.58396946549	-0.912086738369	2.96051126085	0.443450680608	14031.8276534	3522.02699015	True	
2.26087299142	5.46205099853	9.98640649594	3.52164677465	-2.17692884391	-0.532924119354	-0.223456641474	-0.507173006995	9175.35728963	3345.92564065	True	
2.21761787854	4.90314130933	-7.04323622031	7.43176919305	-1.76645533705	-0.854083481399	1.78683269466	3.0096424343	17286.3917759	3178.62935861	True	
2.14256507316	6.56443533234	7.23594615963	7.53967219852	-1.7630991576	-0.847610059095	0.455530349592	-0.376216793842	13939.9911069	3019.69789068	True	
0.170663277496	3.73374554615	7.41005310322	5.69041708741	-2.420733973	-0.804129593914	2.67718926985	1.88921413875	5126.30607143	2868.71299615	True	
2.84373498198	4.07887110932	2.59642061558	3.60487632919	-1.51345445248	-0.729129345678	0.417680905727	0.414779221545	7248.39866532	2725.27734634	False	
2.42293410097	8.93313738781	2.24062043931	4.09801155063	-2.1287745186	0.14914004438	-0.598438360322	1.85659304725	16508.1609814	2725.27734634	True	
0.171899846487	1.20864322041	0.9222527673	5.58599756726	-2.18839387216	-0.878018816217	0.420248940879	3.70019466618	2481.04803898	2589.01347902	True	
1.71935973157	6.59724967196	-4.10829567096	4.80117047012	-2.62981543354	-0.885536646154	1.69290169928	3.01518124696	5814.67205937	2459.56280507	True	
2.56347061684	4.21705484576	4.70037947036	4.36493881177	-2.24301045213	-0.81215565468	-0.131780110494	3.32481955452	3693.64875566	2336.58466482	False	
0.302844566708	3.81694896879	-2.83096538844	4.12204327314	-2.20147500056	-0.743449353106	1.78855568933	1.24824079459	5550.0668079	2336.58466482	True	
1.39430805723	5.88725444521	1.49232858185	5.16318198349	-2.48469145413	-0.650993419952	1.24549051955	0.815068715823	7343.45947532	2219.75543158	False	
0.87731975373	2.04535346817	-0.40462536001	5.35745586483	-1.04559982014	-0.103189979177	-0.657862897968	2.09691626123	3718.66982123	2219.75543158	True	
1.96500023352	1.20648145346	7.7355629944	4.34463029377	-2.04136739442	-0.632336240957	0.355843273925	-0.526136757503	6404.07054904	2108.76766	False	
2.88777747168	7.97312713922	2.01630930403	8.24419611923	-2.0461744691	-0.835813647648	1.56231161503	3.94953341951	8183.27011167	2108.76766	True	
1.2715664566	9.32100225703	7.05316723197	6.60748052831	-2.11849713299	-0.792063571143	0.788255329932	-0.222221322376	7342.75898699	2003.329277	True	
0.40564163216	-1.54986035095	8.29614349694	3.6548644541	-2.2590720832	-0.338038646194	1.35632319034	-0.367213833401	11624.8899666	1903.16281315	True	
1.12738986366	7.07033344479	0.0396336008562	3.11845024032	-2.56534977306	-0.548200895598	1.38368224711	-0.365504224078	9452.89010034	1808.00467249	True	
2.2874226463	5.98249437866	-0.697997587776	4.95699640754	-2.13600851535	-0.850740444623	0.228781384889	3.06461551404	4156.68890953	1717.60443887	True	
1.60821507744	3.02963473598	-1.51675042196	4.78965663065	-1.72139269132	0.673859561942	-0.753295037638	0.928132138378	8470.8391407	1631.72421692	True	
0.511992484569	1.60801262917	-5.78000243209	5.30128126342	-1.47422180236	-0.62820920342	-0.427070191805	3.13856419924	4245.03338434	1550.13800608	True	
0.245886534074	1.08750696779	-0.213503585427	6.1127072028	-1.43055212176	-0.694577670546	0.418174319275	2.42509705796	2970.97991083	1472.63110577	False	
0.528279446474	2.19152539481	-7.32539385841	4.77827949631	-1.29329288987	-0.756292530574	1.78616566879	3.61826743518	3768.06005703	1472.63110577	False	
0.268542742944	0.681651906682	0.464225283425	5.83953751894	-1.38732303775	-0.874169806821	0.484739591851	3.79663421793	2693.52237678	1472.63110577	False	
1.93031973957	2.53661164848	2.6869706309	4.83135769133	-1.95246387297	-0.833587847548	-0.0473877491113	3.80927445606	5375.09392729	1472.63110577	True	
2.48006543719	7.47957215965	1.29049786675	2.38677912178	-2.28508343441	-0.672788279328	-0.212745887937	3.54829293999	9833.20787972	1398.99955049	False	
2.49877781493	4.03134727501	8.80122812393	7.33670472579	-2.27367357202	-0.745181908761	1.39527951539	1.35690562967	5564.82904304	1398.99955049	True	
1.84442736953	5.83452609427	4.65212602065	5.85874324197	-2.28000293653	-0.577296574117	1.27547446264	-0.239287243893	5099.06922212	1329.04957296	True	
0.243587378799	6.34641958677	1.45697668917	5.90446836047	-2.2439955276	-0.382960277406	-0.500355994507	1.10099135812	6436.45939717	1262.59709431	True	
1.77109481927	4.44372397386	8.71972556322	5.81014305314	-2.16690262164	-0.715054689804	0.0732638992948	1.90017393056	4553.39040787	1199.4672396	True	
1.61113754887	7.97518914993	8.36458242902	5.3115069341	-2.46991321877	-0.812041123352	0.564011718065	1.27397516479	3367.58680482	1139.49387762	True	
1.73268169986	3.25738813734	9.39777730367	5.04088672555	-2.29793047896	-0.18504998876	-0.677590077895	0.329018423053	3884.42507686	1082.51918374	True	
2.19288005414	1.41309292598	8.6607470426	6.29482736405	-2.44942138443	-0.654713635905	0.347489997975	1.23633573968	5386.27073778	1028.39322455	True	
2.51411814163	6.25843875302	9.15200989326	4.64236673769	-2.30326097798	-0.786044170204	1.01893316167	0.0233644709647	4718.83189213	976.973563323	True	
1.93140008893	2.5678354444	7.94775704564	5.66056026515	-2.42888018548	0.263752190709	-0.42765868175	-0.476193249053	3613.78266808	967.203827689	True	
2.75516344465	2.88651206705	8.61670161751	5.61730187458	-2.37397283216	-0.33613225839	0.750180501636	-0.625003175986	3146.58980138	957.531789412	True	
1.04086338513	-1.06876677312	9.41584018536	6.50811850647	-2.1841572695	0.263544462868	0.971055074623	-0.752094285698	4770.27442772	947.956471518	True	
2.09358970837	2.6014207969	7.15839149168	5.22214155284	-2.21662898301	-0.567484506606	-0.166606640593	-0.284342859833	2730.08621053	938.476906803	True	
2.35886386244	3.41338460314	9.22991509816	5.57887652345	-2.33091366664	-0.768556770692	0.628111733283	0.780978009899	2880.90290683	929.092137735	True	
1.4903283026	1.97640122138	4.32788849778	3.95136440152	-2.28885969002	-0.577996733935	-0.533702358322	1.00203667648	3892.61704413	919.801216358	True	
0.473160644941	2.0339373939	3.99650897541	5.14884526582	-2.41069439867	-0.794285845093	1.16744021825	1.13965891029	2880.54693199	910.603204194	True	
1.52572322092	0.314562092984	9.83946832521	6.91132970911	-2.45958493353	-0.829863571389	0.869111510722	1.11833191703	3698.43249943	901.497172152	True	
0.964840287568	7.18324684035	6.49098144189	5.74014934134	-2.59841123957	-0.722534936857	-0.440842480753	1.82516135478	4953.00352343	892.482200431	True	
0.575638422583	2.18329914722	5.15551745241	4.82458129878	-2.31545808501	-0.382034333205	-0.547599136524	0.346509564585	3273.22296028	883.557378426	True	
0.511828854493	5.520104701	0.277202581947	5.66155959346	-2.55487737098	-0.625203010292	1.45429715607	-0.19026080574	5732.001996	874.721804642	True	
0.80264242247	5.04690119875	6.86653518056	6.29489145555	-2.31227685804	-0.762679572241	0.644092347112	0.912804214695	3813.44619974	865.974586596	True	
1.38681926503	6.86176335981	8.60447074043	6.92725446616	-2.30275616328	-0.872152326108	0.76449655802	3.34636732906	4709.53988631	857.31484073	True	
0.328036287456	-3.08577774664	9.5437144086	5.14651195447	-2.28650621503	-0.535582240552	0.980704881305	2.09833878623	3912.60354868	848.741692322	True	
1.26934824022	4.44633491797	4.18656038264	6.37709608287	-2.54018265357	-0.77546441114	0.362889972162	1.39134193718	2825.27325297	840.254275399	True	
0.743405038524	2.79968769163	2.00137804728	5.17953299651	-2.48660623747	-0.585874640513	1.07573554219	-0.447283997914	3533.64903932	831.851732645	True	
0.00165902319494	-1.09601247191	4.41439207871	4.53998250521	-2.17011411614	1.0862954305	-0.216609445821	1.68065545575	4592.37734049	823.533215319	True	
0.905312447629	1.65435365689	-0.118544303118	3.24009081199	-2.36100698753	0.560941642981	-0.751954943594	2.05682778353	8477.30464127	815.297883166	True	
0.770183882124	3.10926135531	4.8250628454	5.51117327999	-2.60278531739	-0.368032401481	0.744753895788	-0.593255963554	3627.08400154	807.144904334	False	
0.255677787363	-3.14856816955	7.05560384867	4.20174825681	-2.23098335721	0.393950300482	1.25526631682	-0.79654623715	6779.08494887	807.144904334	True	
0.435751126178	-1.86946469704	9.50835426854	4.25734107609	-2.4539160115	0.44710847878	0.00447392746011	0.573283860762	4248.10450674	799.073455291	True	
1.86331815785	7.74802951429	7.85302343386	7.41516844663	-2.48899251421	0.182159004446	1.02874089976	-0.821822608762	3203.00181565	791.082720738	False	
2.20521822354	5.47263802272	5.5177841009	5.37972287084	-2.28072640912	-0.654211427815	0.35872608931	-0.36157962951	3477.07292806	791.082720738	True	
2.32412055296	7.41838548712	6.24362241243	5.82179042494	-2.4516499703	-0.127410419206	1.41297725034	-0.686190070168	4522.85284617	783.17189353	True	
2.51684685629	6.06262101189	5.42315689271	5.72628657724	-2.42536027722	-0.574639301121	0.822529294802	-0.498961870689	3360.36205144	775.340174595	True	
1.39275902	3.13801645051	6.755116786	7.51424261412	-2.4518622656	0.0679523038933	0.258572479673	-0.780516033367	3044.01325076	767.586772849	True	
1.15713085507	2.06134557443	0.153745606376	4.8665659852	-2.19517221215	-0.680880293399	-0.217675757716	2.13299405683	3116.45324765	759.910905121	True	
1.4023231317	4.23866071627	6.77775158285	5.56984305733	-2.60049989321	-0.469286332448	-0.571278011109	2.05971460265	3510.82374942	752.311796069	True	
0.811285037088	1.5686696351	6.66367565712	5.62794686921	-2.45451246598	-0.769375134473	0.437762397286	0.187375404885	1471.76854812	744.788678109	True	
1.24368035641	6.89432221754	3.82642379919	5.66307612219	-2.38686258718	-0.685802959294	0.0721337195762	0.34591653137	3413.26416761	737.340791328	True	
1.74227574754	3.58008541033	6.06047714124	6.53919026147	-2.50380700055	-0.828587145143	-0.0959421328233	1.17875288289	4203.52943667	729.967383414	True	
1.51419030562	2.76928945382	4.49042157056	5.31791544512	-2.46467693666	-0.732781733287	0.277425906199	0.0797914126107	1931.00466176	722.66770958	True	
1.4649635814	5.5796741132	4.40989216227	5.53852528332	-2.44985829994	-0.770793851981	-0.025251238597	0.313482829955	2903.49555235	715.441032484	True	
0.89881698895	1.98892838987	3.36859908446	4.81188418556	-2.38149981906	-0.787158648058	1.03713387154	2.26775419968	3313.53530831	708.28662216	True	
0.482643868788	-0.341403413849	7.72915145859	5.22808332132	-2.280573658	-0.738593749311	0.378703963785	2.65539591795	2115.57875435	701.203755938	True	
0.66783678702	-4.62537014083	8.62029003561	3.13824537743	-2.60430585847	-0.12989642007	1.16536941376	2.81678948257	7465.12556268	694.191718379	True	
0.808213099453	2.65769479185	3.95882565033	5.05894003502	-2.4402126986	-0.84756502234	1.07777796994	3.06824297058	2866.08291744	687.249801195	True	
1.21801031536	0.814217450634	8.40573638733	4.37864158806	-2.43192002401	-0.252369657477	-0.484595710411	0.383998720241	2995.83962699	680.377303183	True	
0.774493989523	0.788490055707	8.27569710411	5.19226992541	-2.45555870969	-0.739987639768	0.096015411145	0.446167869657	1505.6304724	673.573530151	True	
0.453596950787	1.04908899002	7.04882111455	5.15118487793	-2.28938816833	-0.754377535632	0.13234128148	0.325466069101	2266.04459007	666.837794849	True	
0.668825042193	1.12778672638	4.90794180185	4.96539190942	-2.48778448898	-0.88957291812	2.01599003853	0.823146284212	4498.58792924	660.169416901	True	
0.0134132610203	2.14040583482	-5.87263282059	4.38599691238	-2.58414659829	-0.704818109696	1.91938880399	2.45725843944	5603.10534114	653.567722732	True	
1.28381197495	3.04184144666	-3.01280154514	6.93135985538	-1.95063496941	-0.807294156904	1.09913075627	3.60043359975	4390.7078563	647.032045505	True	
0.48935197415	8.10063864366	-2.67074345501	6.06574745137	-2.34907111002	-0.8761560356	0.912086044379	3.80625666044	3940.84060397	640.56172505	False	
0.159550850549	3.03258177842	-3.87483636849	4.54912485925	-2.25029893571	-0.737523007976	2.04695952833	2.17995544539	4724.84332383	640.56172505	True	
0.917380885533	2.67368845874	-2.50566951987	5.94881295575	-1.76681776886	-0.669156217737	-0.0420159482404	3.11719798474	3409.30987803	634.156107799	True	
1.55159560936	8.41404961364	-0.241999466323	4.78024645388	-2.38980744351	-0.818616208796	0.0215965105892	2.31367084164	3613.70633036	627.814546721	True	
1.25104854124	3.23921370118	4.73426773861	5.55334410755	-2.4441522948	-0.807659012498	-0.118588928681	3.57923624655	2325.00087035	621.536401254	True	
0.894425392386	-2.15327807134	9.13310515664	4.85422961323	-2.40121672652	-0.897789105282	1.42170703413	2.22206165241	3235.40643038	615.321037241	True	
1.27837402952	0.335249007032	6.63339497552	5.66238925714	-2.51189305607	-0.82889272979	0.994931855097	1.86842722805	3196.6270358	609.167826869	True	
0.612374224821	2.15026798232	-1.76668692011	5.54352507957	-2.06751965817	-0.766350913646	0.77219394985	1.4234206432	3114.72761786	603.0761486	True	
0.706391116018	2.38084261901	-3.47474698485	5.5202889527	-1.98231981449	-0.833852382983	2.07056351996	2.08308464036	3502.08346265	597.045387114	True	
0.00224179100666	2.74315004233	0.736141602996	5.24465135666	-2.44965384372	-0.800348798301	1.62479474546	3.94050571819	3834.23494429	591.074933243	False	
0.250597719946	1.37527784832	-2.46728651897	4.85643106359	-1.45259824238	-0.742521874908	0.150072826953	2.75953292369	1997.49826885	591.074933243	True	
0.225951072005	-0.468131786738	2.51430855125	4.84371142127	-2.0149353369	-0.714194194511	1.1368547169	1.45729720367	5041.81833474	585.164183911	True	
0.332187445787	1.40252922123	1.3894348722	5.47769348753	-2.06836544815	-0.707696997126	-0.0771530124382	0.695167094485	2796.76644087	579.312542072	True	
0.309068460555	0.158792974214	7.90961127633	6.11902356632	-2.4206283416	-0.674922372846	0.371350675352	-0.055681450001	1976.18665814	573.519416651	True	
0.859513231327	1.73944098148	5.25103980422	5.92991002999	-2.33700965048	-0.662053983331	-0.128684415426	0.302652470791	1969.40249378	567.784222484	True	
0.300250362964	1.59096550009	5.19681151409	5.82577321549	-2.39552968208	-0.544045946284	-0.0578540391594	-0.163754197819	1945.17902073	562.10638026	True	
0.18017826806	0.950529492832	9.06012072341	5.25647085749	-2.56801085261	-0.739803520946	0.179534960171	2.42235656374	2219.33623502	556.485316457	True	
0.0590556952562	-0.753470416358	8.47029229791	5.75024696172	-2.53736059929	-0.74708734928	0.503295000888	1.42964518355	2426.76696016	550.920463292	True	
0.216972166218	-0.58735970466	9.01651514576	6.46063974152	-2.46908804914	-0.795717932714	0.790094363233	1.87644122654	2429.21667407	545.411258659	True	
0.852351337121	-0.602643798377	9.56879645089	5.03156984374	-2.60908647444	-0.710206045353	0.624878566979	-0.0979802781012	2804.31512604	539.957146073	True	
0.222297603604	3.98902589	9.1585712949	8.26695650244	-2.51212678389	0.0872208996143	1.62887438707	-0.794007506546	2808.742529	534.557574612	True	
1.85345584048	6.27883803937	6.47405741739	6.46767407572	-2.3944957834	-0.71848330665	0.427197669005	-0.276821704516	3471.47388328	529.211998866	True	
1.52489181571	2.80383051193	5.77682289789	6.43241165495	-2.53666320214	-0.713200677669	0.323048678067	0.236445105505	2700.77748809	523.919878877	True	
1.40134660115	2.48328650069	8.32708276867	6.87567832641	-2.3394267106	-0.847776310854	0.659602682668	0.548935612328	3076.03575024	518.680680089	True	
0.714353721993	2.69156318815	3.04407008233	5.75312114937	-2.46696579456	-0.810541297943	1.09215226364	1.12130789051	2394.83617824	513.493873288	True	
0.690056305988	2.65865624213	7.95159758222	5.80195202785	-2.28925075317	-0.737972744489	0.380404969365	0.00633768581779	2807.96630111	508.358934555	True	
2.4672729672	1.68750657306	9.29807954269	7.37963554199	-2.37880167752	-0.0637234880597	1.18252360776	-0.643911746633	3960.28359632	503.275345209	True	
1.15259396189	1.42740706832	6.23463472863	5.27716272866	-2.51689164767	-0.761457176368	0.503492939128	-0.228756899927	2594.09263922	498.242591757	True	
1.86076232908	3.42627873068	9.20414420971	5.34328010876	-2.34026618974	-0.805025296892	-0.0484135334171	1.08425446522	2606.71485704	493.26016584	True	
1.81085691666	2.66107245943	6.81857309391	5.44927346533	-2.47645032821	-0.287843311522	-0.668830153987	2.53408431442	2857.84908842	488.327564181	True	
1.74213078166	5.97923242538	4.03934591283	5.99524985558	-2.3536583547	-0.75894146395	0.842055338315	3.19778467249	3600.36221438	483.444288539	True	
2.16372109105	7.30492073295	-0.0483900492935	5.46169717621	-2.20422476183	-0.773504839786	1.11482090471	3.84624524813	4238.80525887	478.609845654	True	
2.72202414972	8.07739608744	-1.52552237356	5.17437838123	-2.06003392703	-0.687825945524	-0.309695160618	3.27002891157	4193.5870999	473.823747197	True	
2.61249874099	7.57967720279	1.37846730513	6.01835218509	-2.4064938039	-0.823511334614	0.737807246404	2.55684112604	3460.08028913	469.085509725	True	
1.71312058485	2.19995057966	7.27843205248	5.39406813096	-2.40696916665	-0.829633667301	0.235877855499	3.35635506674	1924.70763799	464.394654628	True	
1.43094350869	1.04295472944	9.68807781811	5.9752368543	-2.5085566001	-0.844513586957	0.727388880351	3.51872795514	2177.71003575	459.750708082	True	
1.26177649303	5.67745904287	8.063996148	6.18701994661	-2.53615128732	-0.809983367249	0.678962350033	3.45083691871	3145.95713869	455.153201001	True	
1.54389972993	2.59904046989	5.28526019201	6.85600591705	-2.368351824	-0.818683234286	1.29043995965	2.71449121542	3084.60411586	450.601668991	True	
1.18493697837	2.46503764119	7.57291023961	5.75420688558	-2.35467096042	-0.613982142807	-0.310148534037	1.80072345961	2093.2102724	446.095652301	True	
1.8756668909	1.91127487063	6.85493202244	5.12399073016	-2.34829624375	-0.735299381741	-0.109550372993	2.84969472733	1781.39537503	441.634695778	True	
1.62226576086	4.01303562337	5.49976624074	5.41892187122	-2.36131385412	-0.769938769706	-0.00659928239784	1.33669068216	2345.22446072	437.21834882	True	
0.537642775141	4.36304220665	2.07583339361	5.44273642992	-2.39546485356	-0.704342585759	-0.232182624792	3.09449551606	2350.6302848	432.846165332	True	
0.477083413998	-0.199144594174	2.61449347508	4.35464084714	-2.09346544941	-0.656716605716	0.105725514968	2.67144251247	3860.95727249	428.517703679	True	
0.0701551914642	4.32643139526	-2.1093472879	5.31816612541	-2.49638634057	-0.770627012348	-0.146700619676	3.59524935819	2682.73429497	424.232526642	True	
0.606293685416	4.0066620916	-1.08944614931	5.37423692692	-2.18782867998	-0.727179776725	-0.0117056438193	3.03290549012	3580.1410132	419.990201376	True	
0.484526709863	1.80904329155	-0.810019994621	5.75812480067	-1.08451323177	-0.798629846276	0.777782470764	3.23163007436	2134.13701076	415.790299362	True	
0.396758223798	2.05281043528	-2.23133908167	4.85962320395	-1.25465752714	-0.866714957257	0.602415847121	3.45927420164	3128.96043462	411.632396368	False	
0.282064497271	1.66795715471	-4.66024012606	5.90430014814	-1.39782016191	-0.781053142428	0.601715515907	3.94112272212	1889.23344333	411.632396368	True	
0.102537091504	1.21225728036	-0.32683155964	4.88451806056	-1.08957224331	-0.783863083361	0.201800609106	2.89344110759	1765.23042343	407.516072405	True	
0.192822070173	2.08812038805	-7.05845438353	6.13733837342	-1.32334428706	-0.807085604809	0.887991355069	3.43064081992	5141.96108068	403.440911681	False	
0.396187056005	1.74749959009	-0.92016707576	4.90124562345	-1.10263280538	-0.839840206935	1.34575195861	3.15681396541	3484.22446883	403.440911681	True	
0.171084545538	1.43164974471	-4.17700930845	5.40725983792	-1.00419250587	-0.696097465098	0.120136092375	3.72007574123	2116.89780066	399.406502564	True	
0.541826741197	3.11107212434	0.288125743631	5.9189530412	-2.35009257484	-0.858342744415	0.720608707348	3.90878817786	2591.21083807	395.412437538	True	
0.0496893347165	3.00187982952	3.49330954476	5.98439430741	-2.51510179166	-0.728846698277	-0.0567190175846	3.81196312159	2202.16251814	391.458313163	True	
0.478572445151	2.97821615682	2.66003298551	5.36004354247	-2.39092223989	-0.796626223688	0.0492538956292	3.46599073824	1852.47309427	387.543730031	True	
0.299015908613	2.86960023566	0.659412008735	5.69324973655	-2.57958438337	-0.777387454496	0.0783054291127	3.67765181587	2733.69924444	383.668292731	True	
1.47193613343	2.9803019917	5.37859067819	6.94092264129	-2.44554796472	-0.895326799879	0.744453668599	3.52254383001	3851.19252029	379.831609803	True	
1.03507056985	1.98147780161	5.96913967995	5.00744289317	-2.39942318564	-0.687936217155	-0.030029918736	3.75576617642	2023.58674606	376.033293705	True	
1.22286916492	0.753858213342	9.61680854377	5.73047913805	-2.47375626293	-0.73472100282	0.297489964841	3.82345851449	1860.93772784	372.272960768	True	
1.1232259524	3.85213632185	4.81066323353	5.46997964204	-2.55156033984	-0.847300238058	0.626215201408	3.1299479363	2936.027523	368.550231161	True	
1.60578105626	1.54398096234	9.65755407435	5.92512595776	-2.31639845342	-0.783624333315	0.460451778813	3.56684498497	1827.11188961	364.864728849	True	
2.00012555019	2.44804655972	6.09318848173	5.80442855184	-2.23862088552	-0.777042750296	0.49572438422	2.94092281386	2402.39515571	361.216081561	True	
0.995194360165	0.794358235844	6.38900593458	5.50283932656	-2.42909380054	-0.73061530208	0.431776481946	3.67902187027	2049.63976933	357.603920745	True	
0.737373534939	2.51257937016	2.23190651669	5.37652450834	-2.45319653445	-0.745067414763	0.442748826192	3.72389835652	2538.28926698	354.027881538	True	
1.17195703852	8.57189042337	-0.0885179170489	6.2478385872	-2.51770166676	-0.744260694204	-0.044429745132	3.88723036972	3453.88479644	350.487602722	True	
0.672912847566	1.16211457758	6.65595314336	5.80156815021	-2.39291560264	-0.768980226844	0.480118896271	2.7301045911	1506.18263365	346.982726695	True	
0.468019399616	2.13255188885	2.88577581489	4.99590822748	-2.34193417706	-0.644761375707	-0.355606563376	1.41357444321	1981.68692726	343.512899428	True	
1.45555728844	0.747229053298	9.72850268312	5.12347119772	-2.29977628847	-0.817280113431	0.321010700205	2.57285657318	1855.06062877	340.077770434	True	
1.25841930184	2.61326972614	5.99640242457	6.40744101853	-2.42577641976	-0.871352268783	0.412832087598	2.45089909751	2658.6206586	336.676992729	True	
1.01418405601	3.07671966779	5.90932619164	6.93066218698	-2.48217021095	-0.810332619024	0.131544386235	3.54286812248	3128.84132476	333.310222802	True	
1.70850944673	6.49828704027	0.00559076230176	5.77260364125	-2.31078545476	-0.867201075332	1.45212010844	2.44113528316	3678.34444142	329.977120574	True	
0.148360338146	0.432839125172	0.937843937355	6.25064723263	-2.19445985888	-0.820322235672	0.817275971311	1.64757218917	2457.06311701	326.677349368	True	
0.181068178113	0.697470240931	1.45610777252	4.15433426358	-2.40914968997	-0.678265717388	0.068926078861	1.66946916509	3355.0047406	323.410575875	True	
0.34818107753	0.849504076886	0.758267865886	5.57426942406	-1.4707867816	-0.764115764647	0.32789734951	2.87682099051	1846.02996067	320.176470116	True	
0.353461778915	0.622658235193	6.6701079001	5.90627466703	-2.42314725443	-0.797968488345	0.800803323918	3.38413221755	1541.56602229	316.974705415	True	
0.174176845448	1.41059893459	3.90775272587	5.9232176518	-2.35245304945	-0.862533702625	0.80050987981	3.78017877732	2108.43093907	313.804958361	True	
0.255378564789	0.140719645255	9.28625349405	6.113751101	-2.30180775951	-0.78111370984	0.905480153959	3.66354282109	2415.16168841	310.666908777	True	
0.657799521942	-1.236630154	9.57259384752	5.9427474559	-2.42827147293	-0.805563379948	1.11341526203	3.97132086179	1802.55344356	307.560239689	True	
0.574535961097	1.33214720465	2.71148854709	5.36790398259	-2.44570799115	-0.678189466235	-0.204329172517	3.74341060064	2217.62431315	304.484637292	True	
0.736904846408	0.895994820041	5.53660934908	6.22069098791	-2.357322633	-0.803089419118	0.461073203397	2.11276307088	2228.59936914	301.439790919	True	
1.41418064963	0.234598231118	7.48931236901	5.80285925842	-2.37423989938	-0.794941289241	0.728468376247	2.08647107508	2373.28272169	298.42539301	True	
2.50436090472	1.27371996686	8.80834081996	4.4153932248	-2.29657617808	-0.820518704054	0.545606914499	0.958655756798	3204.69182489	295.44113908	True	
1.63094838153	1.39931811012	9.54892972505	5.23782404625	-2.35990168123	-0.705889265395	-0.0207704363126	2.95769672578	1640.91561268	292.486727689	True	
1.62129619598	1.39350224846	7.72241913449	5.19220602095	-2.34073886119	-0.812152348294	0.441027436077	2.57158750686	1805.37539402	289.561860412	True	
0.311165363724	3.86190843972	4.71784264702	5.01058157571	-2.45544690156	-0.785721034406	0.20905360214	0.616975923247	2906.98871679	286.666241808	True	
0.380317175956	1.62140765189	9.79617702753	7.17901568598	-2.35408502228	0.606355148846	1.47157358134	-0.810302688626	3633.18641468	283.79957939	True	
1.18517974755	1.56497722868	7.1752509424	7.5907966029	-2.47330899867	0.099488411242	1.90808547464	-0.728722834223	2697.2895451	280.961583596	True	
0.700895805294	5.05884471989	6.61255437675	6.14289273697	-2.52867636039	-0.461995148155	0.300905481457	-0.563054102751	2854.97288369	278.15196776	True	
0.255035236742	-1.06754549045	8.70038309696	5.18954121328	-2.45558303217	-0.799454760302	0.720478355312	0.330597307842	1937.363862	275.370448083	True	
0.75584458075	2.6659467962	2.61247642779	5.01479855274	-2.39847385401	-0.684141117025	-0.320582326733	0.901939807115	1961.29024713	272.616743602	True	
0.183884286392	-0.269287733023	8.6591074041	5.03903469263	-2.50800346206	-0.615573593641	-0.170697940571	1.13245127958	2986.42253798	269.890576166	True	
0.199168638024	-2.86545003762	9.24315189891	4.64163079616	-2.4923604811	-0.680443982697	1.81416604839	-0.217534254693	2695.44150313	267.191670404	True	
0.0734659641063	0.191288111563	7.27281497789	6.46661980919	-2.52677107746	-0.672292156357	1.37896122474	-0.191879455449	2312.60870182	264.5197537	True	
0.386502472685	-1.04019895079	9.70345059416	4.8266558138	-2.35375259175	-0.796795653823	0.735125141936	1.79425056359	1983.59619	261.874556163	True	
0.213027501058	2.79377085564	8.43033368284	6.26722426038	-2.43232228875	-0.843012639898	0.180720433925	2.92820237742	2915.76278484	259.255810602	True	
0.608897155456	-2.0212393476	9.6611179933	5.31750336815	-2.38838260295	-0.803308584378	2.0047085093	2.16835224735	2492.41856595	256.663252496	True	
0.171213364315	-0.223003664419	8.55777897583	5.29066841344	-2.39427030154	-0.857560949782	0.301840568302	1.20813675824	3016.01165175	254.096619971	False	
0.857630070676	0.590053497008	7.57679417452	5.83465019294	-2.5167437359	-0.726818115651	0.552257236905	0.0754581391061	1750.78584932	254.096619971	True	
1.32193745933	1.50959344801	8.40657540949	5.1424475129	-2.43822404334	-0.577337823336	-0.20267950644	0.261802162028	1852.83572647	251.555653771	True	
0.711738683769	1.44830489123	5.22277991295	5.98191984625	-2.42007458644	-0.765477720865	0.617521952729	0.522150223573	1580.05104531	249.040097233	True	
0.974983097124	1.00084498078	8.12706021699	5.94617328934	-2.42188528162	-0.743713395883	0.585608972161	0.269944561537	1469.540012	246.549696261	True	
0.967007983502	0.770228615631	7.76629705499	5.54760988109	-2.49684604317	-0.81745212195	0.599061702639	0.979845114396	1658.13892474	244.084199298	True	
0.579850328476	-0.0213464774674	8.17070184805	6.12468990395	-2.39602180737	-0.387693660631	1.16359067219	-0.636702728866	1640.19450336	241.643357305	True	
0.485927960676	1.23309451169	6.8454574213	6.72388490026	-2.33987587359	-0.315623892627	0.719488155807	-0.683760965723	1930.80543588	239.226923732	True	
1.20041322679	1.09307261944	9.2374845201	5.52013992806	-2.47337854648	-0.600809348208	0.323504677198	-0.329219655819	1490.22679749	236.834654495	True	
0.9668287633	1.61003512408	7.39983709398	6.64802529978	-2.35855395324	-0.719360837595	1.05589875497	-0.098796429569	1962.02645035	234.46630795	True	
1.23743639334	2.658710212	8.92273784575	6.09100825809	-2.40170289801	-0.81595466414	0.701420203961	1.17348297848	2135.37114881	232.12164487	True	
0.944202753121	1.01798121039	7.12886152747	5.18140426232	-2.46648296986	-0.518579949781	0.685294149987	-0.565215375618	2275.78975513	229.800428422	True	
1.47418855724	1.71657426955	9.60494480727	5.78804246314	-2.40770570287	-0.579591662229	0.316212657486	-0.325582219284	1518.50913375	227.502424138	True	
1.91396202371	3.78683285973	9.57026962457	7.26486008875	-2.40235479535	-0.208036624539	1.00973297292	-0.650021192452	2794.54240118	225.227399896	True	
1.91426039098	3.12066828353	8.11822272475	6.2480992114	-2.46596133819	-0.305596761864	1.0620727731	-0.651835762444	2500.47013128	222.975125897	True	
0.949186960639	2.81588351846	5.70518102337	5.22650400631	-2.49192218997	-0.745338343708	0.106601435545	-0.0149638713019	2245.3533428	220.745374638	True	
0.41147693962	1.9703306301	3.58163569913	6.18571757442	-2.35891976395	-0.830661884995	0.719558287809	0.23886189261	2398.01816372	218.537920892	True	
0.524944260963	0.921778869684	6.15777704489	5.14271942394	-2.45013074568	-0.742132821409	0.239179612454	0.335797273981	1501.79737404	216.352541683	True	
0.756046461746	1.28269350173	7.29461345119	6.27132937996	-2.48711367061	-0.323835665499	0.429925160231	-0.671285777032	1786.4886525	214.189016266	True	
0.813178997298	-0.0278573848365	8.46183315825	5.51511613601	-2.4286943879	-0.757033984855	0.51465561412	0.936786781509	1524.19435903	212.047126103	True	
0.488732259009	-1.17353369932	8.76967194137	5.11013040897	-2.33220335473	-0.756027559773	0.85938092616	2.65542246907	2003.94433015	209.926654842	True	
0.882150508477	0.394724291888	7.35432169956	5.0005671619	-2.39130955148	-0.760401812964	0.298357704392	2.85690967819	1540.05695521	207.827388294	False	
0.810823643477	0.630021002724	7.05687077103	6.26955094747	-2.44715260223	-0.851789525253	0.892487376248	2.98477968317	2092.72759961	207.827388294	True	
1.11938753521	0.539847548106	9.91553385135	5.53553033386	-2.35833784467	-0.790849057548	0.309710642492	3.34606371352	1501.22657229	205.749114411	True	
1.29318985785	1.69385630286	7.48898016938	5.7508925189	-2.45359251556	-0.699586172081	0.0132770451563	3.70584387924	1833.83362946	203.691623267	True	
1.30126202123	1.85242983025	4.16562232229	5.27369940073	-2.36424069836	-0.780721435061	0.239107786356	2.99601917974	1971.75408022	201.654707034	True	
2.24974982823	3.28270589055	5.8542457485	5.64169627485	-2.41777511839	-0.647762220311	-0.207723649915	3.84442497208	2607.31192208	199.638159964	True	
1.60530874817	1.66752938707	8.28894536238	5.7213387139	-2.3448400899	-0.778836936788	0.256303830227	3.82338838143	1604.082415	197.641778364	True	
1.29359126771	3.33942152404	4.3101035862	6.12609211515	-2.37521810972	-0.819836275758	0.233274572441	3.89281939477	1992.11110546	195.665360581	True	
0.735944328056	2.70628837889	4.96688049542	5.66177819806	-2.38152230178	-0.766065110987	0.445187020723	2.62743659153	2018.44479877	193.708706975	True	
0.088329511951	1.21952146919	4.20129613336	5.55833767701	-2.35851923245	-0.760871571182	0.25506032768	3.14274709354	1606.44410547	191.771619905	True	
0.0263898312384	1.56596875312	1.38840303079	5.43478265829	-2.46931509846	-0.693705539302	-0.157409067961	3.30345434173	1918.20381794	189.853903706	True	
0.325175929343	1.72566177512	2.95725700491	5.57142065782	-2.26451101795	-0.722702941175	0.0212737719086	2.54046702957	2089.40674132	187.955364669	True	
0.384066469775	3.71686906367	2.61641274542	5.70516699185	-2.45665343194	-0.732004397137	0.0763284112235	1.99511268608	2160.06794289	186.075811022	True	
0.528576235315	2.73754205047	3.36587388767	5.95496221323	-2.46778710107	-0.721368899499	-0.244092059508	2.34588064834	2079.1467494	184.215052912	True	
0.157684864789	1.18513662768	0.155130963375	5.74907498984	-2.2138022016	-0.699506317362	-0.0381620890851	2.60329290004	1943.29847788	182.372902383	True	
0.111836625063	1.15666117309	1.87610673085	5.91597439776	-2.43247982838	-0.837675112342	0.863509481509	2.08463725397	1988.32023426	180.549173359	True	
0.644956645756	2.39619255578	4.38733225081	5.86870203345	-2.41150318779	-0.779132809097	0.259195638404	2.04349288486	1480.77097866	178.743681625	False	
1.25703498293	1.81633880402	9.71787373565	5.49576226943	-2.37734514636	-0.824294083404	0.357126322627	2.34110305261	1729.33067899	178.743681625	True	
1.81911836157	2.83258503424	3.77574596204	5.04671286519	-2.33656891931	-0.743545539358	0.149681254627	3.13977329942	2407.46948089	176.956244809	True	
1.09958928337	2.14562843327	5.46695923462	5.3285271047	-2.43749136641	-0.759577023496	0.218210198728	3.28687720439	1596.61794223	175.186682361	True	
0.435822280872	1.66512055218	5.47762742107	5.5296813663	-2.39229989212	-0.761735008013	0.161085269806	3.84083539356	1494.46505609	173.434815538	True	
0.738999042084	0.522044319562	7.29121869539	5.19910012736	-2.44385092317	-0.636377164802	-0.0903003276362	3.49622498625	1945.60835364	171.700467382	True	
0.379298929348	1.21471645236	4.64948297102	4.90802687668	-2.36472385235	-0.822405493967	0.24040635613	3.8843307795	1903.53476718	169.983462708	True	
1.06025089256	3.35347270911	5.30354997519	5.75188109341	-2.40480472463	-0.790755805094	0.481508497661	3.23017837779	2077.45089985	168.283628081	True	
1.84646916957	0.707600418789	9.57607154489	5.39327993675	-2.31726641227	-0.747750987449	0.37116027413	2.69704389323	2131.82931012	166.6007918	True	
1.91236218874	3.62937906077	8.26060871052	5.56528653061	-2.40335569923	-0.770764643957	0.0881094261222	1.52851849418	2211.35122166	164.934783882	True	
2.03825866835	1.93078324287	9.41117942029	5.79789670738	-2.38740944008	-0.788504477469	0.461125862244	1.01707700857	1956.65188133	163.285436044	True	
1.45504146361	1.3269639427	7.12091358895	5.28967810323	-2.35931108721	-0.804615804032	0.225109800739	1.25622035777	1604.56734024	161.652581683	True	
1.45404860031	1.16118414601	7.52131412482	4.93458883268	-2.2491973295	-0.733809539798	0.109712056772	0.958025302742	2159.47279288	160.036055866	True	
1.14440122134	2.54759079811	7.6756303899	5.95685758015	-2.43689844849	-0.731464880714	0.121942347783	0.149154720854	1723.2341015	158.435695308	True	
0.949590269635	0.745568319266	8.29758952558	5.56237343531	-2.43448271812	-0.606769862427	0.295678928321	-0.306193403641	1427.35917044	156.851338355	True	
0.828100331202	1.03058419123	7.27483530339	5.74760325208	-2.48560889266	-0.589929549326	0.518497275121	-0.204429767476	1993.13041907	155.282824971	True	
0.486795044499	0.14447704794	8.78978578083	6.17228986215	-2.43208773738	-0.581156811335	0.694466746231	-0.365051326343	1571.78308351	153.729996721	True	
0.351264182861	-0.150850894155	8.61777070926	6.03734376592	-2.47795637043	-0.723158175996	0.794581625503	0.083584582075	1686.87367086	152.192696754	True	
0.640474299359	0.411352428592	9.09165215373	6.31221092543	-2.54186968398	-0.309561493679	0.932735365825	-0.701207945741	1956.49955624	150.670769787	True	
1.42588815554	2.61568927811	5.5220117289	5.55582563254	-2.38586096631	-0.588810546849	0.168493153515	-0.294438543314	1674.19201298	149.164062089	True	
1.0351806119	2.4572144629	6.5780503512	6.64598278886	-2.35407648673	-0.329402964038	0.29539654679	-0.553561688238	2053.48700129	147.672421468	True	
1.21703752664	1.7228477351	6.22540327727	6.47515693237	-2.43698195785	-0.549121461047	0.689682835277	-0.561490665982	2038.53997674	146.195697253	True	
0.796314328503	0.933361842568	7.87300808934	6.56043737952	-2.41065349105	-0.55784174307	0.937096520969	-0.476661898151	1513.32586286	144.733740281	True	
1.1855034545	1.96819734018	6.29040080697	6.11128863433	-2.44776748035	-0.491872026001	0.449544384595	-0.480994490727	1497.54977224	143.286402878	True	
0.283396505791	1.13431107766	5.83014801323	6.23136626743	-2.45986463276	0.0939698169479	0.787287789756	-0.730089040158	2421.00969368	141.853538849	True	
0.777770906781	1.94704392801	7.3008323378	6.03317430711	-2.45749969739	-0.55714272718	0.811631400475	-0.440312089159	1773.79126273	140.435003461	True	
1.12331554836	1.1791031398	5.84366256974	5.70258165493	-2.41796965222	-0.743434899963	0.632703970028	0.0679974460207	1734.64538296	139.030653426	True	
0.967695216843	0.975066143517	9.27491385927	5.58347822922	-2.3848028288	-0.796549149782	0.369567362232	0.905116158171	1430.4681119	137.640346892	True	
0.882985370236	2.35848350326	8.15426924015	5.55330834721	-2.44043253562	-0.760516547222	0.448064716084	0.463626465802	1939.16259626	136.263943423	True	
0.839419249495	0.0620388790057	9.66438272694	5.47443137302	-2.37307790438	-0.796127888825	0.436841927703	1.00666415738	1530.11563839	134.901303989	True	
0.766208625937	1.44982730427	7.35866339548	5.76243008489	-2.44105665086	-0.771563948891	0.316334806461	1.43311159129	1439.92899385	133.552290949	True	
0.905373759978	1.24888865514	8.32371166785	5.24670229901	-2.36150252842	-0.78533952211	0.215557727402	2.40285266903	1584.09106142	132.216768039	False	
0.393384163793	0.54064759845	9.93076947883	5.46503201744	-2.44010911516	-0.77309606065	0.410309601999	2.31131128476	1529.43692316	132.216768039	True	
0.708166158421	1.39383101156	7.12019417928	5.27484903945	-2.43651906613	-0.787382008662	0.526804493695	3.42196269576	1761.70431549	130.894600359	False	
0.363292235226	2.34696509409	3.51500804791	5.18780864556	-2.30711510475	-0.790734868101	0.274542057078	3.49443704197	2130.00000781	130.894600359	True	
0.131734278168	1.19404489939	0.320749386962	4.89541185737	-2.22266074479	-0.747272413238	-0.043345591627	2.50502790195	1674.14135884	129.585654355	True	
0.382164290074	2.64723778319	1.33649804975	5.65995368038	-2.38774429778	-0.692064814277	-0.357324554286	3.12245577732	2260.04832462	128.289797812	True	
0.0697366323402	1.49635918688	5.90262793536	6.17617559615	-2.46915206679	-0.715238645148	0.070163148952	3.47672858104	2251.55304608	127.006899834	True	
0.432160439223	2.27629262848	3.13747385634	5.59707048891	-2.47491273761	-0.751898008523	0.201246766519	3.89343684161	1731.83267954	125.736830835	True	
0.288398703089	1.47761013667	0.903325020363	5.34399267212	-2.35015766648	-0.824587428428	0.282849307785	3.48920214492	1792.10436702	124.479462527	True	
0.250683920046	1.58136145408	-2.23640158906	5.54298073249	-2.0071766314	-0.83388358011	0.627887095739	3.31084546734	1849.30820187	123.234667902	True	
0.134909432776	1.3093091313	-0.644432493973	5.33910851894	-1.58913842793	-0.769428300091	0.520862406398	3.91210198925	1829.96245284	122.002321223	True	
0.138137491463	1.44765997831	-3.45329053671	5.45357641194	-1.58930962452	-0.746748976061	0.289867466473	3.40361687902	1751.0887542	120.78229801	False	
0.0642099444615	1.34080919472	-1.89593759072	5.87656382567	-1.54068308684	-0.770193425073	0.492134499363	3.5835189341	1675.72291283	120.78229801	True	
0.392742958071	1.39588652728	-0.898810304498	5.67074283238	-1.0464051085	-0.752379156232	0.351387647023	3.32676912317	1827.15956721	119.57447503	True	
0.211044475864	1.46310326539	-3.59628745743	5.4908937828	-1.36157935967	-0.788249281902	0.301844654966	3.88759967242	1590.11247928	118.37873028	True	
0.253782042203	1.63234846579	-4.56622078112	5.09804648071	-1.23993761699	-0.748212013457	0.0890984401146	3.84762775796	1702.35663646	117.194942977	True	
0.0408389105551	1.11267015197	-3.42362598761	5.85831617134	-1.10850563785	-0.821904355658	0.449044379235	3.64473372749	1899.40749391	116.022993547	True	
0.505610469529	1.6518669798	-2.30543267358	4.80160044096	-1.39106655409	-0.795123491676	-0.0668200833505	3.12278006983	2466.71977906	114.862763612	False	
0.129802235627	1.37909996916	-1.93123352094	5.46950901524	-1.12120411729	-0.802563708103	0.30914449556	2.80519421584	1550.10229217	114.862763612	True	
0.0795751012914	1.26958547957	-1.80121429678	5.54389826291	-1.16558492651	-0.710072437435	0.0925429690929	2.46895752049	1862.58987773	113.714135976	True	
0.302429461229	1.22717676308	-0.587730387156	5.51114208364	-1.28714480205	-0.771566901828	0.236392957353	3.38594775497	1547.96661856	112.576994616	True	
0.101074177954	1.44530954529	-2.05431941131	5.46476650988	-1.10166067402	-0.777795835928	0.228943446807	3.41515923155	1511.53906171	111.45122467	True	
0.0243698103918	1.01782901129	-1.12845940822	5.45496255692	-1.30875446047	-0.779237361666	0.286438876069	3.02172130211	1470.10873198	110.336712423	True	
0.0131027267197	0.746163278184	0.168165093072	5.07502874347	-1.41582850612	-0.757407560259	0.174128149884	3.3365054727	1529.03960186	109.233345299	True	
0.0619587307448	0.862558964499	-1.20592176769	5.20283576104	-1.3171065898	-0.785407986136	0.287539295241	3.71770354342	1785.67960472	108.141011846	True	
0.104449798507	0.84430403193	-0.184326075791	5.78055096597	-1.35108698417	-0.799981646845	0.363232843533	3.64030683212	1598.03119807	107.059601727	True	
0.0175748038959	0.899650241093	-0.0736369747014	5.23310755254	-1.66378912789	-0.702821472497	-0.0307567456419	3.80363011931	1628.69664471	105.98900571	True	
0.000431299078861	0.715372753941	-0.307960272686	6.08332733028	-1.82487355212	-0.848466815887	0.744165632303	3.88856130086	1962.68637454	104.929115653	True	
0.00986174109951	0.88914449608	-1.02122121656	4.86497555664	-1.8511336107	-0.745117622189	-0.059652330199	3.30464297598	1876.12700879	103.879824497	True	
0.0379125889178	0.979634171252	-0.956277641437	5.51413304167	-1.5946615873	-0.758448076274	0.212830814344	2.81265322211	1544.01093089	102.841026252	True	
0.284146552684	1.25674448952	-0.594848677747	5.50505607893	-1.54227829533	-0.797775271536	0.235459482038	2.59459630435	1570.31845582	101.812615989	True	
0.013721859343	0.994908654615	-0.772398393824	5.48382639769	-1.651091082	-0.773182750689	0.289427950599	2.58745546365	1453.96715193	100.794489829	True	
0.281260780001	1.54278069937	-1.45580229221	6.03798917194	-1.68266183817	-0.844068624567	0.734332863699	2.95587945492	1936.3179523	99.7865449309	False	
0.10822649144	1.09495887203	-0.240328813043	5.81529675263	-1.79294292338	-0.802486839305	0.363297166346	3.25382684127	1554.94013141	99.7865449309	True	
0.13424894036	0.921925627511	-0.276408014613	5.38711864809	-1.88114491659	-0.775740086477	0.301680031726	3.82826289404	1522.76683853	98.7886794816	True	
0.0754358350774	1.21460577651	-0.581140603331	6.00476769688	-1.69136439549	-0.799475037631	0.459442594147	3.45755129166	1629.93599493	97.8007926868	True	
0.0484302014879	1.41181329186	-1.88896348528	5.36038415014	-1.37765045234	-0.788738954986	0.351342205702	3.80658600638	1569.93770715	96.8227847599	True	
0.0395172959503	1.16603133287	-0.229757490726	5.73944969851	-1.26591535927	-0.801645875907	0.42100619002	3.74367481622	1676.16941337	95.8545569123	True	
0.17013650374	1.36894667609	-2.08186088179	5.58953657049	-1.54668670401	-0.815921134238	0.402881527523	3.95067094655	1588.26121409	94.8960113432	True	
0.349522212839	1.45804483175	-1.1738540401	5.6622626004	-1.73812166436	-0.7897151614	0.217806979073	3.97371547571	1627.45579733	93.9470512297	True	
0.021472812939	1.27659372754	-2.19340802753	5.08302269334	-1.16725701201	-0.759816314006	0.0126887123176	3.80558616182	1582.48693225	93.0075807174	True	
0.0484382231008	1.45467290824	-2.02307724479	5.1037996822	-1.25690755073	-0.77484609488	0.412097995932	3.2663637172	1867.65066571	92.0775049103	True	
0.169854749877	1.190371025	-0.533618907439	5.54838420797	-1.36334771201	-0.784948306584	0.49508285124	3.7832856762	1525.8782951	91.1567298612	True	
0.127114558634	0.895014692275	0.180902436077	5.47805590855	-1.28254083074	-0.77292779905	0.303921542127	3.77372767311	1504.25701856	90.2451625626	False	
0.0666575297934	1.17627210355	-1.68005421356	5.73070063768	-1.45159424901	-0.679527605208	-0.15424841517	3.49769695091	2045.95149027	90.2451625626	True	
0.0804235191697	0.902738716432	-0.529301623146	5.59778654672	-1.01874009327	-0.798530244326	0.559281312771	3.61730420776	1524.76263956	89.3427109369	True	
0.106661576736	1.05288227824	-1.2705128605	5.49202186616	-1.09311176992	-0.728897749444	0.146130893264	3.41662243055	1752.8436729	88.4492838276	True	
0.0203005525027	1.21202305069	-1.84692625398	5.49251688471	-1.48927507332	-0.785777426334	0.375082483126	3.89560476711	1474.53645614	87.5647909893	True	
0.25840107204	1.60826348001	-2.25083318818	5.47179612802	-1.50331256979	-0.786898221683	0.143611399707	2.96236978514	1627.10554765	86.6891430794	True	
0.252727731875	1.50076128315	-3.50022240699	4.81375557028	-1.66054361174	-0.76741447561	0.0620723655959	3.71061530907	1864.10485113	85.8222516486	True	
0.470438489119	1.65357008936	-1.42774489237	5.52464417587	-1.62983455482	-0.81464722226	0.428269347934	3.71861539147	1760.5121219	84.9640291321	True	
0.170477313124	1.04038770221	0.0238707499027	5.91816484671	-1.84674286644	-0.780544636548	0.144186475039	3.81704613731	1860.74992929	84.1143888408	True	
0.0440008268995	1.36818043925	-2.99878184683	5.14130437075	-1.75451460936	-0.724574064407	-0.0749746822903	3.46648813111	1625.18967926	83.2732449524	True	
0.0383682949352	1.34389451538	-1.85834646902	5.79898625671	-1.84040009194	-0.780136509203	0.601918516182	3.21127900007	1678.23332561	82.4405125029	True	
0.120296560233	0.96391238862	0.078561865379	5.92370714347	-1.78404342738	-0.77403842135	0.693812508216	3.2841045825	1760.08637346	81.6161073778	True	
0.192163008123	1.04061126231	-0.606282239222	5.25673288196	-1.92083902978	-0.787967897433	0.409179755009	2.88659265574	1686.17611762	80.7999463041	True	
0.120638797394	1.04663607623	1.80901735773	5.36212586603	-2.32686643353	-0.675113333694	-0.12909987538	3.44279568202	1845.06479494	79.991946841	True	
0.102436896827	1.55412658539	-0.251542644406	5.38299479581	-2.26818764437	-0.757872789662	0.0682356147168	3.43788490541	1519.30976526	79.1920273726	True	
0.0880203368035	1.29595534205	-0.188319552569	5.49060006476	-2.16421655954	-0.804975679908	0.29508720505	2.97369696669	1498.84449582	78.4001070989	True	
0.105861306024	1.36786581636	0.986956669344	5.29038655939	-2.35185045977	-0.772351444805	0.234525547448	3.10954133665	1533.91636495	77.6161060279	True	
0.151212488833	0.641076299686	1.48723996659	5.28877571227	-2.29318879397	-0.734584191162	0.047508342248	3.233965098	1844.95912572	76.8399449676	True	
0.207278688863	1.35234138421	-0.0488410414403	5.47257373913	-2.17227879406	-0.793639712324	0.480006129644	3.49982395416	1565.58031951	76.0715455179	True	
0.164750351108	1.44693640946	-0.733607341141	5.33268886858	-2.1208298306	-0.785848982803	0.182615722901	3.50770092307	1504.03757699	75.3108300628	True	
0.228452687077	1.56271306817	-1.09465697117	5.12521670269	-1.9465981722	-0.775790272667	0.113122535425	3.2240429675	1595.16729173	74.5577217621	True	
0.352483660015	1.11210749703	0.296146405976	5.32426405588	-1.82535167872	-0.765606848364	0.166694245882	2.94036086419	1611.66446924	73.8121445445	True	
0.220058481714	1.18512959393	-0.728974563321	5.60496608777	-1.68922920988	-0.792999286973	0.439785769389	2.77781980155	1526.03921159	73.0740230991	True	
0.3227385877	1.61621198658	-1.3773183441	5.56936804444	-1.53509636367	-0.812724459513	0.591330361909	3.52837985778	1718.68755923	72.3432828681	True	
0.0568439654928	0.780755616831	-0.4112212042	5.62479319769	-1.5576836649	-0.794456516319	0.545088828249	3.16444300112	1575.28680522	71.6198500394	True	
0.135225671473	1.07576058708	-0.0986858498877	5.7307230277	-1.66643344311	-0.805420224564	0.502109287882	3.54646273518	1517.4292981	70.903651539	True	
0.184367063521	1.16583137154	-0.138930200987	5.5514636974	-1.71592702604	-0.804864662791	0.385594558066	2.52927257598	1521.34334209	70.1946150236	True	
0.0753710605228	1.13355419139	-0.837363086719	5.051957565	-1.60071989396	-0.779998794867	0.204334872851	2.39988780519	1526.81273517	69.4926688734	True	
0.0789379553005	1.31069245185	-2.04766568188	5.60227359518	-1.65149222454	-0.783432711687	0.365024382905	2.55797216895	1613.22950963	68.7977421846	True	
0.122360124175	1.01849343426	-0.0824644977219	5.88952692635	-1.83329047928	-0.783827563432	0.695491569043	2.20203172217	1691.22761099	68.1097647628	True	
