Parameter 1	Parameter 2	Parameter 3	Parameter 4	Parameter 5	Parameter 6	Parameter 7	Parameter 8	Parameter 9	Parameter 10	Parameter 11	Parameter 12	Potential	Temperature	Equilibruim
7.74493107483	8.00726933313	7.01120412445	1.37405754838	3.18732457637	8.55336223583	6.43235392521	3.81619824886	5.46433092665	5.90743702271	5.44637206311	7.42631858093	29689.4012099	2593.7424601	False	
4.45716730382	8.22781765907	6.68944286601	5.46454127874	6.9706218177	7.55353121259	6.21073429021	4.4008428276	7.6958970683	3.91909436909	6.20032333951	7.29220606408	31811.8819798	2593.7424601	True	
7.19628544777	8.10079269705	7.93899336553	2.66022387344	4.61532436433	3.50371107057	6.74152703284	6.81948620097	6.25305379791	6.27659689969	5.76162396577	7.57816418922	39135.9746603	2464.0553371	True	
6.6527852819	7.74398770885	7.40885526478	4.3119755538	9.0257529331	8.98047743526	7.170268533	2.05010115979	5.63241789912	7.19561298501	5.74348897892	7.96240601672	32608.6369502	2340.85257024	True	
6.20302632586	8.82520800839	8.37765871375	4.7164422986	5.8686795037	3.23720560306	5.55691558064	3.8328867025	7.05521096447	4.53582335691	5.96639887422	6.16696008583	34827.3783946	2223.80994173	False	
7.16012265238	7.73232281244	6.97125791411	6.74923977412	4.45193185715	7.17542240081	7.37592816423	2.74563901246	6.40510779997	4.28115006035	4.30846374008	7.79890570799	28384.6709438	2223.80994173	True	
6.9014485068	7.50842713869	6.46936628886	2.41402059464	3.8751037994	7.41844670992	7.14497394245	4.17267574867	6.56758954085	3.510684949	3.83499730507	9.29739572113	36274.394525	2112.61944464	True	
7.65394864921	7.70567102477	8.48512950294	4.86328963866	4.28401477868	5.31943446034	6.00503783955	1.23922190765	6.13244805514	5.74015916712	7.39444851815	6.86843817806	34297.0883316	2006.98847241	True	
6.7204926875	8.59500514323	5.68444334969	5.12583055244	3.56923008049	6.06028101715	6.86878417512	5.40282864906	7.53631827545	5.31506744854	5.74855440544	5.68690299849	33756.6592873	1906.63904879	True	
7.15345295457	6.14368285644	6.69979515259	7.63642923665	6.06261164675	6.65071288342	5.46781884075	4.18861145524	6.61036294454	4.825520254	6.07633861447	7.34947183612	29317.309792	1811.30709635	False	
7.80910377559	8.80106770661	5.54445980453	4.02335038164	7.93754790341	8.80793386777	5.12769424572	1.47309315967	6.88564805019	3.65121707158	5.76481696972	7.88888714681	34912.7502413	1811.30709635	True	
7.33765140662	8.76953354622	7.71977676866	1.64835614687	2.33308466543	8.41119846118	5.54851634719	4.79913186203	7.50816688103	5.07137922155	7.62801105818	7.07093780659	32860.923418	1720.74174153	True	
5.59004633674	6.81559743693	7.08868121298	7.79309296383	7.17855848082	8.71977861434	6.96447376385	3.27923793516	6.89472464648	4.52209526802	5.82523313106	7.45240068291	27779.9048324	1634.70465446	True	
6.37618386451	8.24612052924	6.55486652173	5.24671493636	6.45812703111	4.69334402739	6.87852731498	3.93000566856	6.68102774724	5.08590656809	5.79236003434	7.40097982088	25617.8399694	1552.96942173	False	
6.8308789715	8.22182314477	6.59199551058	9.46733649822	0.468016048406	9.50806712589	6.47152252053	3.1459327698	7.6572200237	4.36898029384	5.25600985732	8.75666390387	30973.9604233	1552.96942173	True	
6.68755280715	7.76715624637	6.29955441858	1.90627999212	6.97275402978	6.74166215552	5.5075470184	3.91974622332	5.70764694618	4.85935196848	6.05101346853	8.44771219032	27397.9053594	1475.32095065	True	
5.9226957045	8.72189391798	7.91807492241	3.91363065118	7.39927313077	7.89486255935	6.21848452837	4.27048328291	7.16669885437	2.88408684444	5.21030786111	7.26966927723	31906.174745	1401.55490311	True	
5.7904467598	7.86968653145	7.49981063176	5.9007336143	5.81221397799	3.84415100478	6.12965402933	3.03386241535	7.20404222777	5.66638426996	5.31249063962	6.53160507331	28788.22999	1331.47715796	False	
5.84323819875	8.43997283473	6.69898241529	5.37725507588	5.03364912111	7.56490142822	5.50882331593	3.26898332903	6.76440363945	6.61413363604	5.48515129863	7.38985759443	27164.0952546	1331.47715796	True	
5.92868544709	7.73681597659	6.90936913697	6.37982106918	6.12159884723	7.9713913512	6.59694178237	1.87048577232	5.50390536689	5.27063911301	6.10263996522	6.22678259743	27523.7173855	1264.90330006	True	
6.0979361878	8.54566459658	6.71008785802	0.717705978435	1.63778290921	9.246551604	5.86355192597	2.14832854202	6.62657866734	4.41493511841	5.89741966375	7.67316465781	28589.3218518	1201.65813506	True	
6.54844771301	8.3357102884	5.51365767466	6.42536000687	5.49593259257	7.50435930794	5.10330333098	4.15939957563	6.57830629384	5.15653279101	6.74630352535	6.79824650898	27602.8034874	1141.5752283	False	
6.88122934585	7.15693611458	7.4858898613	2.22838642315	7.19654493886	9.22819272126	7.52509783267	2.83268306982	7.4070854156	4.44943703612	6.6508839779	7.0346436704	28733.6397406	1141.5752283	True	
6.34654597268	7.05740577389	5.98732232262	5.25776671948	2.07606674931	8.66735471806	6.32049421897	3.28003416684	7.29372806317	6.06473529294	4.97861628724	6.58828202673	29134.3505368	1084.49646689	True	
6.94068965133	7.26725587587	7.93206211413	7.09702542742	6.76258912137	8.74881556242	5.28265026018	3.59976555616	6.33867236262	6.20690328781	6.94535277817	7.79332916658	27504.3774334	1030.27164354	False	
6.7234972647	7.42697330132	7.58555418877	5.11198479466	5.34914055486	8.21337123386	6.13891956821	0.51243994206	7.4311158812	5.46666819432	5.8729965805	8.62730122128	28310.7780951	1030.27164354	True	
7.44831246254	7.43176137941	6.17041691736	7.04876084473	0.0224131882987	6.38082986605	7.24434835145	3.17130750513	7.3919709276	6.30049563394	5.83368994123	7.74665945978	28484.2628018	978.758061368	True	
7.21071256649	7.26001757219	7.03096864814	0.0977262683262	4.09808534405	6.50327189785	6.92887681789	3.48814926542	6.87251119292	3.09619422173	5.86928014547	7.51689691898	28253.908365	968.970480754	True	
7.28185108272	8.56281967472	5.63080839195	5.68264572264	6.33699002393	6.32932364979	6.23439047861	3.11114677111	6.19183620609	4.483951658	5.34147171594	7.05674413145	27563.0294521	959.280775946	True	
6.95405043834	7.70941944335	6.30409384032	9.06072873267	4.72942186815	6.28132097753	6.05019293661	3.19952611671	6.98215920167	4.77691582649	4.03175243594	8.08373520247	29428.0190063	949.687968187	False	
6.54658945	7.18209938396	7.19798293239	6.3992798691	6.02688973924	7.43455385141	6.09725642035	2.86018059387	8.33589555995	4.0524907303	6.87299850811	7.90826178619	27369.0749829	949.687968187	True	
6.66326903358	8.13577123138	7.35971045301	5.43924134805	1.30664998015	7.12943990358	4.34486784198	2.13432817155	6.73789606262	4.53991240911	6.88013895561	9.08254068079	32635.8614765	940.191088505	True	
6.40256257565	7.61883429873	6.5229416795	4.14328631772	3.36649463265	5.85099681105	5.75492523461	2.62684580342	7.15428621695	5.3541227524	4.95048263678	7.28362026412	26827.0831936	930.78917762	True	
7.23072064496	7.17136239704	6.89312423372	8.14133566589	6.29707358946	8.21390813916	5.31350339373	3.67074007042	6.12282943063	4.02652307683	7.09423071406	7.97446393604	27160.8197667	921.481285844	True	
6.80969438296	7.74247459407	7.74487350278	1.98172376445	8.08280575433	8.13414283985	5.71954345535	2.80949132306	6.97789828866	4.40215165434	6.46706660323	8.44579652224	26912.9725345	912.266472985	True	
6.5775757557	8.3234030426	8.04201158303	5.75097203925	6.95860031132	5.30126720077	7.23664526575	3.37128491897	6.97355663722	4.02470851801	6.22909662574	7.87517686424	28180.4418087	903.143808255	True	
6.77967119817	7.26926706631	6.49660200432	5.38601617052	6.45226880261	4.91633338391	6.69783496307	4.11069022605	6.17680440144	5.14677224343	6.91817115471	8.64580355402	27763.1535307	894.112370173	True	
7.55547598939	8.1528668346	7.63448788005	4.68904473641	6.51397047976	5.39733224345	7.17412862458	1.79393998848	5.71225741191	4.87509658244	5.34809104537	7.80466670954	30308.4300344	885.171246471	True	
6.39340947638	7.50246295096	7.65947076913	7.35130319657	5.90367021101	7.43113228355	5.75791605705	4.48204956404	6.74212026062	5.97389587889	5.62294859016	7.71763137011	25065.9845414	876.319534006	True	
6.40641313598	8.16680361391	6.47882177412	4.54682860104	8.25099817526	7.94393524573	6.23791383455	4.01993707721	6.43926335156	5.64034425311	6.2333761708	6.25778132486	25807.1491062	867.556338666	True	
6.85924046569	7.72587609709	7.21558011608	2.07933232343	8.04937402507	8.87862284711	6.19261378697	4.1032744241	7.3085519854	6.27356689272	5.82499519062	8.33626171921	26896.6946125	858.88077528	True	
5.84971460773	7.2965862033	6.51785469528	5.83482136769	6.90519495073	7.81024277536	6.74178068715	4.7581029554	6.94834987498	5.57853106251	5.89497802966	7.02435778576	25764.5739049	850.291967527	True	
6.13125706441	8.01296232101	6.84000821265	6.13537510062	7.58839941683	7.30830444101	6.96311078933	2.80378903342	7.63861970207	3.93487977641	5.72038601595	7.0961742279	25630.8692773	841.789047852	True	
6.58060377037	8.04427896685	8.0803179741	8.33713518093	0.164246536754	6.22264038598	6.21946867231	4.0348960197	6.43524873952	6.64769992011	5.49714567054	7.32282381352	29448.3547498	833.371157373	True	
6.35280850093	7.72758167355	6.47803621413	2.11632636278	5.9786742503	5.39546518565	5.71857258337	3.66753189952	7.56241968667	3.96228949905	4.78747633911	6.82834332784	28890.5691141	825.037445799	True	
6.63659776353	7.5002062941	7.55212235293	3.90622089766	4.15178533795	7.14783030816	5.84754151993	3.45665016941	7.23640737343	4.17982449438	6.72706135461	7.99132955856	25553.3804543	816.787071341	True	
6.87183282666	8.77708953828	6.34169749457	6.49938583032	5.19712400748	7.95965223234	5.3830434638	2.48299829606	6.36792816212	3.65064541498	5.57803583784	6.56968742577	28356.7899983	808.619200628	True	
6.17249295606	7.947043023	7.43380526628	3.54077574536	3.2787092198	3.69152034733	5.78783401048	3.17212237198	6.74417387838	5.86931034912	5.68612969166	7.60725595737	28795.1620374	800.533008622	True	
7.09410681092	7.31418692119	6.85040684396	6.4078040109	6.38141610209	7.90877281943	7.25465139872	3.52959935263	6.72307939794	6.30297350923	6.16860538256	6.31018191933	25878.815696	792.527678535	True	
6.62659450791	7.46767674596	6.03476827075	2.09417363077	6.82015307912	6.24502916115	6.34397201338	3.39837712971	6.43072063398	5.02246930579	6.34269118156	6.97111696457	25168.4242677	784.60240175	True	
6.40664385024	7.99521033436	6.43452322695	6.19965284362	8.61227370797	7.58383923474	5.81034371587	4.71840434816	6.45378721145	4.87167156719	6.24246093569	8.05009462025	25534.5241757	776.756377733	True	
6.41793891215	7.65454366174	6.46162920625	5.01820536826	7.37935364756	9.23515269578	5.25375643991	3.89519357448	6.21482429903	4.94369280073	4.4706859797	7.38510982968	28126.5405285	768.988813955	True	
4.98655726407	7.68304748161	6.2360126897	7.28253426006	7.55787125745	7.43155367768	5.84166497413	3.89230286473	7.2299996752	5.73036639055	6.36281508277	6.72300436199	28622.8087882	761.298925816	True	
6.85671227317	8.17896827527	7.66270574414	6.14672285598	6.02382733368	6.99042680269	6.63345005245	3.41179822028	7.0444834932	4.49741344839	6.27836462143	7.35727554672	23330.062101	753.685936558	True	
7.65358283806	8.30622582288	6.85616768704	6.63565144476	6.99360455339	9.42000189925	6.41693866879	2.50307209755	6.19227589105	5.16836895984	6.26936854625	7.70715958162	25676.3506617	746.149077192	True	
7.34188904013	8.31774689529	7.21116093656	3.10757396145	2.02601763133	8.32101361067	7.19301814249	4.34566655839	6.55177985203	5.80437759325	6.59718057579	7.90254278139	28068.134104	738.68758642	True	
7.16347450712	8.56601667716	7.16504516673	6.22084512592	2.19512526234	8.64105135121	5.77646447438	2.13879402896	6.43801546603	5.08577903748	6.53096955716	7.7664068583	26220.0021522	731.300710556	False	
7.07850945911	7.83453432634	6.75770758874	0.302920174656	7.66693310352	6.58078434314	6.44023256065	2.99639311792	7.27091753712	5.12290902934	6.44260852819	7.588139941	24343.6054179	731.300710556	True	
6.49555350645	8.30001831639	6.4642915699	3.44915606105	6.4397880524	6.94334222614	6.08686781598	2.29934105412	7.47415693565	5.56116106391	6.8790130588	7.30400767511	25308.13392	723.98770345	True	
5.44631783265	8.61940609796	8.13686426741	7.3867445283	7.73574140016	5.94789650901	6.58582708407	2.04109570671	7.57805403263	5.55761187844	6.19859923205	7.42610286839	31501.7283781	716.747826416	True	
6.88650019165	7.8415638672	7.17587479775	6.38036954515	5.26402772184	7.90211005744	5.61624068127	1.93190945357	7.38213434549	5.4509044416	5.78919410725	8.45602824664	25121.3002591	709.580348152	True	
6.09385663793	7.61326676015	7.35104055904	5.36479295878	6.86571840157	8.28328030817	6.5471463493	4.16980148556	6.18913232841	5.31130333199	4.94123897781	7.43821763283	25586.5056581	702.48454467	True	
7.53902148751	7.09027107996	7.52635503762	6.8504688585	1.18810291929	7.99496096884	5.77746834686	4.53978786234	6.40399071837	4.7479221419	7.11023863371	6.74798360957	28591.0467922	695.459699223	True	
6.4974557551	8.01136423232	7.10221523115	9.06873197612	9.02569693335	7.15759351483	6.68570251434	2.90007210588	5.47557971251	5.51469762749	6.92223700842	6.84063527616	29031.987655	688.505102231	True	
6.37831139772	7.20646358852	6.7188901756	5.33972893061	6.64234804084	8.41968778024	6.60260329699	2.85101645246	6.0159666534	3.89156382442	6.11717362287	7.56608598774	25120.7384061	681.620051209	True	
6.84104211916	7.62875847457	6.25131478291	6.65393052325	7.49923727053	8.35993806614	6.17901335146	2.44584397291	6.85489705971	4.71919518152	6.14996118282	7.16918283048	23236.4403942	674.803850697	True	
6.67764814354	7.81035844342	6.55315892901	5.44043900464	6.26494569207	6.80389090144	5.22314428647	3.59738509469	7.9200380961	5.40719576098	5.93563932446	7.88486792919	25423.827619	668.05581219	True	
5.78295429884	8.03589153945	6.77175106886	6.53066102255	6.86613049174	7.18882293614	6.40963484567	3.91799815569	6.78465515185	4.75777837874	6.23673807401	6.70476917572	24101.9679763	661.375254068	True	
6.99248569416	7.47205904917	6.73285287724	5.35747732921	6.38969370567	6.42940679883	6.34320182564	3.61128363758	6.96561555661	6.45921755397	7.33288097605	7.88481563985	25369.2700156	654.761501527	True	
6.87427102948	8.25345710176	7.27245768825	7.49960177248	8.41279179516	8.20950796795	5.92173145144	3.11174237822	7.27365018831	6.0853114262	6.94963342308	7.63344503714	25331.6072708	648.213886512	True	
6.66628739625	8.74334531052	7.09727725235	6.43722947917	7.47156430191	9.19371078828	5.93371643516	1.18051946894	7.01580272821	4.93155139294	6.13722248844	7.25348355609	26746.1570693	641.731747647	True	
7.07056908416	7.69608444466	7.69054455662	8.40812425539	5.87039593617	7.5160562182	7.35559108278	3.77826322082	6.25231868893	5.44616183907	5.69787187037	7.4729693573	26108.1974003	635.31443017	False	
6.57679323364	7.7252400533	6.65106556076	6.98586178007	5.85393297435	7.27368566694	6.68208551119	4.3153216547	7.56723290862	4.64859112275	6.7215392195	6.58736472118	24425.0373789	635.31443017	True	
7.23161486556	7.99719091536	6.23382225868	6.04749223607	8.74392290506	6.89892305426	6.88200233325	2.63495738846	6.24886103309	4.39137333625	6.27536971019	8.04693642578	26315.6777305	628.961285869	True	
6.89547715917	7.81536782693	7.20594792426	7.47221581811	7.01025272412	6.75297588215	5.98877964716	3.49872582535	6.55485868916	4.63005950543	6.42370641754	7.18789947608	22597.1184274	622.67167301	True	
7.01572374299	8.15304615934	6.47229686129	3.01017252074	3.87187492388	7.34854034659	6.88121701782	3.67609173164	6.02978111366	5.23493011924	6.5783333099	7.50155703609	25668.1122216	616.44495628	True	
6.60130521226	7.42093919003	6.60652536948	6.72692867859	7.85312295834	6.54512036468	5.9939847411	4.14133911402	6.48019082783	4.5081152716	6.0382824943	7.20596434878	23815.5357298	610.280506717	True	
6.62376399348	7.42227903744	7.06071503898	7.99031074624	5.39724866153	7.96006417043	6.46310264117	3.47810330396	7.03558974389	5.82934643671	6.22045908646	7.76916696158	23196.4564021	604.17770165	True	
6.51736051576	8.30781819139	6.14679285523	6.48193031921	3.77155612019	7.42394494391	5.71083428726	3.95648936361	7.03646675736	5.87451585328	6.44816178061	8.11261916316	25455.6321656	598.135924633	True	
7.20696749133	7.58424630425	6.2755622073	6.30807403399	7.15464675268	7.16753413247	6.25345201653	0.426847395632	7.02657956555	4.98139891326	5.90743669066	8.1496729602	26397.0576982	592.154565387	True	
7.45356107244	8.01202729807	6.6216314529	7.59611952634	5.5599908769	6.85489397532	6.20741462176	3.62800620477	6.78551683414	5.11221325422	5.64564537123	6.69072792296	23985.2747082	586.233019733	True	
6.67228510125	7.46943227878	7.85363235033	5.91872818217	6.59659483251	7.35657942807	5.86740192284	2.05760737288	7.26704088655	4.17528224922	6.15812367908	7.41490912951	25066.5723968	580.370689536	True	
6.69080994045	7.64563289974	7.62354137804	6.96283672783	7.42675019453	6.98792858074	6.81222186347	3.22651890687	6.90963725363	6.24294377833	6.79130794201	6.40811432097	25546.5622762	574.566982641	True	
6.66393176867	7.69366804417	7.31071811193	7.26736059961	6.05032586744	8.08869829428	6.80654856588	3.85381223037	6.37635668599	6.37666336827	5.66463587804	6.55782103049	24983.8138641	568.821312814	True	
6.39047196876	8.15101085128	6.45464679922	7.09486952266	5.55422787567	6.08577837869	5.69043561261	3.94069312304	6.48302672016	4.82212800037	5.78943571972	7.30421194558	24110.1439538	563.133099686	True	
6.68262286044	7.26210183447	7.10605346797	6.12000234518	4.49953233895	5.79899926367	6.35318897146	2.8443516593	7.6891245442	4.27266924709	5.36830405572	7.30228041897	25923.3674357	557.501768689	True	
6.70468323668	7.8328222047	6.73170705921	3.91213606834	6.56444136129	6.63498922625	6.41621590605	3.40109480022	6.78615298059	4.43674134809	6.73912970102	7.82132035416	23386.8101978	551.926751002	True	
7.1874330609	8.15403203348	6.7178982815	7.38251664869	7.89761218789	6.73841408892	5.23796474032	4.07246831734	6.83021577322	5.48394376491	6.57059165827	6.87808396475	25259.7541888	546.407483492	True	
7.07348020406	7.80305154934	6.87957963211	6.89769777509	6.11665598838	8.00808771315	6.3445324712	4.06989165361	6.98231599631	5.13902495846	6.03145512629	7.51426869441	22075.7000555	540.943408657	True	
7.07222629734	8.11428365233	6.71312422364	6.31679102317	5.67475700676	6.81200151365	6.10098015375	2.31067342901	7.50075170227	6.0598999477	6.95143906766	7.86912461744	24764.6085253	535.533974571	True	
6.64168156421	7.51145882274	6.63614512099	6.03106007323	5.83338159885	7.58118445576	5.89594176696	4.02074782998	7.18768151596	5.08194580036	5.55378972669	8.01187818244	23227.9835491	530.178634825	True	
6.44112919442	8.19793207782	6.39363040871	6.30434827113	5.19930339216	8.36750642853	6.08689751634	4.34530875771	6.46101964819	6.39538326407	5.43148173912	7.08865168534	25459.1367551	524.876848477	True	
6.64327577905	7.33795257508	7.16261499732	5.33389568029	6.35812666364	7.92231235606	6.23816664408	3.84346297607	6.72589595462	3.7998062208	6.35316200671	7.10223773496	23666.2360515	519.628079992	True	
6.29918776042	7.95888616149	6.82808665899	2.46777908858	5.27815701898	7.71879158255	6.57310452036	2.81461199122	6.35594737256	4.55469897428	6.43732100534	6.58115845024	24912.0705776	514.431799192	True	
7.01993828549	7.60217442826	6.81711422609	4.64769489367	5.70023746744	8.13845202351	6.4885816366	3.43797760766	6.42520060447	5.57879410771	7.04022934216	7.02745931755	23666.353136	509.2874812	True	
6.48339623624	7.77506708989	6.60384251387	6.74677405932	6.67951701585	7.23027973881	5.68374620483	2.71280467156	6.39415054116	4.19596149802	5.25479651847	8.25635035753	24804.1227064	504.194606388	True	
6.03088135884	8.18445431279	6.39183354212	6.56093170327	7.4806710357	8.4946812408	6.19015700836	2.91102419719	7.29418930093	4.53457770471	6.14453495431	7.88188514387	24469.8378857	499.152660324	True	
6.96118024597	8.23564581136	7.44520836466	5.5963056647	6.71573510399	6.68309946702	5.55332636633	3.07285447311	6.08184341089	4.54985860173	6.48475009865	6.82501552947	24830.2291503	494.161133721	False	
6.6333636288	7.28471948133	7.5723246977	2.04232796202	6.43012289308	6.48567629088	6.61687524926	2.60523830071	6.88872543102	5.6540252901	5.62718378511	8.04798091465	25891.3038127	494.161133721	True	
6.946775066	7.79002693084	6.6075636532	2.16980492823	2.93509695837	7.48428924034	5.28479172319	3.81846218202	6.47973161839	5.00005212567	6.23050928374	7.90814115407	25832.7407907	489.219522384	True	
6.61772759893	7.77141905062	6.97202687138	1.38265845809	6.92304396413	7.17233172889	5.6173206372	3.56923668635	6.87254647694	5.80805981087	5.49805870386	6.54721344655	25162.5945461	484.32732716	True	
7.11589164832	7.81202311865	6.92504850686	1.67447426475	6.93100236631	8.53798579886	5.80562854571	3.33463788543	6.46642374477	4.44152188536	6.07793692185	7.20117260926	24166.2385874	479.484053888	True	
7.17560793372	8.08005083887	7.24141693287	7.65235386591	6.93810213259	7.44472241225	5.66968379504	2.17502288434	6.14091698405	5.02265941493	5.18716899698	7.60786927924	25196.7415279	474.68921335	True	
6.44758207125	7.36867294392	6.11316257034	5.46355844393	4.77744559657	6.81372215854	6.67349060322	3.8447813252	6.91368642682	5.07455135511	6.52755880019	7.45865027986	24231.6436294	469.942321216	True	
6.35074781338	8.3444068176	7.25556113934	6.90063679156	6.43185477959	7.94399840055	6.46721163145	1.81681419675	6.88065657619	4.95029236307	6.28895477383	6.91302641565	24074.1958619	465.242898004	True	
6.22989518014	7.77064790468	7.29768609112	6.89241822047	7.44773041169	6.34990992521	6.66010459119	3.68238173465	6.7761066766	5.17911305007	7.0501013033	7.44843109009	24014.4460879	460.590469024	True	
6.76416312644	7.67469388228	6.67566323409	0.898920724463	6.73513516359	8.3582553072	5.95433844199	3.78741843057	6.86141002229	4.58037775891	5.79028479177	7.98984178676	24115.3375957	455.984564334	True	
6.57451188875	7.30366252696	6.72751815546	6.23737440924	5.0984237629	8.79384609664	5.89757986797	3.08407827853	6.41516291675	5.02878131784	5.42395089979	7.41047362447	23840.5956902	451.42471869	True	
7.27770827475	7.57549638521	5.88231575837	7.6051251921	5.64937493397	7.59810169078	5.53696563931	2.96736607515	7.25836278632	2.89274807017	5.82964171997	7.78214594715	28058.5621018	446.910471503	True	
6.79168031831	7.35702797227	7.2751931566	6.8898835638	5.3260719296	8.31676152319	5.65978999972	2.6898234366	7.13236103286	5.37939426096	6.23901555539	6.52794582777	24136.7080778	442.441366788	True	
6.57227596759	8.17789864718	7.22396080544	6.13031036612	5.00226548302	7.64757162934	6.03002366823	4.58118044069	6.87773725612	5.29676159309	6.06026932204	7.37986902668	23345.3061279	438.01695312	True	
6.25034569212	7.61519901919	7.18429741794	5.77417260413	6.75355090719	7.48849021929	5.91657970221	3.57450733198	7.3233761758	5.37011711454	5.89542420364	7.5113459414	22893.3821854	433.636783589	True	
7.12695075737	7.74344887036	6.17933259521	4.15764191983	4.27821446414	8.64528033182	6.52203045513	3.33009885586	6.15805018758	5.86444011448	5.63395799347	7.57955339785	25569.0307486	429.300415753	False	
6.66977419355	7.41507427871	7.35945114507	2.06506291406	6.68277226458	7.88637505049	6.57288999775	3.47344425118	7.33590437935	5.19346363416	6.00116218911	8.03627287472	24440.6624029	429.300415753	True	
6.82812027993	8.00600129423	6.89048332645	4.15003155187	6.59964822498	8.06934060749	5.748573651	2.93747936348	7.45570207582	5.45263390798	5.9191329169	7.48584945382	23446.6694823	425.007411596	True	
6.85826999621	7.78709166512	6.73883573975	7.82253942199	1.17537519537	8.03373679667	6.36379845988	3.47970416825	6.76496472792	4.51812300896	5.93525738345	7.5216138567	23727.5837157	420.75733748	True	
7.20551771596	7.95908627022	6.19723715166	3.69971076654	5.6249773806	9.15220894398	6.87440240887	3.45924033678	7.08151828218	4.86214128587	6.55286194913	7.51884037401	25104.0249875	416.549764105	True	
6.73194895221	7.89417707431	6.95901534973	6.1185881808	6.29644846743	8.7915894559	6.64655467939	3.59143397493	7.3585817045	4.29588259345	5.86494773595	7.55914157477	23080.5883464	412.384266464	True	
7.05977737405	7.48716382041	6.69996750491	5.32945735461	5.4952131942	7.38665113483	5.79769650948	4.05175047247	7.05095846718	5.433403227	6.71523925022	7.8273861227	23410.0497657	408.260423799	True	
6.91513148552	7.8268320416	6.99664051973	5.29464254543	6.42882755793	6.848584299	6.78984798489	4.59791158956	6.81725468848	4.39706580027	6.22446542535	7.2546510255	23586.7588706	404.177819561	True	
6.45088036721	7.44667348555	7.26440547317	6.89318985747	4.658258189	8.33314184871	6.38466495174	4.12608273208	6.60125263785	5.22061037674	5.49245838355	7.38190168891	23707.3630993	400.136041366	True	
7.0060811647	7.60106653519	6.7300354143	6.1920454286	5.76392646124	9.14248777986	6.4763332241	2.98643901362	6.4375565297	5.21440132532	6.5286493417	7.78564734812	23102.0889252	396.134680952	True	
7.22309980366	7.65286644268	6.98667764407	5.70012370048	5.3748000817	6.91865438278	5.62308338461	3.94993757536	6.21292230067	5.75595550928	6.1080549685	7.36586190037	23848.1528965	392.173334143	True	
6.19728277955	7.4063347703	7.11436992871	6.77549815772	6.48293220133	7.0711022342	6.35626216548	4.59550543243	6.86162884567	5.07964436768	7.35333811536	6.9956027789	25025.4840585	388.251600801	True	
6.75243735014	7.88879239966	7.06075322316	7.35131109147	5.84595870127	8.2245929601	6.52709412887	2.78490455927	6.76944748393	5.64261595344	6.64119438898	7.5438798772	22505.3195551	384.369084793	True	
6.58277811546	7.71023670726	6.80346722522	7.38229381303	7.04945857299	7.81938673347	6.75049835264	2.47506330777	6.69802930557	5.29204502317	5.90831025115	7.73629080694	22807.8334197	380.525393945	True	
6.68832237673	7.40620697784	7.65243936536	6.59036043611	6.02643963592	9.39858259076	6.45455779698	4.04903105302	5.89540855034	5.46991349848	6.31614359891	7.3736798439	25322.3829408	376.720140006	True	
7.11812442625	7.84038869303	7.10221764691	6.59935026414	6.23294348624	7.03714144427	6.56410655991	1.78158747986	6.88542783491	4.87140246842	6.16003401637	6.62754907537	23740.7116237	372.952938606	True	
5.90606157511	7.80174262539	7.28895758727	7.13065474368	7.65445778501	7.58464787826	6.30794711424	2.03755339749	6.70958014373	5.45788464614	6.30842299094	7.05192575138	24521.2476862	369.22340922	True	
6.63429103097	7.81085850499	7.30034710686	7.16505543041	7.25064561543	8.00434005197	6.42549487957	3.25688068097	6.72339090926	5.0490803045	6.46000226644	7.94465492087	22487.4785815	365.531175127	True	
6.88859728104	7.98298479632	7.25380115655	6.23665069684	6.58148524866	7.56557900181	6.70981883135	3.13511691233	6.89337795583	5.25805571758	6.26325595662	7.6479251365	22118.2274955	361.875863376	True	
6.66462148262	7.87108633141	6.6897508917	7.67914146128	7.36320775194	8.00886992574	5.47633006911	3.19498474175	6.67768597982	4.26860314402	6.20917550097	6.48776928275	24303.6071731	358.257104742	True	
6.53686593599	7.99896881566	7.45910103923	4.57937243171	6.12209855708	6.3331568731	6.10456379016	3.12875248962	6.42328562998	4.2361095542	6.10721253251	8.2017112659	24540.1830423	354.674533695	True	
6.38090005558	7.8514044923	6.33932954575	5.74906376212	7.95159107359	6.14361452112	5.46892960351	3.32304962421	6.68815347961	4.3434559488	6.31641256879	7.66537578229	24824.9733529	351.127788358	True	
6.39304896522	7.73332022555	7.0811504065	6.43368945628	4.97353327052	8.05077790869	5.69775597958	3.08751367137	6.72973005363	4.94914685531	6.52519394734	7.02067161839	22872.7033382	347.616510474	False	
6.77719205797	8.0470957834	6.22204436469	6.41330828334	5.86918310807	8.26381389728	6.27360880451	3.24293000372	7.13391026807	5.05835434801	6.63373214197	7.39455449314	22729.3465354	347.616510474	True	
6.56349574821	7.53260009336	7.01785648899	0.53257558672	8.02787981156	7.51671728771	6.43241085824	3.37282709438	6.73873024692	3.9275887286	7.08535475157	6.8629080323	25957.1366551	344.14034537	True	
6.6985924144	7.651062065	7.44635174161	1.33891294153	6.43139156768	8.64637276467	6.13471985021	4.09343376839	6.78717433295	5.55910162945	5.89942646714	7.3712453649	24292.0055609	340.698941916	True	
6.80541834373	7.67476785109	6.70562170538	4.41900933621	6.9357736453	8.7327809187	6.60031363698	2.75219047581	6.84352525894	5.19624522858	5.50865450693	7.34954084315	23434.0972619	337.291952497	True	
6.24046279038	7.83901592017	7.10511994882	7.16570289422	7.17309869139	7.40053835973	5.69899734946	3.35604357293	7.27770213783	5.24504796512	6.38202032543	6.64971080358	23586.7920779	333.919032972	True	
6.997121888	7.75714261177	6.98362614063	6.74501582539	7.03537235668	8.50645119127	6.22734234389	2.75430265908	6.56145781848	6.38639604964	5.29793592858	7.2048911298	24190.9774551	330.579842642	True	
7.10405726099	7.58967072072	7.33601012279	7.42667331363	6.17512777195	8.70483737913	5.24584923728	2.99829937037	6.89707173679	5.15133318652	5.8602385081	7.3331239218	24067.9099408	327.274044216	True	
6.77581752925	7.8450212905	7.33663002212	6.97107155883	6.81150637458	8.11878004272	6.64235290409	3.51404182709	6.00778266412	5.57565848865	6.47636761151	7.26562851481	23274.9618341	324.001303774	True	
6.36349295043	8.1041356858	6.79345866919	7.13413689796	7.55268128526	7.53621416235	6.6596414008	2.53627121412	7.33926788697	5.60362154557	5.89277357168	7.87681711344	23810.265265	320.761290736	True	
6.67795254064	7.76404965894	6.89867502702	6.46684370828	6.74365061906	6.23134498289	6.06566371464	2.75156472512	7.47743937984	4.80485588673	6.06513325714	7.82704650151	23090.0047073	317.553677828	True	
7.1281518136	7.98523168065	7.00285246725	5.91985652777	6.25729978403	8.11210915342	6.80524379136	2.39136729235	6.7596132909	4.47916312032	6.43925507364	7.43533668267	23074.1369951	314.37814105	True	
7.13409979868	7.30303317958	6.9979737177	6.30357292315	6.55494944746	7.41816608602	5.9681565154	2.4777040865	7.02052135163	5.06402551171	5.50817461219	8.14400754835	23818.93881	311.23435964	True	
6.63820127088	7.54195399773	6.89059409698	7.18732062996	6.05857503279	7.58522948968	5.61824582056	3.18481883856	6.909168853	4.62634211275	6.63768595565	7.92311349939	22887.7738255	308.122016043	True	
6.91193334399	7.53360771702	6.39038063038	6.21522932587	5.02467539478	8.96870014417	6.10530014475	2.41365067825	6.5801589659	4.93756281481	5.96433703512	7.37204536073	23558.0534478	305.040795883	True	
6.99259553666	7.80795668767	6.79531628922	7.04869940245	6.95502410891	8.09843756247	5.93187467423	3.07617958245	6.93824513401	5.4916891069	5.97600809769	8.24096516619	22849.2633662	301.990387924	True	
6.88151166626	7.8143142703	7.18643079585	6.18753552167	6.30615717724	6.65295374431	6.00167152937	3.32301871275	7.11619322952	4.98166225876	6.25179319266	6.9245465276	22310.9141427	298.970484045	True	
6.75950997918	7.76826701424	5.96729997249	5.76209846106	5.94613411798	7.82001950032	6.60702232673	3.69543088804	6.73740922035	4.81243575758	7.02010758584	7.24977147377	23812.810529	295.980779204	True	
7.36500850846	7.93862042885	7.20500904989	4.81221453469	6.81373534645	8.10711917364	6.12400604307	3.39393220971	7.30473546184	4.94398092378	6.5944771696	7.7038951206	23428.0718491	293.020971412	True	
6.82586811145	8.23904392926	6.9435475244	5.49251918636	7.10250591922	6.98426861042	6.22156623475	3.30633429036	6.82407038237	5.76470116558	6.11610922675	7.84280365893	22790.4718532	290.090761698	True	
6.55656264735	7.88401592661	6.92079666495	9.13639222208	6.18662331933	6.02076360427	6.34359374251	3.45216507801	6.997374096	4.84660746697	6.70041393125	7.78777461589	24423.9660268	287.189854081	True	
6.3526459727	7.58011560246	7.22604403662	5.77778288273	5.56628462326	7.19149789228	6.06051494425	3.68557128853	7.03677230835	4.74242444214	6.36106493244	7.19668213361	22608.5664384	284.31795554	False	
7.02473609008	7.77905313508	7.0713230206	6.67520939091	5.56834090127	7.26837775669	6.05053877136	3.44228192437	6.86536978926	5.28045640028	6.58831639963	7.41665847401	21983.9494892	284.31795554	True	
6.71003558302	7.94820585374	6.84595085058	6.2193818619	6.41047340717	7.53654908321	6.69714643415	3.38335775341	6.30719222013	5.25907326595	6.34394656709	7.00200178318	22353.9433496	281.474775985	True	
7.12426454877	8.1457039299	7.06734263448	7.32325704736	7.14435818156	8.56517424122	6.37207366746	2.88150336596	6.29583463662	4.74597322563	5.59064947917	7.6092461486	23529.764295	278.660028225	True	
6.59377369818	7.79782024256	7.46169756905	6.22506228943	5.77914391723	6.94145885186	6.05147327293	3.87131833776	7.326677632	4.85548979505	5.81443096126	7.60927806141	22946.831998	275.873427943	True	
6.85344673488	7.97090053096	7.1107775857	5.60712959786	6.51079791841	7.78938951882	5.91161577282	3.62016343324	6.5534448677	4.43114379851	6.26741624404	7.53821353506	22320.3591044	273.114693663	True	
6.87885065718	7.69592484459	7.05988463787	6.1031802006	5.6935799491	8.57998134094	5.97572058589	3.19360626577	6.51954902497	5.36490802629	6.57797242999	7.01576820789	22527.591762	270.383546727	True	
6.62420308047	7.54318584152	6.40929711003	6.62872863643	7.42442554348	7.79755273127	5.79666749793	3.07127086351	6.62205893896	4.59170743207	6.14025355655	6.85340568394	23175.4182575	267.67971126	True	
6.94568719239	8.15854056043	7.42602097779	6.70290209433	6.05632626963	8.22311717635	5.70475993438	2.79582788806	7.11122307751	4.74196353944	5.94912351187	7.55543718401	23132.5657915	265.002914147	True	
6.66204558931	7.84107316388	6.91243415003	6.27010439053	5.92977606044	8.33561477768	6.23416998166	4.76121202635	6.74847470362	4.721153109	6.98645686609	6.63476289819	24238.3627841	262.352885005	True	
6.71826247957	7.94948261205	6.69291409723	6.51343049084	7.29748346	8.05208751512	6.41145461397	2.51226906027	7.10299648616	4.76745220182	6.33702479469	6.38170180287	23500.7943012	259.729356155	True	
6.61168761619	7.97739682475	6.62091189075	7.40557823838	5.83483768614	7.3535407395	6.06984210958	3.8512362401	6.12417509345	5.80866791356	6.51337797138	7.19287393334	23280.9097033	257.132062594	True	
6.90602262	7.89589293999	7.04928596201	6.98636156826	6.56022398962	8.22075795751	5.73399076435	3.52712913076	6.67544799263	5.04252780382	6.1837673744	7.09813041057	22195.0411712	254.560741968	True	
6.7939450807	8.22036451867	7.01165855147	7.68296205964	6.6303745449	8.06152492604	6.32121522865	3.13834467513	6.75538495006	5.15943612377	5.40817244212	7.49188910296	22859.4998411	252.015134548	True	
6.86957185401	7.74405926676	7.43349263861	5.61623035539	6.89518385424	6.93263688151	6.21012930655	2.81214626292	7.36550946252	5.38883108777	6.10710209793	7.18607568147	22914.4811278	249.494983203	True	
7.03182612769	8.31749590982	7.1971943692	5.44484488602	6.48340527611	7.47825432214	6.1586113939	2.5648815258	6.87689148569	5.7547858778	5.68096177472	7.42916361436	23340.2648222	247.000033371	True	
6.82324429669	7.05648725334	6.58265204033	6.63338808615	5.81034786598	8.63725458127	6.21891911389	2.89839921158	6.54934932822	4.75221976967	5.46140040861	7.41696735971	24005.4825541	244.530033037	True	
6.45109407181	7.50429179036	6.46574514817	8.33806091101	5.64136796224	7.81416003561	5.98547611721	3.07265934795	6.96643975254	4.90940553731	6.32879546214	7.6185578275	23262.1271523	242.084732707	True	
6.5600218395	7.95602440003	6.89158216708	6.71071478624	5.62823609677	8.63653939615	6.93149572068	3.2559191159	6.79568722421	4.80268062845	6.20593920357	6.59538804315	23385.1727184	239.66388538	True	
6.55051620431	7.94037703653	6.69162735816	4.18289731198	5.48622080487	8.24234685187	6.07623331635	3.37854494337	6.20446679525	4.21384664525	6.6406321923	7.71405994619	23958.9512992	237.267246526	True	
6.5052694073	7.93325805376	7.12798354575	6.68309499179	4.32931235782	7.41696210734	6.2397129785	2.98786921096	7.06361433712	4.92868463675	5.76023180494	7.18338433707	22708.7139147	234.894574061	False	
7.02172283096	7.68331669664	7.2301580009	5.60351439316	7.4468741927	8.49404832377	6.51468095744	3.1881182895	6.51046836577	5.50693181379	5.92461983956	7.62410723315	22911.5718465	234.894574061	True	
6.65734683636	7.77742865779	7.12021016743	6.12402917168	6.75698429807	8.33451048343	5.83295897458	3.52090437824	6.82566410792	5.17734376489	6.28477080597	7.21418283794	22055.5591284	232.54562832	True	
6.90644556446	7.80469840286	6.98856902831	5.11457668074	6.07835980921	6.42514850877	6.21837497296	3.66859219713	6.67858218525	5.25109074118	6.96749017536	6.9361215343	23151.4138198	230.220172037	True	
6.83881579777	8.38973667124	6.43504019629	6.48385902711	7.11202002081	6.66415778577	5.83972215409	3.62456047663	6.87702134634	4.81945865618	6.12622110641	7.67546125271	23319.1423439	227.917970316	True	
6.64883138758	7.67997472581	7.13044351907	6.62836368417	5.71274975261	7.31717699857	5.99900270765	2.90250869526	7.06880841818	4.52104724556	6.81931570421	7.79147744365	22691.9963718	225.638790613	True	
7.11008866547	8.23527041344	6.22370057962	6.36185188956	5.86742965697	7.82923262763	6.39575075996	2.55070758071	6.49368483984	5.0350947029	5.88140703389	7.11289714938	23480.3194571	223.382402707	True	
7.24113719439	8.00695425616	7.15234170531	5.05354639194	5.84661399533	7.45155506995	6.94174808923	3.66952830607	6.94621546467	5.58384298574	6.5464831593	8.03677259071	23839.6687087	221.14857868	True	
6.72879733129	7.72511940516	7.18009089709	5.91869989232	6.74628599507	7.17033145589	6.01808216582	4.03752424964	7.24664975412	5.3725876022	6.72721088681	7.49731443052	22645.4690717	218.937092893	True	
6.82314712433	7.35493340515	7.00804363152	7.16548075906	6.8955568148	7.24298837865	6.07589440195	3.05338246697	7.27916152279	4.79723893311	6.37908382956	7.6469876488	22621.6850344	216.747721964	True	
6.55993245541	8.03901803746	6.85839688616	5.70764080328	6.30464195089	8.28653001108	6.61161287961	3.51325157009	6.82558730905	5.10849890127	5.96354389456	7.5997756047	22156.1877367	214.580244745	True	
6.90615048952	7.96798584683	6.97260004588	7.99125068089	3.0508920714	6.49878837037	6.06616354434	3.77379797602	7.3551354565	5.10758888787	5.99768735995	7.19386969909	24150.8091081	212.434442297	True	
6.85718332013	8.1711920726	6.58296720853	5.46943910471	7.12354362928	7.94633122177	6.0603647532	2.8524465843	6.74945873258	5.10613940209	6.32731768683	7.44741900281	22468.0847337	210.310097874	True	
6.93071657655	7.92774553924	6.906545245	6.65505129408	7.04266477507	7.32019783272	6.91101413655	3.88898046054	6.36494449017	5.42313891548	6.43906182612	7.87448652852	23061.791865	208.206996895	True	
6.72093059931	7.77572576984	7.17541523732	6.31465293863	6.72110207506	7.37013859909	6.88504216515	3.63330619309	7.15838317798	4.89958497201	6.86245287024	6.67161228019	23380.7552448	206.124926927	True	
6.62752219189	8.15143180345	7.14138795736	4.64473453276	5.91812800745	7.77781610579	6.75072532078	4.16370846158	7.23247897698	5.070662491	6.53047510081	7.76836962335	23557.0708277	204.063677657	True	
6.62883070671	7.62798985745	6.43516301159	6.31577118352	6.10996512124	8.75857949562	6.2072385148	3.05562380289	6.99237456147	5.08142663508	6.22691514784	7.09304462436	22494.9804792	202.023040881	True	
6.91420696419	7.94202350522	6.56396603181	4.92006046646	6.84757903217	7.43481426944	6.68035323216	3.40285391324	6.83872260098	5.3995345446	6.548456798	7.69416065788	22660.7085125	200.002810472	True	
6.69447263797	7.72224126709	6.68877531109	3.67510579517	5.7344524379	9.55302130432	5.68850581934	3.4955438615	6.42547461127	5.37773297674	6.40179998831	7.10394649211	24559.4950681	198.002782367	True	
6.85583889432	7.8060278339	7.04752397869	6.61064114493	6.06975767049	7.22994694201	6.32313116398	2.94204652776	6.91619323808	4.75697377011	5.92075116699	7.70242024474	21862.1560601	196.022754543	False	
6.46646564486	7.85378744132	6.75352209212	5.48695613179	5.67558462564	7.24843286212	6.47726471121	4.12848740523	7.05386523711	4.91034044311	6.22445769098	7.58616081088	22488.8624745	196.022754543	True	
6.94895582339	7.71635102191	6.66463832933	5.95746253073	6.34067571077	8.02794580202	6.25326144696	2.91374971681	6.31213455599	4.46964639754	6.20742898721	7.56009337416	22434.5198417	194.062526998	True	
6.81632956828	8.02492797045	7.29426979901	5.51822331429	5.96101777647	7.7014922925	6.08065425565	2.98427495197	6.95981042908	4.86981819754	6.49206491912	7.59072232351	22247.8302227	192.121901728	True	
6.85280700727	7.85762912904	7.27086883754	5.73192089647	6.16122064755	7.60091281425	5.7433929323	3.57912064476	6.81353426249	5.5244392422	6.57850857134	7.37638084238	22399.0474107	190.200682711	True	
6.58256632436	7.84423201697	6.52231542315	5.70105122546	6.66502124679	7.73180383028	6.29769159154	2.71205004573	6.72795463805	5.36713454963	6.33955564589	7.28861305711	22179.5289479	188.298675884	True	
6.78723691649	8.17136057446	6.89672244805	6.28455759366	5.6617993585	6.91723538251	5.93775566281	3.577445657	6.96242573526	5.20614488424	5.84746112772	8.14697727205	22838.7263719	186.415689125	True	
6.6131788707	8.2595007111	6.54030316667	6.1211586282	6.25801981051	7.10177166217	5.73933132616	3.1043184955	6.62545179626	4.83527807472	6.19079707287	7.14319425742	22784.7516485	184.551532234	True	
7.13421195137	7.62395797875	7.16531554058	4.99005883151	6.42579665762	7.22668100966	6.05610019682	3.71360289134	6.61815003243	4.48052033039	5.72312455959	7.55561755711	22925.9702333	182.706016911	True	
6.56429536515	7.97767611967	7.11017561671	6.0325811526	3.6097196962	7.52186203726	6.20720967434	3.42951499217	6.5671238046	5.58753549134	5.78642859744	7.64474412396	23083.3159284	180.878956742	True	
6.80359499725	7.99793778277	6.63607706108	5.22770895819	6.73917023451	7.59205201151	6.43694121318	3.12083247549	6.86799795646	4.99608154236	5.95321073664	7.87644320074	22285.8539837	179.070167175	False	
6.86608507837	7.7805136829	6.95451882971	6.69641091032	6.39556488193	6.84257099015	5.91441598343	3.76467374136	7.00545575545	5.26980609507	5.65325139027	6.94578459629	22453.084157	179.070167175	True	
7.03140254239	8.18686056446	6.85219822296	6.03202247083	6.28656639997	7.82722222721	5.85236350162	3.32157245199	7.24476432518	5.06592299254	6.41315055491	7.31399437495	22426.8140415	177.279465503	True	
6.40998392228	7.88957912726	6.91568308045	6.7703613826	6.92227198383	8.62147608921	6.55538109419	3.7247174589	6.75133165231	4.53451420187	6.21210195443	7.70241115646	22598.3159231	175.506670848	True	
6.30740161823	7.56324379027	6.70526593304	4.32421329531	7.54296896666	7.9338341252	6.05602389975	3.10732916773	7.01453257824	5.34959503315	5.84067112313	7.58261605553	23374.7387075	173.751604139	True	
6.92751213707	7.56035853392	6.56602399957	6.48926331569	6.01017338339	7.50474801327	6.27513240429	3.10479831744	6.60518161102	4.61839559969	6.2091234347	7.49206590526	22064.8068658	172.014088098	True	
7.13105557105	7.92200290723	7.08791623019	5.78867992078	6.76043602652	6.59971929602	5.97468991828	3.1834616583	6.35824060416	5.11799784617	6.09411534709	8.10944927069	23110.5935695	170.293947217	True	
7.05165741719	7.62240090414	7.00672255694	7.1304967826	6.834813034	7.75575445693	6.23643509526	2.55871054115	6.70327395224	5.11291360997	6.17845161189	6.64923470079	22767.2045592	168.591007745	True	
7.21661296242	7.80898337166	6.34178631747	5.34786585365	6.71044816552	7.62998088831	6.45679594358	3.13243471288	6.69638214418	5.04355740948	5.95472405036	7.2667123111	22713.2142878	166.905097667	True	
6.98326597913	7.99026688293	6.94555698542	6.16348011833	6.29381766829	7.27677252067	5.9059272945	3.41886648616	6.73531502513	5.39352418419	6.25809447057	7.25363165353	21900.0099294	165.236046691	True	
6.8536427951	8.04853878219	7.08122600086	6.61238038088	6.48859846673	7.56153277372	6.28296288908	3.45745999688	6.91229957509	5.24303486104	5.77814615262	7.07692445394	21938.8503614	163.583686224	True	
6.59796548116	7.51345253088	6.69625811773	6.79303932621	5.52196788643	8.29587835329	6.28478070357	3.0839080602	6.55702148047	5.20614179157	6.12232494927	7.2452018426	22232.001426	161.947849362	True	
6.71968488476	7.59240142776	6.92615483675	7.75371085029	6.28834611077	7.63407498489	6.50384290797	2.56512060125	6.91391968598	5.3807512069	6.29442254666	7.29395005495	22395.5233552	160.328370868	True	
6.72878568375	7.56542514199	7.02177780475	6.89332223467	6.90031550753	7.6299474492	5.81234078829	2.61310431355	7.36591137759	5.34263236347	6.3990644185	6.93844029885	22940.9418526	158.725087159	True	
6.6093254719	7.88841133935	6.8149384487	6.68187734641	6.31373296083	8.46405295938	5.71183051062	3.97532546211	6.82752174359	4.67606982471	5.9700188777	7.48190924351	22511.950104	157.137836288	True	
6.95036580378	7.68655540533	7.07896745787	6.47235234991	7.41531025721	7.40811038492	6.63856989538	3.42544364543	7.04212603433	5.4247066426	6.32959710999	7.56790734151	22248.1626602	155.566457925	True	
6.54715042108	7.961179472	6.98085505345	7.02756333043	6.85648814561	7.6262692103	6.01324912676	3.1519086932	7.24846854103	5.12613106729	5.85897155358	7.61947670622	22187.8664418	154.010793346	True	
6.52066895276	8.03902676527	6.50255389033	6.52079974162	5.40442555008	6.68230715988	6.17546625285	3.42718179835	6.51458438966	4.58126943889	5.94032676732	7.45232094705	22710.3640044	152.470685412	True	
6.79379135635	7.85599685821	7.24617045772	6.29059119004	6.52730904639	7.88972881092	5.90979193333	3.19993580813	6.47680337826	5.18903969271	6.318200918	7.27390385131	22025.8834986	150.945978558	True	
6.64237059346	7.59483951874	6.72356774113	6.07513562528	6.19376689923	8.52799350256	5.90876792014	3.40166828275	6.75503697453	5.52361194571	6.38958747784	7.22075026517	22281.6792208	149.436518772	True	
6.96501567804	8.07223871007	7.03277363597	6.22705522281	6.93278992132	7.36832020357	6.29785191572	3.80269255664	6.82767257398	4.39300236019	6.278320294	6.93689977477	22481.7249916	147.942153585	True	
6.44102323887	8.03110723864	6.6850062244	5.90849112446	5.91283489692	7.54187135566	6.01233273571	3.01986844521	6.99120852776	5.25662917346	6.08971328266	7.72129436034	22198.1012257	146.462732049	True	
6.79851978458	7.73957116157	6.98112516027	6.72912577733	6.28724429841	7.7196505383	5.66518607879	3.74178321015	6.75827315626	4.65747626454	6.45888510176	7.2701143468	22220.8399945	144.998104728	True	
7.28446289368	7.8844780837	6.53559409431	5.67928169273	6.75671247456	7.75679155221	6.24147505147	2.83195257859	6.93600710558	5.52428769317	6.58326427173	7.36485783288	22746.5769301	143.548123681	True	
6.68958284069	7.83034757749	6.95990572816	6.56885136818	6.49281344625	8.47538732827	5.61447564869	2.86157550938	6.89259805665	5.29024674927	6.29016418965	7.89785603574	22612.3225846	142.112642444	True	
6.62793426514	7.81852589293	6.97023738535	6.50250543706	6.41472667395	7.54801565826	6.41004297367	3.56822420953	6.78127348858	5.13334248676	6.0671821894	7.76649238868	21677.5122361	140.69151602	True	
6.83453501213	8.1757216348	6.78514667042	6.98740175462	6.33221758831	7.5519063884	6.43348633759	2.85359050342	6.75566215133	5.37990452341	5.85130470217	7.51447038044	22168.2348512	139.28460086	True	
6.7261436505	7.56534062063	6.92722376208	7.01944413118	6.81115648273	7.10571713595	6.84025845746	3.17355483125	7.07639974836	5.17701481088	6.42404310091	7.93620606601	22663.7289711	137.891754851	True	
6.45924925127	8.02671327516	6.71008000591	6.88527452279	5.85007090782	7.3571188803	6.35859213062	3.39921608195	6.80099426098	4.7190620406	6.38245134443	7.36202663069	22018.9085121	136.512837303	True	
6.82327360595	7.51411140754	6.91837377398	5.68999851378	6.8930771649	8.32050873234	6.48333158859	3.16582674155	6.98701071146	5.10077976712	6.29142979546	7.61292220009	22140.9836674	135.14770893	True	
6.74264679063	7.69864592434	6.82379522301	7.1028791211	6.73719882986	7.81126395314	6.1603891576	3.53928249772	6.68700568342	5.22462188173	6.20575747557	7.41380237992	21673.3094626	133.79623184	False	
6.71860509991	8.04600037101	6.97286062892	5.64538620103	6.51194554691	7.82996786163	6.09424656287	3.02482717739	6.94005516062	4.81664867083	6.21784503023	7.6831891916	21939.847765	133.79623184	True	
6.75951856463	7.93285320615	6.83879451312	5.56062713481	6.31986607941	7.17132124091	5.78362036272	2.92162432602	6.79496450986	5.27015167069	6.03778501033	7.51478305286	22114.2781249	132.458269522	True	
6.75832629581	7.72459806891	6.76540609917	7.47139550866	7.00539085067	8.01219758128	6.15975394582	3.31035922617	7.07721634069	5.07197794205	6.19918441303	7.27965936536	21969.6383023	131.133686827	True	
6.65265574407	7.42672297507	6.59564803238	6.68271064192	7.02636470929	7.69851700797	6.43775284551	3.71691491321	6.92495780127	5.71914668996	6.02024432647	7.34840735475	22490.3628573	129.822349958	True	
6.79651638584	7.544575259	7.05643120699	4.91018578908	6.54615156295	7.48551992426	6.58498561753	3.14463878826	6.92458217344	5.61894002706	6.05147689448	7.02253473329	22585.2417081	128.524126459	True	
6.69553818433	7.62093699026	6.82985611982	5.91725581118	6.5500081609	8.08563707533	6.61528933597	3.27573791474	6.81311692785	4.99545055664	5.81715235864	7.66375260903	22052.3647635	127.238885194	True	
6.80058743037	7.93758495489	6.87876904912	6.09812078988	6.88533835432	7.93750687836	5.86602772159	3.3917367078	6.90485723664	5.06813876965	6.31144518174	7.53202137898	21827.3226673	125.966496342	True	
6.56361097153	7.64579673382	7.16088143987	7.33977647348	5.90718737408	7.46604073462	6.1077741523	3.10785615907	6.79537577857	5.36489297235	6.39664290394	7.14550748057	22101.5755458	124.706831379	True	
6.71988044481	7.78818253994	7.00895505174	6.79165786637	6.74216233269	8.45960797279	6.03004719963	2.72243810244	7.01881653036	5.08089985431	6.34477356096	7.22896814452	22109.8843558	123.459763065	True	
6.67801364018	7.75684437991	6.83506659517	5.84031750211	5.85025669325	7.48032517972	6.0132542203	3.20640864583	6.61200652225	5.10872497977	6.49769831586	7.4504138957	21832.0978081	122.225165434	True	
6.73972618013	7.6898568628	6.77443217336	5.71021057407	6.69376829581	7.31177583038	6.15433851372	2.70233774947	6.62955158488	4.82872662983	6.21470657762	7.79375133844	22134.7262468	121.00291378	True	
6.6852399747	7.94672785098	7.01855557536	6.8336604835	7.02348814106	7.3090359261	6.33122419386	3.69797369795	7.13111216918	5.37350865226	6.22861105374	7.28451774078	21944.4181106	119.792884642	True	
6.61843656427	8.07771216078	7.13300643408	6.75278084024	5.98250952958	7.28528874827	6.56667959643	3.46017173429	7.07338665614	5.05245412179	6.36974531885	6.85446799849	22360.3941753	118.594955796	True	
6.75212604107	7.84941096042	6.98775021556	6.13437834549	5.53844262738	7.88450629438	6.31730429523	3.54519149086	7.07947107368	4.83549559426	6.00897573412	7.35122398468	21809.8509446	117.409006238	True	
6.39733422042	7.63406206152	6.87743572831	5.63465022449	6.86131104927	8.15353141897	6.44713474553	3.1023538506	6.60351893598	4.75856418113	5.97617516761	6.98415042579	22508.0062183	116.234916175	True	
6.90848749226	7.60729353531	7.20510278947	6.14357121964	4.85110877593	7.30000537067	6.25809614667	3.16924107511	6.51542850475	4.84996632641	6.2681085999	7.28506770936	22345.9965759	115.072567014	True	
7.03136413442	7.97117902591	6.95065961987	5.51567692117	6.89551519111	7.49967366371	6.0382405066	3.2635019109	7.0863030471	4.61537451653	5.83715825386	7.775968605	22416.2465493	113.921841344	True	
6.88612059243	8.0733638833	6.77469420937	7.41663813229	6.8867228655	7.00524854167	6.25576969308	3.43899911605	6.57394411167	5.21109585882	6.31711530937	7.46906022953	22128.5455812	112.78262293	False	
6.63404172899	7.6352850443	6.73716437569	6.82489769132	5.90027150875	7.97881279654	6.09628540499	2.97317915242	6.59844220512	5.11480570948	6.1071613654	7.31284272496	21881.8410461	112.78262293	True	
6.96305027446	7.83283360825	6.76778579044	6.20674070791	6.13141108348	7.73818121697	6.38655072037	3.56377862369	6.45630188099	5.14683130067	6.00011120323	7.06385205414	21963.0268182	111.654796701	True	
6.59796978614	7.92046112855	6.72968020969	7.42578619673	6.73784931905	7.60973029397	6.47812963107	3.6512664063	6.99445175471	4.95872574822	5.96565925666	7.39073069933	22015.2584377	110.538248734	True	
6.64643129126	8.01608065906	6.62985729659	6.24671232614	5.42091346149	7.52070899258	5.88592718506	3.04816954406	6.55917404208	5.27173333323	6.11871451321	7.567904953	22218.5429211	109.432866247	True	
6.77335709539	7.79591045829	6.6399204621	5.44556223574	7.40762956407	7.15693254709	6.29823499661	3.62011518069	6.49588791072	4.94327392246	6.21345857341	7.72778877492	22391.3226355	108.338537584	True	
6.65445693605	7.64194028424	6.82660621783	6.94400280379	6.95815582288	7.1782236003	6.32136609058	3.48242999228	6.79753196997	5.1474091372	5.94090733077	7.57308749235	21825.5420738	107.255152208	True	
6.70312980127	7.98402547147	7.11651568627	6.23664696495	5.76450690987	7.14839964598	6.23966609615	3.22777362322	6.49068384911	5.08394576597	6.33663315931	7.44497818016	21895.7725704	106.182600686	True	
6.5861132803	7.74798588908	6.84910581186	7.08832129695	5.81176784961	6.90140981036	6.47877768398	3.32687358379	6.92475912611	4.68816279022	6.74438950942	7.27922760811	22300.918064	105.120774679	True	
6.84244744015	7.57846584275	6.82322739656	6.7572188829	6.5600155585	7.56828625558	6.48157011234	3.02147953281	6.8441727568	5.16940506353	6.32810816424	7.25040772417	21771.6129641	104.069566932	True	
6.75596492932	7.78838547168	6.80060045649	7.29864688088	5.57414748914	8.57882693513	6.39893918114	3.36916409018	7.02399988268	5.36396564359	5.93858801019	6.95936424242	22419.0096334	103.028871263	True	
6.90273028414	8.08341611237	6.99104392787	6.57064319828	6.53472731682	7.32090385154	6.38190849776	3.43044951702	6.75054579839	4.41322902439	6.16236533715	7.56563146287	22029.744922	101.998582551	True	
6.59579472221	7.84284496439	7.1941839492	6.554086242	6.45503360917	7.30811836001	6.05327074277	3.24391333613	6.67934858623	5.00451116937	6.50111380094	7.36634436	21832.2158349	100.978596725	True	
6.88094078463	7.90092509696	6.51688012478	6.7853299547	7.04725535856	7.32653032243	6.4155378922	3.53435691371	6.93369107854	5.22999262866	6.00602896769	7.25761907155	22006.5451274	99.9688107578	True	
6.91194900949	8.10876524386	6.94462616883	6.82243417105	6.60628852162	7.78948595241	6.00015374914	3.16577234291	7.2286860072	5.29110837645	6.29364563069	7.39802048814	22066.0609788	98.9691226502	True	
6.42176172178	7.6905197081	6.53645082051	5.98807108598	7.06606307421	7.60728158676	6.23524727501	3.47642184949	6.88225010907	4.76002653524	6.35531050627	7.69271530161	22250.8763061	97.9794314237	True	
6.65099255847	7.5802543744	7.08726633721	6.26548789379	6.21958914124	7.59798145753	6.53548873883	3.26602982453	6.9577476179	4.93200755435	5.94119912434	7.403143411	21840.8646198	96.9996371094	True	
6.83766544242	7.80037896457	6.80843546068	5.97005240802	6.95558357838	7.43281034914	6.58515234677	3.24637441108	6.74859415331	4.88653993317	6.19633295131	7.52526141092	21806.8062258	96.0296407383	True	
6.4253010909	7.67165873342	7.13824307127	6.14552482933	6.35942818703	7.61346078473	6.14450798691	3.14539220805	6.79290267188	5.21726531644	6.01458265107	7.32275043765	21875.2183067	95.069344331	True	
6.88895897856	7.76346505525	7.10049115024	7.02123322308	6.563267446	6.98441900287	6.32999489629	3.58782227536	6.61263957541	4.76810657042	6.48179777016	7.46819523964	21961.5459907	94.1186508877	True	
6.74410184526	7.54300506355	6.84991175743	6.3262134591	6.72312603703	7.18047002512	6.08042571981	3.39771130564	6.80349632616	4.84012176789	6.19786967002	7.61325225338	21806.3504482	93.1774643788	True	
6.81747962102	7.7169369792	6.98194714014	5.32639775608	6.15701681885	7.97758655538	6.42972317323	3.51427312385	6.6903924549	5.24965985407	6.17464794879	7.62391864706	21882.9747958	92.245689735	False	
6.91187735186	8.0969175436	7.00967899745	6.3570875839	6.34145676944	7.97596069359	6.55305654555	3.16116916596	6.88308935703	5.43973267904	6.68646319058	7.58316035183	22194.7402704	92.245689735	True	
6.77923097804	7.78548316167	6.79532475225	6.78882314582	6.09162370133	7.28945302048	6.1789859061	3.2956476811	6.9316785225	4.98524178905	6.23931912922	7.37947776198	21543.480508	91.3232328376	True	
6.92072970355	7.94562856991	6.99700729873	6.97562178895	6.28085364381	6.75313682849	6.2595124674	3.20959039769	7.04846715103	5.0312513842	6.58823677399	7.51684050123	22024.598162	90.4100005093	True	
6.558988699	7.85458932035	7.00339885957	6.33571567926	5.90899043761	7.49768827128	6.49300314937	3.25663080871	6.83543995083	4.71580476693	6.47812816174	7.50626115803	21835.5957601	89.5059005042	True	
6.91672778217	7.6032925193	6.7444771698	6.55791161468	5.44602475619	7.5407184549	6.17369654119	3.43793061031	6.76604497417	5.55283314908	6.12809879815	7.28593896911	21947.3321643	88.6108414991	True	
6.91333913189	7.64132134047	7.1410577326	5.86805989953	6.37438304677	8.02379514519	6.07387346463	2.93336686202	6.8232142847	4.60318159767	6.36765497808	7.63228985493	22100.9665197	87.7247330841	True	
6.66646899602	7.89555724326	6.71191295998	7.18460093745	6.31407305535	7.21871388118	6.16583755397	3.32998092742	6.98067274486	4.75359972519	6.01486461704	7.37516042	21825.7308337	86.8474857533	True	
6.52148569645	7.94801333938	6.85704957741	6.49289663508	6.47789926799	7.47467429155	6.0421361772	3.17536793804	6.56956175738	5.08337813662	6.00159976968	7.51817819813	21805.3784226	85.9790108958	True	
6.56096513794	7.64350013915	6.87271904389	6.34722134886	6.86653919126	7.65282350908	5.95997686906	3.26970197873	6.89070483187	5.28713297134	6.33407445914	7.48234804407	21808.77435	85.1192207868	True	
6.65680836815	7.85608964542	6.84700302319	6.62331937509	6.33061066297	7.86823898952	6.2759282467	3.37135980467	6.93530367248	4.74190457104	6.02146548727	7.41230198445	21611.6264389	84.2680285789	True	
6.68625912237	7.89424840279	6.79795994759	6.16761445584	6.60556380202	7.88994535149	6.11959058172	3.10062098584	6.87598385809	4.67396758232	6.05392921002	7.56786463871	21751.5408418	83.4253482931	True	
6.82217373221	8.01074060491	7.09801236076	6.50168691859	6.98116402819	7.89939700043	6.21065547436	3.72866544587	6.89429300721	5.24740531151	6.12333834294	7.34880000755	21819.4340048	82.5910948102	True	
6.76737339487	7.71142526462	6.79557470883	6.88857254639	6.19013126184	7.36540498728	6.27452035861	3.06848537718	6.47019417752	5.33922172646	5.91728235355	7.62339731247	21898.5981895	81.7651838621	True	
6.72060752447	7.92581513753	6.55744245371	6.63993409029	7.0433133494	7.03057016207	6.45229378801	3.25204618139	6.80011813731	4.84018533522	6.14748880399	7.56733424394	22000.4456309	80.9475320235	True	
6.89310498895	7.8475584539	6.99853062497	6.2149967152	5.96904820328	6.99536798248	6.64977112169	3.7730878691	7.07512922957	4.94608912029	5.87906868821	7.47274997933	22132.5136268	80.1380567033	True	
6.87864658328	8.12003603508	6.44672406827	6.64412911284	6.27553172611	7.47133969905	6.10559781736	3.51548606742	6.79986688669	4.6124893086	6.34310249638	7.81168041037	22368.4891838	79.3366761362	True	
6.7936109766	7.49172128547	7.17094525821	6.70066073733	6.30120813133	7.15530052033	5.96921752225	2.77268590148	7.01736023188	5.20953774904	5.87717517098	7.35438401028	22260.406114	78.5433093749	True	
6.78176775219	7.85763416471	6.76376369962	6.52023775799	6.04631883662	7.71336560573	6.42262824507	3.00984341602	6.58985802666	4.86909753166	6.10412545048	7.48151342064	21708.462976	77.7578762811	True	
6.75361307266	7.7910643815	6.70008205092	6.37880443422	5.99105138466	7.07272458383	6.43843420365	3.15253895007	7.03747040385	5.46319635395	6.40244167194	7.0916958917	21981.2912697	76.9802975183	True	
6.58820372973	7.84918501248	6.60026096594	7.27341868319	6.36683247895	7.97642759796	6.06835664225	3.80650538771	6.88042086505	4.97403054701	6.45045724877	7.18987480979	22114.2685511	76.2104945431	False	
6.77532028397	7.73808014576	6.46835539991	6.66689633602	5.88614644958	7.8533178257	6.11584902815	3.3915013049	6.95051840138	5.3479789749	6.16865043651	7.35179175438	21887.0879778	76.2104945431	True	
6.79533781459	7.7790425634	6.82115782321	5.8410120339	6.35363143204	7.33432991033	6.32736718965	3.49329533347	6.8756285935	5.38485004739	6.12655939862	7.53613878293	21638.2671771	75.4483895977	True	
6.75181233792	7.8141169609	6.83166420417	6.71608589634	6.58615539274	8.12698207207	6.41711263664	3.6681685188	6.96226678309	4.60732743871	5.91389496227	7.49573013916	21901.0011802	74.6939057017	True	
6.70908566101	7.94887496321	6.8797528755	5.99951066799	6.02947070788	7.44228498793	6.35867296077	3.15691921478	6.77751165752	5.21785578224	6.55026975695	7.37111259137	21727.379372	73.9469666447	True	
6.70042991273	7.83475973491	6.99344836316	5.91045053268	6.06354586315	7.13182491796	6.18837556748	3.41648673453	6.80559741124	5.20341429854	6.21582874091	7.5769851839	21635.7672688	73.2074969782	True	
6.58923084292	7.81110732883	6.99489526952	6.17553522599	6.41640290201	7.73665902707	6.00072444631	3.39683211104	6.99059261486	5.45631817972	6.28748015643	7.6742386348	21804.7285468	72.4754220085	True	
6.72527999319	7.91439513296	6.79489812452	7.15601241648	5.85624873541	7.84839168247	6.2439150439	3.03263061751	6.98401023663	4.71966312391	6.49145168946	7.41667515885	21905.0825545	71.7506677884	True	
6.69756003518	7.89405127967	6.82893352191	6.45830243913	6.18113724811	7.86425240973	6.26822797171	3.33529204023	6.85249575582	5.43458443672	5.58517711999	7.10805879429	22022.5815386	71.0331611105	True	
6.84074210246	7.7172089047	6.99411177497	7.07690909773	6.61381982382	7.69060329734	6.10729456012	3.82831099752	6.57697083421	5.33723311798	6.06881551451	7.55228890995	21882.002591	70.3228294994	True	
6.49624877898	7.75199210497	6.9062821977	6.88628882373	6.01804761743	8.24398224442	6.3818030114	3.33196670464	6.80100288018	5.07973875543	6.28568515888	7.14140274279	21865.8870849	69.6196012044	True	
6.5889893192	7.87117870116	6.87657916359	6.05227751559	6.53632539232	7.2878633167	6.06414163314	3.33796501468	7.02825915999	4.87210704019	6.27191810168	7.14050967862	21792.7123567	68.9234051924	True	
6.61300160212	7.63488021714	6.74438888795	6.30758458784	6.73843218499	7.78682104708	6.48353308777	2.67500022374	6.79679364299	5.14931829352	6.05277111673	7.39895500309	21966.1121989	68.2341711404	True	
6.7010858622	7.62217781292	6.82169067862	6.13841256423	6.34604718834	7.80020338997	6.41631071491	3.13643331039	6.65326034694	5.30258259763	5.78494013564	7.60505846505	21886.6600493	67.551829429	True	
6.68668404598	7.94645732941	6.88648785561	5.95725757015	6.54133767981	8.09363390455	5.89816938867	3.57641723712	7.32789947691	4.92263276015	6.24148285841	7.58416894374	22197.9488503	66.8763111347	True	
6.71372409687	7.77602907271	7.16675491097	6.91352899586	6.07799412164	7.40670402863	6.25116410391	2.81212145745	6.81313728084	5.18616753552	6.17949419815	7.44731063611	21761.9608169	66.2075480234	True	
6.97532169059	7.854696526	6.92366362434	6.15541821274	6.34893275316	8.05330247686	6.37060769532	2.82177964484	6.54433735219	5.17592782648	6.35520499716	7.37877155578	21894.4766075	65.5454725432	True	
6.62583835746	7.93692971422	7.00495187641	6.15023508934	6.33008805635	7.64948904547	6.42327588637	3.47395614466	6.78715300957	5.0937118267	6.4466425172	7.27285144809	21672.6348253	64.8900178177	True	
6.68918189843	7.78184157326	6.57491831068	6.85780893579	6.58465923658	7.37630645243	6.1462770417	3.13057120434	6.91377630388	5.34682291848	6.13664645655	7.2228108678	21806.1551976	64.2411176395	False	
6.79745860474	7.82256700914	6.75076315012	6.47039891742	6.07666574825	7.39277109672	6.3258792107	3.38568018995	6.75560104444	4.94259449957	5.97833705733	7.69368409839	21646.9055033	64.2411176395	True	
6.83752387257	7.70232688701	7.10620428027	7.4576722167	5.26400637314	7.47078114736	6.36994398713	3.18321168523	6.81123658532	5.51872316058	6.16960902464	7.51711610086	22127.4156525	63.5987064632	True	
6.82349643248	7.80119852806	6.84421382753	6.70059312444	6.05184715284	7.71877641782	6.31628074227	3.21358037801	6.6502243541	5.04977905843	5.96720205491	7.43696847239	21578.0313894	62.9627193985	True	
6.6744711038	7.74067407302	6.64421438378	6.51534271477	5.86895969687	6.91792147978	6.45053460437	3.5495494962	6.65180438296	5.41952322532	6.23434919151	7.42996014035	21942.6060291	62.3330922045	True	
6.89286938514	7.78206324575	6.93499833002	6.40781293434	5.68350173191	7.9300094913	6.25989083162	3.12456135534	7.07034942631	5.05942839764	6.0149951381	7.03028450421	21870.4995262	61.7097612825	True	
6.93872487739	7.62225360241	6.88803628359	6.19407883186	6.16873732444	7.2529352687	6.49250283671	3.28865240644	6.84187370187	5.10113894495	5.91779852933	7.40572024501	21766.6509874	61.0926636697	True	
6.71905518285	7.80975742499	6.80263800301	7.32308146883	6.59691864798	7.67001369531	6.24688702154	3.479883698	6.94134953582	5.00081796182	6.41440718482	6.96865226645	21914.0851556	60.481737033	True	
6.64146558547	7.82313636023	6.92962101224	6.57100306755	6.52160868028	7.55407575061	6.41972345693	3.5731744297	6.7068894605	4.86252581739	5.93607170055	7.59390488823	21685.6839101	59.8769196626	True	
7.07706892401	7.95440075014	6.76358898162	6.51273053557	6.19486112776	7.89748046189	6.24689316784	3.04805170606	6.84396891412	5.03753763647	5.95320821677	7.68434202925	21884.3078569	59.278150466	True	
6.70057225427	7.94001266456	6.8966954628	6.56522823481	6.46798432483	7.96528370154	6.34095879186	3.16952882383	7.08051732579	4.8971731559	6.07633732992	7.52281496368	21678.0202558	58.6853689614	True	
6.73711659916	7.98030239873	7.05220495158	6.37199161361	6.70866915341	7.17079558387	6.22903010632	3.48803019837	6.83590596111	5.27755582175	6.30501686618	7.37285270934	21665.1592679	58.0985152717	True	
6.80602602905	7.83484015453	6.78591859246	7.01443382602	6.42809634709	7.78131382132	6.20895035637	3.60237411136	6.6878582232	5.10743347189	5.9971538728	7.33031313145	21638.2296081	57.517530119	True	
6.69561277248	7.99663683153	6.96110944237	6.96507707701	6.07305026451	7.27853422904	6.18992876734	3.57603110399	6.85299386176	4.53931299859	6.06462849098	7.6139485694	21908.4403876	56.9423548178	True	
6.63837134245	7.69372812113	6.82502314053	6.36803933769	5.81759382188	7.52830091993	6.38642636861	3.42380535551	6.67310545527	5.37026291452	6.03308492966	7.38789233874	21700.4514961	56.3729312697	True	
6.68803381948	7.66921500924	6.71974614209	6.30262102232	6.10590810683	8.10632394762	6.47113894279	3.3880766827	6.80021148134	5.06032348156	6.15143382106	7.41885092018	21700.6602377	55.809201957	True	
6.74957602021	7.99635861427	7.1081977379	6.30868163149	6.80726285606	7.04404096021	6.25918485335	3.04074229432	7.09618912387	4.90214926395	6.24773076678	7.45202250625	21893.0148322	55.2511099374	False	
6.76045399876	8.10741836866	7.09496756703	6.11743234793	6.21532638436	7.34927554047	6.12591701492	3.66444270296	6.95723017324	5.08838583369	6.04780287602	7.59064061169	21873.9263712	55.2511099374	True	
6.81072715907	7.83242105893	6.78643908219	6.41618380462	6.27719626474	7.53020148525	6.20884073229	3.27016521944	6.93000453627	4.64575495957	6.20306611186	7.3846006659	21608.3754639	54.698598838	True	
6.65330544073	7.79407147756	6.86695485495	6.87347293485	6.01467445168	7.30450890619	6.27579641033	2.98917262096	6.56162032463	5.02016325731	6.41021946462	7.27266908055	21778.4594572	54.1516128496	True	
6.78227779043	7.83919992478	6.93164881349	6.46748780142	6.57588199596	7.73563476996	6.49344264763	2.87811069497	6.63846110697	4.93784546035	5.80319386218	7.71614940879	21945.3073271	53.6100967211	True	
6.76827007952	7.62627688725	7.04995979955	6.50800697505	6.59033360816	7.63227814194	6.33915832471	3.43844652769	6.93814710278	5.34627795133	6.21711472511	7.67160378259	21683.7360974	53.0739957539	True	
6.62179992713	7.77345401203	6.85309702497	6.74218738474	6.51278036092	7.17777038142	6.35056069721	3.67471766603	6.83674646139	5.21625335629	6.03984163619	7.74837351814	21771.4205617	52.5432557964	True	
6.77476158969	7.8562804838	6.93978228777	6.24736231721	6.11219138421	7.90468724225	6.13931785845	3.17512344893	6.65144120075	5.33408765264	5.83741716176	7.65013619366	21772.1025084	52.0178232384	True	
6.80366490113	7.91983104715	6.88359336279	6.81897872516	6.12122299652	7.42879345573	6.04712759802	3.06345653948	7.01598461316	5.15245378015	6.68844567905	7.31651919365	21897.6552455	51.497645006	True	
7.02331586746	7.85012377425	6.83805438711	6.53734741643	6.65879584014	7.78485582548	6.34900570035	3.54487965095	6.77886216998	4.97158772251	6.29109627079	7.49709293368	21650.3139144	50.982668556	True	
6.76268513478	7.84325835961	6.92084900084	6.61622090795	6.62159270182	7.40981909296	6.43838411949	3.39743768472	6.63734891486	5.26194808901	6.41382045489	7.42529330047	21627.6661065	50.4728418704	True	
6.82599243728	7.79650501839	7.13654832549	6.64363999733	6.01622741301	7.80233687929	6.31179667813	3.21301633614	6.83335777898	5.18685408174	6.25157040822	7.34315030555	21579.531639	49.9681134517	True	
6.76155779866	7.92899840562	6.85543794422	6.26525782485	6.41837727857	7.55831240813	6.42419876137	3.10898343868	6.68477335181	5.19150786957	5.9882479225	7.00983664418	21795.4523602	49.4684323172	True	
6.85054374218	7.79568648144	6.75646001652	6.67965268161	6.14361084146	8.05552175083	6.50650994679	3.11455161562	6.84341003661	5.00904205042	6.35159220232	7.49957384004	21701.4964779	48.973747994	True	
6.76380762319	7.95500330421	6.76711479585	6.48181808462	6.37530692748	7.64035900929	6.05885077303	3.47576250235	6.64351837652	5.06658289719	5.98672520737	7.75152687513	21765.6997479	48.4840105141	True	
6.84400454614	7.64877616946	6.99521582149	7.10875188835	5.84229488098	7.09813086439	6.39636550567	2.9700654839	7.07758964792	5.05100054476	6.14166154122	7.30097339626	21923.7911563	47.9991704089	True	
6.83046625326	7.88131506026	6.79818252317	6.3138622102	6.2957009127	8.09860967816	6.29160253515	3.27097191673	6.85908831585	5.01656493545	6.05435586495	7.54559498173	21585.6045388	47.5191787049	True	
6.83771147459	7.80273643611	6.81614806031	6.5523335134	6.55566373573	7.90204911493	6.50731178643	3.51741891474	6.88870146296	5.12162089139	6.09142857268	7.12800229072	21693.8435186	47.0439869178	True	
6.84655985846	7.79562655705	7.09785261367	6.60078837335	6.07056643959	7.71404405343	6.2494199741	3.60895358717	7.09615491038	5.1745270069	6.21898938291	7.53822620048	21663.9146733	46.5735470486	True	
7.11381494827	7.64515582724	6.7696580329	6.25367779944	6.2575835877	7.92336360974	6.30829237194	3.32974851083	6.71916708434	4.95054405155	6.16674400305	7.3363023896	21817.8880023	46.1078115781	False	
6.71295878423	8.12597365262	6.72104309519	6.42241675237	6.48874394474	7.92422103747	6.22673907034	3.20854362074	6.93022384365	5.42991940171	6.42071211613	7.49261144737	21901.7612224	46.1078115781	True	
6.76359096709	7.76308321292	6.88184701057	6.11677742561	6.59622507625	7.53805508564	6.30676588245	3.2131115757	6.82995029183	5.16499777101	6.2697998553	7.40605333699	21497.77952	45.6467334624	True	
6.76769434414	7.67729994789	6.66613489438	6.22212573876	6.61237023039	7.38902568579	6.42031774173	3.30769996781	7.02429351551	5.01908689608	6.1936274074	7.49107895437	21696.6992388	45.1902661277	True	
6.74248628208	7.84736873704	6.81302971013	6.50499323753	6.11358480191	8.04844656874	6.32985904819	3.39384641484	6.90305947608	4.78099558466	5.81650738461	7.32752657155	21742.3192233	44.7383634665	True	
6.73617010421	7.91363489238	6.86704369005	6.71518751994	5.98823120601	7.81829051268	6.25580865662	3.04553854221	6.63771226403	4.69786813508	6.28802668178	7.2191248853	21761.869178	44.2909798318	True	
6.86818220817	7.76051874823	6.90160383114	5.99032211008	6.32837481153	7.512104258	6.3092167124	2.92670212684	6.75354764205	5.15661287376	6.22307275837	7.28988004377	21625.4589592	43.8480700335	True	
7.00971615007	7.80187141043	7.12367927016	6.01762266923	6.37000898685	7.379054508	6.46672476098	3.26522861897	6.83271414796	5.28171307085	6.2962583731	7.47871303571	21759.8864329	43.4095893331	True	
6.73050996645	7.85378593374	7.03452661781	6.52151283138	5.47915426707	7.76406649046	6.61425957131	3.47950943807	6.70797150734	4.79104314234	6.28125746663	7.53232454527	21901.0994933	42.9754934398	True	
6.86729638829	7.92217751441	7.06696805625	6.02767422482	6.28553613081	8.29244179423	6.28676817346	3.41627307693	6.93180182725	5.38452773714	6.29787666744	7.64703075264	21831.3934664	42.5457385054	True	
6.89423320943	7.86374446971	6.97444119858	6.77551666297	5.71522854061	7.31662989583	6.22078944731	3.22205538864	6.83069300501	5.22882900951	6.1821155833	7.38799007715	21612.1310036	42.1202811204	True	
6.82249896968	7.94786565323	6.83287200535	6.88017384863	6.26892240147	7.61224982749	6.27199818915	3.14397803564	6.68842491064	5.29149859591	6.47437971436	7.31933412918	21680.9028485	41.6990783092	True	
6.66129375996	7.87716178279	7.14151290252	6.599859265	6.60975252324	7.56338521931	6.00187221055	3.62758062303	6.91692978841	4.98501564115	5.84062316949	7.49313949875	21831.1104656	41.2820875261	True	
6.56079546779	7.75441300011	6.73765372763	6.26028727958	6.53295150053	7.58934860828	6.05346654406	3.37456707252	7.08671432283	5.10169743514	6.24775491821	7.49905755222	21725.8700978	40.8692666508	True	
6.63634148634	7.86098035543	6.90357741498	6.28641894242	6.37927917136	7.22704993356	6.46613412293	3.66035764965	6.84783376106	5.23101804203	6.27348694335	7.32396546828	21663.1110175	40.4605739843	True	
6.80831407948	7.94750717865	7.01268056956	6.86540869197	6.59554908502	6.93140346179	6.38120362729	3.14364481531	6.81521606676	4.81796984186	5.93258996632	7.45878178611	21831.6317996	40.0559682444	True	
6.75511735869	7.80415643163	6.74435079759	6.54890753701	6.83219202898	7.48936255648	6.10630558008	3.27490927166	6.72195469719	5.20299436272	6.2035345722	7.31871096846	21598.9952716	39.655408562	True	
6.7865594602	7.84280571957	6.8932130064	6.75956837079	6.38046235634	7.67745234659	6.25406845584	3.27910932946	6.87259853659	5.19799593141	6.2202284421	7.28273700855	21478.9828453	39.2588544764	True	
6.77579841764	7.64495168325	6.88737129983	6.25709664419	6.62563611635	7.24185630075	6.2089002081	3.20457509721	6.95187044338	5.3077608665	6.11797430267	7.28477426284	21645.6046431	38.8662659316	True	
6.6613918517	7.85751689016	7.03101175904	6.53515760864	5.94485232365	7.8833975926	6.27287274499	3.38550036458	6.83598608019	4.98528093496	6.41394839108	7.50949593108	21595.9810751	38.4776032723	True	
6.83140268281	7.854217015	6.95713818446	6.54120666595	7.05665633049	7.62666431168	6.26552807178	2.95113020068	6.96659573279	5.28610445142	5.90867129016	7.35562337062	21784.5152091	38.0928272396	True	
6.91448455448	7.62447599208	6.88375890249	6.76321428832	6.31312703378	7.35884551573	6.28873295779	3.21170185598	6.92380482102	5.54431568305	6.21108452804	7.41963867077	21736.0583717	37.7118989672	True	
6.88456325864	7.69561487416	6.75490467038	6.95514344456	6.57038674665	7.50463772565	6.11647798502	3.37246131428	6.79952232481	5.01588912876	6.30591731881	7.58378197992	21646.4829432	37.3347799775	True	
6.78696716561	7.81314653711	6.80946629539	6.83543725761	6.4064731265	7.41989003721	6.25847304121	3.49575717195	6.77521183465	5.12197469857	6.3038212134	7.17065789331	21574.4768833	36.9614321777	True	
6.70636355553	7.99267289781	6.86326691081	6.1718755708	6.13116610329	7.81892385402	6.35597371417	3.20779797381	6.81073458955	4.84677006463	6.26123771196	7.46195254033	21624.4865097	36.591817856	True	
6.77951482349	7.80071459412	6.9624625322	6.70785594832	6.14975229073	7.29056045246	6.35152808515	3.42761208673	6.78287600915	4.98173015193	6.13266371628	7.26680061043	21535.2749573	36.2258996774	True	
6.75740464396	7.77017124452	6.98289541185	6.05430218387	5.95355034365	7.59105061038	6.18678219604	3.48288269889	6.98313490648	5.26777917327	6.19938365572	7.15323273578	21647.4265924	35.8636406806	True	
6.75046670052	7.68705370976	6.7957602408	6.03893980997	6.60805301043	7.46286895771	6.23510443412	3.37863719483	6.74780531683	4.99118977772	6.25333128009	7.70884168558	21649.095266	35.5050042738	True	
6.9625731438	7.77204244102	6.86124553705	6.09217002968	6.08687161628	7.43301736108	5.93050632864	3.44168309829	6.72193766198	4.93835243803	5.96393987692	7.33997593903	21780.5965867	35.1499542311	True	
6.65492152032	7.88495920337	6.79806815874	6.61766137171	6.07999562394	7.62418774362	6.35081762729	3.36819879306	6.78281176335	5.27416444375	6.29874735625	7.30516471362	21563.912139	34.7984546888	True	
6.90642127415	7.91023056126	6.92627661709	6.60711008481	6.54106669043	7.67404562636	6.04126471137	3.51368735984	6.66427296082	5.11236542869	6.2186175282	7.41912413963	21606.26958	34.4504701419	True	
6.6777732773	7.90012986924	7.05652833625	6.1083858386	5.87975633606	7.66679570628	6.22087771548	3.35146839511	6.84063567805	5.06915183068	6.09681944922	7.38181685344	21578.0785256	34.1059654405	True	
6.57395922293	7.66535719938	6.88178536254	6.63833999137	6.52859583316	6.75796038592	6.17342641592	3.44601946145	6.88224700576	4.93271738221	6.11989434486	7.45097741945	21811.4618248	33.7649057861	True	
6.72702490546	7.85207080998	6.81675896951	6.39425143239	6.3070369388	7.76017478274	6.17796370834	3.55402656729	6.92721425651	5.06998571941	6.29002463493	7.47898282945	21510.5219267	33.4272567282	True	
6.70571371062	7.80480778274	7.00602871126	6.32173025202	6.45288830263	7.68244418694	6.28613706322	3.38440176408	6.80278573301	5.14824414765	6.19824374628	7.33118110535	21471.2773965	33.0929841609	True	
6.83747987074	7.96134974118	6.9482904087	6.434348969	6.19305027732	7.8707638779	6.37734941665	3.33298703865	6.89454030262	5.17032551244	6.26288697506	7.48266722701	21548.9685077	32.7620543193	False	
6.95525113666	7.6963877156	6.73135838251	6.2198958413	6.30820011335	7.83250233314	6.20333382206	3.03908313268	6.70705775658	5.19232894028	6.11328693965	7.54094526567	21694.5972109	32.7620543193	True	
6.80650926239	7.77499351458	6.91559630602	6.9984645872	6.30304205702	7.77855584888	6.30020495801	3.71157034879	6.85625560417	5.2170058805	6.1218089312	7.32655905904	21601.1955198	32.4344337761	True	
6.83510543794	7.88868190253	6.93829032879	6.37163306491	6.52393824111	7.76054391662	6.17148485893	3.32619120535	6.97670617255	5.08302970477	6.09796121	7.15765126563	21583.0919944	32.1100894384	True	
6.67109582161	7.83771483402	6.97849667394	6.37326225258	6.50640246104	7.4375856484	6.20609683049	3.37685986974	6.79635096295	5.24418030763	6.31318818769	7.36818021852	21507.5504427	31.788988544	True	
6.65081286121	7.81778399973	6.96354761013	6.97503108475	6.04500189724	7.63442841279	6.31093001112	3.27576463474	6.8543567585	5.3295386828	6.4246073131	7.40263090343	21625.8249782	31.4710986585	False	
6.96340494583	7.86933871379	6.84814311484	6.24909488814	6.87295663089	7.53845546174	6.31096927212	3.32949930319	7.02066920034	5.31469356637	6.39068583567	7.65132384147	21766.3785574	31.4710986585	True	
6.76859497951	7.78137429389	6.8469557832	6.85965173985	6.86765555638	7.58310676584	6.41945098464	3.17204442134	6.77965926618	5.16117797865	6.25694345617	7.48363562912	21600.8540699	31.1563876719	True	
6.78003175251	7.82263452525	6.82055785985	6.1105841681	6.07522939925	7.35197852137	6.31528983306	3.2868836665	6.87877153545	5.17916647497	6.06942738475	7.39044171009	21530.2753764	30.8448237952	True	
6.78126847509	7.62439451	7.05009894821	6.522865254	6.6312478716	7.51368340097	6.37312356545	3.1808050708	6.89673723966	4.98448703462	6.32382670031	7.21236496545	21665.4813356	30.5363755573	True	
6.68921644694	7.89879009686	6.82916744758	6.72005225609	6.15894591021	7.58287912563	6.43085450999	3.16709901037	6.83548700418	5.23763231559	6.32153725749	7.42553133229	21574.212691	30.2310118017	True	
6.8494423533	7.79880377348	6.89010572043	6.49656218469	6.33381483874	7.77059935844	6.1463735448	2.91312411894	6.65612676007	5.30836099307	6.06080238011	7.44805475576	21649.8312831	29.9287016837	True	
6.83177115956	7.77536041897	6.75192144477	6.62232329644	6.44626334604	7.52930696135	6.13995524844	3.53230026038	6.78026750742	4.86670145093	6.25895349795	7.58569816058	21586.1008924	29.6294146668	True	
6.64982774104	7.85501848748	6.92648790148	6.44928862377	6.34576494867	7.67318886328	6.18052952025	3.20220591541	6.73985042891	5.02667306496	6.06845795454	7.4195798387	21506.1786245	29.3331205202	True	
6.78462327106	7.76916119875	6.99190210119	6.6923386343	6.3742438909	7.71328139845	6.21443432756	3.31618007538	6.68566168705	5.36553637571	6.17037981232	7.44592948056	21534.1407781	29.039789315	True	
6.73949051611	7.84547176203	6.96404380106	6.187409608	6.2027240937	7.20152095333	6.34249441318	3.35148489995	6.87615705634	5.16220106033	6.17150756002	7.17632268984	21585.0340392	28.7493914218	True	
6.74478694169	7.75209549745	6.99263429539	6.56194979323	6.54935057638	7.89029267517	6.34695075255	3.04034014506	6.85560182928	5.21040580005	6.31620617912	7.29862798981	21584.0666167	28.4618975076	True	
6.67032424615	7.84996427686	6.84145368444	6.38540547772	6.03964303018	7.82106920239	6.20502474284	3.31853393375	6.79803628779	4.95653949814	6.24901274349	7.25607299269	21539.3996988	28.1772785325	True	
6.65508196269	7.84468944125	6.99042560782	6.3615991848	6.23094238711	7.85145839357	6.22492249228	3.21614863064	6.83728183708	5.01984260484	6.1966776351	7.54903310043	21516.2016631	27.8955057472	True	
6.62919762682	7.86523089372	6.74199309565	6.27496705361	6.17170611402	7.84271436345	6.15756722272	3.32142518385	6.75989230845	5.03796336691	6.07819249321	7.4551758811	21578.4276408	27.6165506897	True	
6.73536546041	7.82231977092	6.70160927784	6.58175383926	6.3885942315	7.68263162059	6.31856140821	3.22501658369	6.72298127499	5.160072689	6.05703772961	7.2481382945	21581.0079872	27.3403851828	True	
6.69350701072	7.87571976422	7.17317893997	6.80893629914	6.59871379914	7.44469267911	6.16617671952	3.36160960462	6.82261013733	5.16065029077	6.22284965549	7.526334712	21626.0417585	27.066981331	True	
6.70637062656	7.8703450043	6.99131985292	6.5620898221	6.57106257594	7.7284721557	6.07145067512	3.42573343042	6.70200496256	5.03750810025	6.22584529221	7.55099250858	21558.7364907	26.7963115177	True	
6.66079711066	7.79100874638	7.11660027404	6.00647036282	6.00258637591	7.53596700696	6.40524258338	3.10296692887	6.83799557849	5.11777922255	6.22542121998	7.43296620058	21649.755295	26.5283484025	True	
6.76231865341	7.72193639736	6.91113001036	6.13470907998	6.68110152091	7.35303876656	6.25885974829	3.30370287341	6.84398495464	5.27594118474	6.25672366797	7.09512801364	21653.0920107	26.2630649185	True	
6.74550301316	7.70357295917	6.91316830716	6.43212004039	6.07896547114	7.97755087508	6.29170018805	3.5983224754	7.00668159434	5.2998889648	6.18889189613	7.35151862279	21621.6939868	26.0004342693	True	
6.71686875769	7.80428952692	6.9388215687	6.4271701705	6.28422166896	7.61724900679	6.30824711965	3.11910553164	6.94397052872	5.03984597697	6.27281748184	7.36114933213	21493.9619142	25.7404299266	True	
6.71292174541	7.89604443046	6.98033457662	6.8487811199	6.33922279114	7.44312621385	6.45093059001	3.31626258124	6.9352056982	5.28294667842	6.10461601953	7.34885725608	21597.3782204	25.4830256274	True	
6.71065719885	7.77974960319	6.91067729585	6.27848920815	6.14644234	7.74092411184	6.0773597421	3.16971562141	6.6600737774	5.21755596947	6.26365688206	7.43203955734	21567.5518028	25.2281953711	True	
6.84516477311	7.93551237818	6.83466128755	6.44587570967	6.44137830171	7.75014308718	6.17679906196	3.4963534081	6.65723864208	4.95859885842	6.21506627844	7.36330293686	21564.0149144	24.9759134174	True	
6.71941909114	7.82526640371	6.9428706431	6.4140442461	5.8523994083	7.98307433372	6.3594460524	3.35199062446	6.73927398462	5.02785094433	6.12022052263	7.32595991788	21571.5015092	24.7261542832	True	
6.81391880347	7.7802356097	7.02702511859	6.40187273334	6.68444073773	7.97585450014	6.36365672672	3.57516875088	6.78663427762	5.10455471904	6.15835375115	7.52566729255	21583.5514387	24.4788927404	True	
6.88229123233	7.88359466659	6.87357411358	6.4235090467	6.29498826742	7.83307398273	6.26083487272	3.37032477364	6.75090949773	5.09877430548	5.9209432479	7.3801843812	21559.3122925	24.234103813	True	
6.69562185083	7.71509888354	6.87734054984	6.51553775224	5.78517862528	7.48876930613	6.16761885374	3.39651746004	6.90066558816	5.34910660762	6.03217379435	7.51252481221	21620.9692861	23.9917627748	True	
6.80521620507	7.68642203872	6.77442282581	6.3571511229	6.517899246	7.6381198948	6.25473721507	3.43700170002	6.91174461816	5.078054547	6.21656963834	7.28890118902	21531.869443	23.7518451471	True	
6.87969414734	7.81718678012	6.95643569551	6.57666576991	6.66153576294	7.49460390485	6.1894731769	3.4466526836	6.79380839238	5.3150835917	6.30185354723	7.39095669571	21537.770264	23.5143266956	True	
6.83768595593	7.89352732639	6.84859656791	6.02712465561	6.17857771389	7.49437425348	6.22592635138	3.51387542206	6.9715279712	5.0968619412	6.22065851906	7.54881483025	21562.7817471	23.2791834287	True	
6.89761290153	7.81161923356	6.92243370284	6.46759387876	6.45328819393	7.4709143551	6.31387653878	3.0009502343	6.84321724456	5.05901306828	6.15339252019	7.33239593483	21542.3139215	23.0463915944	True	
6.65431256168	7.78664259129	6.96239707372	7.06909582931	6.815165534	7.52777734651	6.19596128456	3.0731760536	6.79370974626	5.0645293707	6.3089465423	7.52127987452	21658.72159	22.8159276784	True	
6.8639223909	7.75578397851	6.95327618819	6.19233934481	6.36024353663	7.66779184405	6.20855286984	3.15020313728	6.89624567678	4.86813797669	6.07233569003	7.46394039554	21545.4269715	22.5877684016	True	
6.66370598029	7.82000437523	6.92881523568	6.18769014757	6.42611029024	7.82167412275	6.16529922821	3.2241566233	6.80778587888	5.10099214791	6.29055662914	7.34593463654	21514.5081693	22.3618907176	False	
6.83264104909	7.79471092805	6.87408903751	6.20734199176	6.40232898522	7.56809759654	6.23879972591	3.31563398736	6.92858154758	4.90078910713	6.22393805494	7.41269549811	21488.8137045	22.3618907176	True	
6.65297465629	7.80625445681	6.84543844484	5.89557147316	5.79891613765	8.06645131728	6.30304815152	3.16842424146	6.85346361977	5.0395369318	6.16736316739	7.53541619066	21687.1250023	22.1382718104	True	
6.73732326422	7.86592565165	6.83354437229	6.47649136311	6.58246848064	7.6469690512	6.24261267881	3.40067112982	6.77857821204	5.15451967941	6.16256387881	7.1599802711	21538.7170241	21.9168890923	True	
6.80224400968	7.87226480204	6.83216936755	5.94961425509	6.50727873376	7.64222052803	6.37594718126	3.32135950808	6.89422667714	4.75792778899	6.27831613276	7.39655693255	21614.8883992	21.6977202014	True	
6.81189762502	7.81719163065	7.11252174117	6.28079263243	6.19045163991	7.91135223921	6.36541715753	3.31764111883	6.80459457356	5.18723562491	6.34891739831	7.41282230292	21579.9651414	21.4807429994	False	
6.61967971092	7.8255526745	6.88581006084	6.4099498438	6.24267474469	7.74238202363	6.19357447907	3.3944676831	6.87094065667	4.90413449308	6.19852851279	7.43930637798	21508.8933052	21.4807429994	True	
6.73483118328	7.80541866152	6.99686692544	6.20293942688	6.22714368339	7.12801323766	6.21747524893	3.46167136226	6.85520177206	4.94658164466	6.14109107688	7.44172814433	21553.036708	21.2659355694	True	
6.82228660096	7.72853417387	6.98101096338	6.54986508094	6.50369400616	7.47870869704	6.24972258789	3.52862996767	6.83969134172	5.17000648613	6.31713506856	7.18084962312	21562.0884237	21.0532762137	True	
6.68979276399	7.84038134937	7.01638718052	6.71205222803	6.46745292476	7.5522365225	6.2164262685	3.2262342087	6.89432673712	5.23152161331	6.22010281223	7.4511153177	21501.5896234	20.8427434516	True	
6.8074518986	7.86416896395	6.9940740167	6.49636325013	6.22912322243	7.78097588533	6.37059221117	3.57523696131	7.02839743509	4.9611645901	6.37004076733	7.31229560034	21610.8530681	20.6343160171	True	
6.81125943135	7.74651877972	6.90824651687	6.48337355442	6.41020832306	7.50888551258	6.17838593764	3.39389798825	6.78394712172	5.10495007678	6.26637039449	7.50560898909	21463.5457944	20.4279728569	True	
6.79751103266	7.89991311905	6.90123494636	6.67128261282	6.37732272967	7.70584418964	6.21822612715	3.28521214874	6.80053485594	5.28733840746	6.11831378634	7.50915602945	21497.5485356	20.2236931283	True	
6.65785847015	7.78929074403	6.96109402344	6.3107276408	6.50824356871	7.61719261307	6.23664911932	3.55250505672	6.85980336724	5.1636691074	6.19444639103	7.45448763678	21495.7497283	20.021456197	True	
6.79781486431	7.78667346623	6.96391811318	6.41711029774	6.58864745876	7.73444617742	6.15588903537	3.47944472677	6.9266598369	5.19265448801	6.42148040569	7.45074458024	21543.7864756	19.8212416351	True	
6.77437492565	7.79891205402	6.94783233531	6.60260008789	6.57820707164	7.67375203221	6.20275040814	3.34809429729	6.85178596713	5.14959248593	6.12369182915	7.33310843775	21463.949773	19.6230292187	True	
6.80650890506	7.80994160691	6.88871788208	6.30310769417	6.49889017494	7.84493459707	6.15785901339	3.42183602418	6.68715145193	5.1682258664	6.17169264791	7.41910942608	21504.2790013	19.4267989265	True	
6.72307453297	7.76149249969	6.80296226026	6.43644750949	5.95734109685	7.78011052947	6.16787109094	3.41449338282	6.84035632895	5.40747853102	6.23344023545	7.3640288409	21577.0616502	19.2325309373	True	
6.76169743227	7.74261679984	6.95935695986	6.55161403073	6.10472995688	7.41352299712	6.1162500388	3.31701497313	6.98799365037	4.96581204406	6.10387727787	7.49997099686	21544.8199279	19.0402056279	True	
6.8731034795	7.75642182519	6.8732974024	6.46288615278	6.68071701925	7.57804745234	6.28289477808	3.52635940963	6.86409400028	5.12551052896	6.23929432258	7.35522410732	21507.9850823	18.8498035716	True	
6.80878647725	7.72916598776	6.95493397549	6.66113433047	6.43805993735	7.76013976308	6.29663182219	3.37500393546	6.88367675142	5.10839488919	6.26216302065	7.61806059064	21511.3596819	18.6613055359	True	
6.8157643787	7.90490972665	6.98028063712	6.62613691963	6.43346393371	7.4734413524	6.29098740594	3.36520914494	6.7490509866	5.18357666423	6.19422171566	7.53484012325	21496.665899	18.4746924805	True	
6.71537303082	7.78884220862	7.06140637515	6.41652044271	6.51241624374	7.76997514161	6.20053498334	3.30100814216	6.7628762792	5.15763481558	6.14592081369	7.43024530144	21499.2192578	18.2899455557	True	
6.75673727042	7.85989956989	6.84109311923	6.46718535759	6.22138501204	7.89778789137	6.21605464466	3.19890293149	6.69230439111	5.10845338869	6.4809726081	7.47792658283	21590.5131833	18.1070461002	True	
6.73383254276	7.75452840671	7.01585950452	6.23410588144	6.20747286325	7.67616212949	6.42387062838	3.3339008509	6.97779027546	5.15665613115	6.00523025068	7.44284456298	21573.9905329	17.9259756392	True	
6.83224654996	7.90752447648	6.89762361804	6.38734129741	6.43615918269	7.39810764118	6.32421293565	3.25735086634	6.79105958583	5.1433103879	6.18929440953	7.31388742134	21496.9857511	17.7467158828	False	
6.67608918068	7.77684666342	6.92369010369	6.62865494317	6.39470558222	7.77185638997	6.34698268872	3.19230519503	6.92352422527	5.31763470271	6.18823234743	7.48529518897	21532.182281	17.7467158828	True	
6.67438943943	7.78376005642	6.86692186646	6.13860234061	6.061252532	7.42646602857	6.2881147396	3.24421809448	6.91680995934	5.07651517421	6.3572778923	7.44519440467	21540.4046207	17.569248724	True	
6.81255394989	7.72711418315	6.86034504733	6.21484112922	6.36765017167	7.67989691029	6.29611957782	3.40435088124	6.85448884282	4.93256142769	6.18441166453	7.41003419374	21484.8115649	17.3935562367	True	
6.8815027674	7.89114537996	6.83838154327	6.62332826447	6.25429073076	7.45335284296	6.37881947898	3.35375000408	6.86680590459	5.24261265199	6.16682863321	7.32425445908	21529.833054	17.2196206744	True	
6.83599497031	7.78001981273	6.99734307947	6.61178189237	6.09498663875	7.41256660058	6.31795648929	3.46706036722	6.84543719778	5.11273973581	6.18969308823	7.57571588163	21511.3330884	17.0474244676	True	
