Parameter 1	Parameter 2	Parameter 3	Parameter 4	Parameter 5	Parameter 6	Parameter 7	Parameter 8	Parameter 9	Parameter 10	Parameter 11	Parameter 12	Parameter 13	Parameter 14	Parameter 15	Parameter 16	Parameter 17	Parameter 18	Parameter 19	Parameter 20	Parameter 21	Parameter 22	Parameter 23	Parameter 24	Parameter 25	Parameter 26	Parameter 27	Parameter 28	Parameter 29	Parameter 30	Parameter 31	Parameter 32	Parameter 33	Parameter 34	Parameter 35	Parameter 36	Parameter 37	Parameter 38	Parameter 39	Parameter 40	Parameter 41	Potential	Equilibruim
4.42482611481	-4.58876762885	-4.60476867376	-2.38257134447	-6.84284421677	5.56839181843	1.78964575221	0.620291625243	-3.3673662399	-2.03397093626	-3.73535177616	-3.43211665623	6.26505924267	-3.42841258644	7.10167930522	2.39058004764	-6.99454467628	-3.34408815695	4.54304855769	9.41681314981	-8.92930437028	3.3961537263	0.179467385532	8.98477754281	0.287515853908	5.49017001576	9.21757181717	6.12152024468	6.05055627907	4.55929397618	3.25424739257	5.77246983858	0.0852528870217	6.31963190363	1.49936252823	9.84687320724	9.37066042685	5.97702556056	7.77001873098	2.29781453721	4.69651047968	838847.738504	False	
5.14547041965	-5.00828008	-6.45979990811	-7.84581895093	6.09566078613	7.83193962713	2.23651377869	6.48999371661	8.46885546947	5.38012006437	-0.355950251735	-3.55977987886	8.78767103201	-6.5656948386	-9.21114608764	7.72804710812	7.77852547143	-9.07522864865	8.67276965112	-8.62988435429	-8.97774488869	1.14371642586	6.6575488454	3.67979487855	3.30193364815	4.9653665157	9.41542952585	5.10789582859	2.79532455718	4.8498047901	7.1345315164	6.66429678731	3.65040331053	7.9075123927	8.7651203303	8.81387152039	6.63959949492	2.15209302267	9.34177803494	5.63603941417	1.53568181343	1249562.73233	True	
4.55757210589	-4.00668458669	0.844991872554	-6.81001243893	7.64290030037	-5.5050217142	4.50027039834	2.94487498587	0.817422007588	1.23598030664	-8.82942244311	-2.40060289973	9.22502534449	-9.7444216708	5.5107026874	-9.25680226842	-1.48683545835	-7.46280578179	-6.63644541641	-2.27776514414	-0.869575371844	3.56164698446	8.81138454593	4.90010778568	7.39891164639	9.90613503316	1.53119275583	2.64363506653	5.89851235747	5.20498595345	3.14280936394	5.20874685362	4.51021710826	9.97262703372	9.17267325042	2.39054125324	6.18690772501	8.74866508684	5.38683241825	6.81961630591	0.351354738728	1195781.14475	False	
4.53235998722	-4.1167965719	-7.09689356967	9.26507809946	-3.94576511729	-7.18894282028	3.6218185054	6.82434956551	1.7393773245	7.47842699195	2.47934984685	2.22212141233	5.22833990102	0.279343071754	0.720429822783	-5.60979001811	-3.15531504989	-6.11576756535	-6.61272891991	0.226923015977	1.82134677104	7.69407046967	3.75453319343	2.76068609867	5.91384995868	4.11628653468	9.74726877534	7.0527688808	7.76790757489	0.796063415998	7.48894017335	1.51644856149	0.890616621904	5.44219380091	4.9959246199	9.86428408259	1.49954285298	6.8250128514	2.20235220234	0.294331808095	1.47211368438	744424.195277	True	
5.6381660831	-0.435125255414	-8.36748102123	8.02395907293	-8.92818572021	2.98403837465	1.99915631565	-5.04369184002	4.94760588631	4.64352250593	3.05791281099	9.83189330916	5.56002183973	2.81366389541	-4.99337788211	-5.25357575588	8.21601671097	-7.99819876743	1.23990442305	7.20516705019	4.91269076923	8.4337717085	2.4699228755	0.868709073282	7.01006695536	6.20691495936	0.851549423623	9.28346468675	9.57098820103	1.57160727447	2.98660801982	2.5338524209	4.12915628779	9.10122215318	9.20510977201	1.47857521466	2.90492773552	5.33431470708	5.38531915045	1.71328021421	2.29217168198	863213.13286	True	
4.95627784891	-6.66453926933	-5.20081987642	4.44781956334	3.60231493098	-4.97740014318	7.92667456221	-4.83584387544	-0.447484029598	-0.772226672609	-5.70513359045	-0.654951074975	0.0558789609828	-3.22500831523	8.60637973527	-8.93395184411	-6.70681585238	-8.18782254506	2.69523010925	-2.4562777437	0.442949579236	6.15587343246	8.67450426328	5.02243173625	2.43476881376	1.48255792254	0.0807420901772	3.31344975492	8.51329271595	4.78440757285	4.22409390526	2.58931857256	2.09171100779	6.85226205275	6.89913049659	7.94575149899	8.90092805879	4.69139787714	4.1058591395	1.25096082971	3.42288000807	746296.717603	False	
4.22075460571	-5.7336167218	-7.85527895803	4.94811540674	5.38470108012	-1.97593114358	-6.34422412458	7.30579774453	-8.76593208167	-3.90502603499	-2.5742790717	0.132283480951	1.57978091386	3.95932667407	5.34988115453	-4.09844223661	-5.56403315987	5.89841513452	4.6598835423	9.06976686269	2.49432684077	7.75159789387	4.36645269988	7.39009205247	5.06553195768	4.26642023428	2.40167219505	3.55592053149	7.83586769627	4.6356023665	8.4869111867	6.09603009056	5.16256661476	3.70100158032	0.92198502209	0.0228224720337	1.8054808059	3.58398208443	2.72316708285	9.47733367005	5.21629482951	958726.190149	True	
5.2626136098	-6.83704762655	3.98599569837	-1.20057992178	-8.68884599061	9.68980271477	-1.06340146875	-5.18901165228	8.02093401214	2.58954094257	1.90124651165	6.7625337631	-5.49928157484	-3.67499857807	-0.170366839052	0.814045163063	-5.60944701136	-1.04911395205	-6.94568584807	8.45157578135	6.28474515287	2.54284808634	0.608214943096	4.7795723399	4.75734149007	6.71712106673	9.12623870752	4.90158334964	5.89953044801	4.91936524121	8.22320746269	1.28901873635	1.69462927077	4.39180673528	7.1006625893	8.2252867097	5.18353324647	6.86707468572	6.02371266676	1.05216143713	5.80535367397	750181.931074	True	
4.42408697711	-7.21688105751	3.03970966963	-1.92315242568	-5.00427581344	6.1491405285	-6.744798774	-9.23226298638	8.78209579758	3.70001298989	4.21952315534	-6.61572785554	-7.77469802737	2.21895451354	4.16505819255	4.56986921903	-6.00849551259	-2.7365718487	-5.08997259401	-8.2780604814	-6.32711805848	9.37867294479	2.21321652243	5.57965306446	3.38324869078	4.56961654128	3.89044350986	5.05710159293	7.2407467923	0.719722323498	5.67155283329	4.64030896285	2.39857146128	4.93283954439	1.80334692617	7.24670641713	7.59404496723	8.74405598522	6.78405618678	5.07591523293	9.61487222763	837382.339886	True	
5.43775777661	0.40579006792	-8.17108609847	1.36454576045	-4.23225312701	5.67175150255	-5.19118841919	9.50148225435	-5.44580315726	0.400974584379	-6.9256241215	7.12182356288	3.5023168386	2.66029152888	5.9888275368	6.64086087672	-7.59832156537	5.25261544461	-2.22814834388	7.83279721624	6.45434193853	4.76319415934	2.67204894016	5.47894904223	8.29139222472	7.69193934505	7.49189921766	7.56656110618	3.84139974356	9.075283226	3.97475027361	8.19258254268	7.60900401357	9.34415824724	5.46637314229	0.476843874528	7.28063137903	3.49368617913	3.45898478926	6.27596505514	9.3360120144	629031.714304	True	
4.71975930266	-6.70913022532	-8.24276111183	-2.78472287447	-0.806191368988	1.15794074825	1.1202778812	3.25772177671	-7.26612978837	-2.28592472157	-6.82534556133	7.20653251725	7.92234326605	5.93077617927	-7.77568401187	6.78182989235	6.47848653992	-2.54126245289	2.87865210968	-6.12331717974	-1.91175083185	0.327277944398	9.68877542333	7.21958205427	2.10345228904	2.63038482913	8.94569592688	5.68816795355	7.03169268772	6.87599398969	2.31282728366	2.78350898804	1.61773648494	1.94546231981	2.87140174671	9.56246544268	0.559099063802	3.52172452586	3.0319059602	3.14736236865	1.76868676603	852376.801611	True	
4.05645476854	-5.49412762401	-6.87316679154	-5.29872108666	3.46427278917	-2.49218257393	1.30360049643	3.08619836812	-7.51317547158	3.72746743182	-5.05838215719	7.90938282729	9.92387373931	-9.63641038847	-1.30089910421	6.6419722074	-2.49372998266	-7.03896820223	4.16954693556	8.52460961373	7.17990679934	2.31422318281	5.96650447579	4.33980111378	4.31989404708	0.411616295178	1.44097724427	9.72853054216	9.64244099057	3.24871314239	0.976826785728	6.82495364683	5.58282240362	2.51402250601	6.30448601778	5.22624463741	1.92983846158	8.26617571244	0.534323129353	7.54593321508	3.99641918494	1128116.76642	True	
5.19250371103	-4.17065195279	-6.33482396477	9.81027911742	-0.752204088861	0.934405801509	-5.31412124283	-5.60571145288	-3.37996480847	4.64670843857	-5.13057685297	1.26693859147	-7.01205207529	-7.57830263558	-0.469959648498	8.48760982653	-1.03713339627	-7.74893336922	-7.10571505283	8.8935843113	8.94336152563	7.52258663745	2.64524061619	0.276420106421	6.29896753495	6.42454806955	6.6827522862	0.860598867706	8.35605639164	3.29764594492	6.67989357014	8.06859976391	8.30523285642	1.18022226498	3.60368270066	1.45100881052	3.61814742144	4.27297922724	1.65102839353	6.94007392613	3.3875776908	715471.582637	True	
5.59629652592	0.634436261183	-8.72568438333	4.49001783849	1.00235065598	-3.6074440165	-7.24372038907	1.93057976248	-1.88364185864	-3.01359513851	-6.57520968576	0.465919143238	3.20426515199	-6.43594333474	-6.34387591901	3.65036708278	-0.853483486652	-5.45345107288	-3.89870610643	-2.88242327621	-4.40031793461	0.731326029651	1.86116565205	6.5150032285	9.64951020829	3.51668915706	4.1499760874	1.03524980097	8.59217344088	4.45336580356	6.93060012193	5.53737741494	1.99659236556	7.34925776713	4.96349293562	2.92981238734	9.20988468635	9.47907396478	6.07215931926	2.7688279776	6.31868969101	777385.240585	True	
4.49906684993	-7.12251762494	-9.10675311894	-2.33054720959	1.01997286686	-5.28042578952	8.32381144507	-2.54637476403	0.308301532385	-1.2517843033	9.81778407448	-3.34952461548	-9.28637965718	-7.86640122074	-8.82864426195	-7.05719646602	-8.13165648155	-7.93303174866	-1.44643881154	6.64809017326	1.18506354589	4.8502404436	7.07290787173	8.34292411268	8.44035035049	6.57509375824	1.38772047098	3.6472398308	7.93294938964	3.99964839086	6.4477540941	9.46022369339	2.96434096879	6.4353719872	0.631910910924	4.97069719114	2.7409926639	4.69821632902	3.93589445035	5.67523638298	6.00832846992	820473.634552	True	
4.37818777496	-4.59275314341	-6.69581428731	-2.4861052914	-2.43106090085	6.37801847109	-8.15837488182	-6.4591241069	6.49107194184	-4.37862363017	7.41036902941	4.3526679821	-8.3424368979	-1.61160861537	-3.99370020874	-6.05230877985	-0.779535156793	5.11037383487	5.53109284954	6.60104541096	7.93552154886	0.773091912308	6.44891745771	1.1657653178	2.16033766362	0.857933282491	7.96506490207	5.6171655447	9.04103199517	9.47797003651	5.91566244911	2.94864858394	5.8499523639	1.15984551677	2.31151860599	0.465672707435	7.81522528663	3.21669361991	4.1849585811	8.9983508052	2.3100595043	858163.401071	True	
4.70334043737	-8.98776618493	0.726696141888	-6.69059436111	-0.73553865743	9.56580781553	-6.56795596405	-0.899083324909	0.334251898579	-4.23058753771	0.538952735905	-9.61466373602	-5.66300298391	-9.268455692	-7.36687365354	4.16322911574	-9.54519563233	3.88768949436	9.2321914822	7.60456072326	-0.331682357818	5.95687272673	6.17004451441	8.81208427715	4.90433538622	1.72577361091	3.65336928111	0.0292304097857	0.997551345059	9.41638894963	8.71549415461	7.41926090674	6.6086052326	8.31779055365	2.12980885943	9.17054715842	8.33135115356	9.70568597158	0.932800796447	8.65428294181	6.26276892703	844629.943931	True	
4.12543681244	-7.15063414589	-8.31198600276	-7.52727032603	-4.08380319031	8.52179357214	-4.70355555694	6.40016886032	-8.22063830953	7.49652723466	3.75452064798	8.45173100862	1.47942658526	-4.07120846286	-5.15526738431	8.18710247491	9.67893201966	-0.871616010374	5.59802064613	-5.76489772965	8.74203677582	8.01072664488	5.6566047307	6.10848227226	8.6974693562	6.28013050507	9.14113121026	3.79351143471	7.25355434559	9.09132772758	4.6862123763	1.66399676753	8.25434879116	4.33281592101	2.2409053952	0.564913167488	6.14783955141	4.23329418952	4.93867312203	6.08001903031	1.07961745693	1044953.95518	True	
5.24115016273	-5.33771501868	0.466250393486	-1.65602410461	-3.8568341097	2.74371652403	7.38662747518	-3.104860817	-2.3291837141	-4.59082780779	3.42073077043	8.83672436337	4.14344960136	2.38749101329	-7.30164387659	4.56148838684	6.20514829482	2.99487376217	4.48576713393	-9.23424632855	-4.12943142156	2.25024007254	1.68858844137	8.08462479849	1.01589141279	4.17116600944	4.56901128962	2.92670992655	3.58099862592	3.96697126134	9.49792019712	6.04418890243	3.09878324525	3.08310077347	7.33864934573	5.83421288851	8.60172442136	2.53826342827	9.88569937487	3.7138580764	5.2514839525	308303.588015	True	
4.67205430624	-7.52282416299	-5.69399021579	-0.0841275197566	0.0869796743173	9.44980683994	3.83688748658	-4.44927268159	6.41029644209	5.68508680782	5.085996465	-0.842100941838	8.02268041509	7.03952143915	-4.20779259357	6.20992972475	2.85585755685	9.99394269924	2.30106662455	-5.86988898723	-9.28466950903	3.68171535208	1.60518985232	4.59044423279	5.14604343318	6.36994463105	4.25549703481	7.27919489708	4.44245865258	7.37351186264	3.56005394073	1.51961265166	2.02501436507	3.20995040909	8.72720461891	3.9756682281	5.80001069584	6.92422744316	3.47106683831	8.83210551055	2.9000222943	764817.408565	True	
4.94661676014	-1.49093344362	-8.438716656	-8.8671001571	2.34946981541	-2.6555707274	-9.16598751814	-7.95243412662	-0.890008476326	-5.29697505785	6.12205684882	-0.602850139299	-0.187388343299	3.57579977708	-4.60094758509	4.49897905996	3.64690966131	5.0794389222	5.28863976074	-2.18425244985	1.87728263077	3.78342355009	6.56929853627	3.60427946565	6.79661382814	0.17629912107	1.0799858634	7.4311755484	2.4492287638	4.27364532641	8.05151380087	7.66295259529	9.55539088799	5.07753878674	6.84082841649	6.41865607304	8.77822829808	2.91958974986	7.37296204842	6.30228060044	2.7368894139	854900.694816	True	
4.65321939458	-4.17102289092	-1.19364846113	-3.74758211513	-1.12011232778	3.80789628904	2.21268424015	-0.650688015615	-8.46220552309	-4.4450763374	0.127952207452	-6.77012912886	4.44376941212	6.92293020957	9.35904424834	5.98936248222	-8.23852821502	1.40765116827	6.41478696583	4.66163155868	2.82020213251	8.8359773883	3.4520066561	2.46077082981	5.72749215815	4.80108077552	6.99306038595	0.406757946022	4.99579558811	1.26611609366	8.5032857254	5.61046095239	8.5858706286	7.90202486466	7.81923444323	3.33514162078	9.64227945989	4.08843306862	8.72626230556	5.60680223134	5.66100790995	808878.432199	True	
7.98697636838	3.14643360207	-0.851078829196	-6.44900356031	-8.41907861511	7.56476699094	6.66482945486	6.96387118624	-9.28152389345	2.16826758631	6.33121586531	5.66850318787	6.26495398391	-9.24330966882	4.5276281785	5.73283398354	-5.10139216957	-6.53949995524	-3.1995245171	3.17566891827	-3.35702198304	1.27201988042	0.894968593218	1.32740110279	3.28666353967	1.46595234165	7.94791095192	6.72870234605	7.41115304777	4.4521624428	0.533911071243	5.79722438155	4.17568063958	4.81067825941	1.36127693691	1.02079669665	2.80894551763	3.99062586819	3.78602762082	1.84301239263	0.635035483419	831698.213993	True	
4.98940909011	0.0767724864499	-7.97812998941	-7.44186009703	-5.16144445906	-8.16695490837	-8.35946680655	6.38163476393	-6.33338135448	-3.51724330395	-1.2505915902	-0.169401205201	-9.52522011007	-3.32376409072	-8.79355602226	-4.17866034894	-4.3304756051	4.77427791525	-0.102307141124	-2.27070712646	4.78419795914	4.81925840467	2.49214474679	2.77314761223	4.90861472281	4.26217159569	4.75308675291	6.67092880656	0.558580487509	1.53356189692	8.3913526438	4.3853111374	2.39418480738	1.57142334228	5.99911700581	4.94328049657	6.8711539732	4.739816195	8.57148618312	3.58396464341	5.83072909257	848393.458089	True	
4.62968525794	-4.17894934072	-7.26029136409	-2.18400114647	-3.94637234737	-6.78143886492	1.07349293171	-7.7461871188	-5.48712438107	-3.40537646272	2.18902352045	-7.16335828448	-4.76030428227	-6.82166379034	-6.41115608114	8.19727215526	-9.25420401324	8.04929010765	-8.95977803638	-0.614896479484	2.61898034565	5.28554755504	2.5593017375	3.74325434287	4.94052221557	9.32763480614	1.81816181045	4.13226412449	5.54032418381	5.63838838944	7.41762978451	6.33356139442	7.03063985474	1.93150609587	1.95324494389	1.30919198507	7.79429177122	9.13250632151	5.64969804559	4.91067827971	3.17120589745	820548.090078	True	
5.42944784886	-7.18473279773	6.22185679535	0.518488605704	-8.04270841552	-4.3178306603	9.53077732213	-1.67205342399	-8.03181918139	4.98207699539	7.68173757425	3.7786628955	8.92815265733	-1.13256746694	3.54152451198	3.19028002188	7.15355232081	9.71614469652	-9.14268187008	5.95927063231	6.65983665034	1.8837316023	9.89826993069	0.89059984841	9.62311562768	8.62696171295	4.43536251219	8.2531969049	0.780465549956	9.80785254909	0.169567480624	0.750297992813	7.76618424466	5.27018378618	2.57619745766	2.09379154774	3.66348331821	1.91029571131	8.13828793987	6.25445478068	6.2160293621	779988.375927	True	
6.16538444481	1.14004622191	-4.85394104449	4.19247226966	-9.4684514279	-1.83581792161	0.729412344782	5.57348650466	7.83083246579	-3.57765465947	3.31520497205	-4.22806770835	6.9752738312	-0.924456672926	-2.31071976911	7.95247362619	-5.91431325873	3.3525944593	4.44306972192	2.53050671408	6.4665833851	4.35169210563	6.53200234685	3.79649814955	8.61027508065	3.43273331254	4.83567072723	1.36655601376	9.10020891081	9.7363109769	5.51442686338	7.38263391243	3.9427556111	4.18443458757	0.868871859406	2.67426594833	7.41886905056	5.69892460866	9.27427390359	6.0673960964	3.37546385403	819086.994067	True	
4.46402253584	-6.72507837233	-8.67957414265	-4.69751319273	-3.83084596829	-2.00261865591	6.53939007934	-1.58149710705	4.90279585652	-3.30839412189	3.56304162352	-1.48206020403	5.92551844502	-0.740251314502	5.441677756	3.49429540114	-2.84759579149	9.58833080245	8.59974775525	4.9174702753	8.36770206073	2.95370969983	3.06570413117	6.2067676237	4.84108817531	4.80321824407	8.64756332998	9.36746136877	1.65682085233	6.45385586496	8.26315354937	4.15840250454	6.19611886235	8.22374789269	6.41686439693	8.27140623536	6.14644719334	6.23657391358	3.70560229828	4.62534700046	7.54323343807	826710.587802	True	
4.61212812528	-6.99773242148	-2.71608191937	-0.913405694427	-2.876983121	1.25128255879	3.03241436002	-8.64187318473	-5.1081013503	-0.567875051312	4.45434170876	-9.0220943065	-4.51303803965	-2.2276636294	-2.66314438168	6.23480883784	-7.94523187546	-3.8961732631	-3.83788975725	7.91538416911	7.30949198273	3.71289703303	9.84481983297	2.33706362463	8.32664767576	2.47309301703	4.53421515731	9.41850508596	4.8828696413	5.01330936619	1.12842420736	7.83824975403	0.491334341316	4.49098736807	5.91975530774	8.14943407567	7.57251877558	1.23095464882	0.23907805145	9.18591238431	3.84201703193	821422.270034	True	
4.52819265695	-5.86541627953	-5.95552764241	-5.23849769764	-3.19338655348	9.4660810009	-9.81979391432	-6.63427218457	-4.85721533939	-8.53962044983	5.34868129691	-1.04717833907	-5.98596007794	-1.46023891433	-3.31614341599	7.78587764994	-2.61645122354	-8.35597438326	-9.74764793203	-9.01939864307	4.75481314719	2.00846980182	3.5381062729	8.40432992674	3.34160715988	3.93936197729	0.995497055389	3.54891074682	9.36089552732	4.52162128317	1.57720204648	5.59647659799	4.81882858325	7.39331335248	1.19216699585	1.47244314974	7.01341152642	1.18003977656	5.51528339686	8.6233590623	9.00959455439	817567.290988	True	
4.41373212718	-7.17705674653	-7.3898515053	7.36425467324	1.83210639368	3.69047779968	4.99180624122	-8.41897495248	-9.19898927898	-2.36183807868	8.58583390973	3.570424913	-5.34502313985	0.231958928431	-2.12285025801	9.54378216451	-9.44049298459	-2.87026412535	-0.193779407157	-6.6572176329	-0.0649948175036	4.83173430125	0.0664918883657	4.07517079842	2.14725466187	2.11561069911	1.8980301359	3.2450286991	2.52203593979	8.63578397898	8.43420330374	3.61694653559	2.50036594393	3.79381708855	2.63510320785	4.29698824784	0.0272711060175	1.01936463339	5.56952102409	0.64837640754	7.12269076293	872234.866114	True	
5.26931586853	0.117675503417	-9.59222337984	1.28922920748	-8.42238117834	-7.77164023778	-2.09762152753	-6.76885045448	2.68284473601	6.86861062653	7.57451616777	5.9626194816	2.10460314369	-6.78710861868	-8.27844776841	-2.48060641193	-1.59984184665	-3.12557561975	8.01039780556	-5.14147424686	0.737605140178	8.37239786395	0.97189053799	2.88725590957	9.31957474796	8.82952615178	2.84171124161	4.66464247752	4.7623480211	4.40441349544	2.23606590538	3.86567964724	6.59631464838	9.91587246085	7.13332733177	4.59591666856	8.47248318139	6.92846859227	3.39165449264	1.06828682375	6.70829941472	795750.428875	True	
4.7457147217	-6.78623918596	3.21781435554	-2.0042842979	1.40475531436	-1.26803058716	3.75252960902	-2.91856045961	0.137196934005	-1.01615237844	-2.81345528065	-0.889834125798	8.53917167177	-9.49611882916	3.11805560669	-1.56492139001	5.01238477802	-8.18832265745	4.82410498554	8.80402282186	-9.48298219546	8.64691258232	7.45104418387	4.16125412763	5.85930667741	9.14123210589	6.26805036217	4.69974413686	2.54200932736	0.616198258129	6.64497241245	9.32378529771	9.2380437553	2.33951501248	2.37141963525	5.92369882943	8.08569221524	2.08329283932	6.29317547077	1.98805517012	8.12793196148	537565.395486	True	
4.99715091454	-4.17505394237	-1.44532932386	4.27653354018	-0.843586726219	-3.2785541381	2.48772395581	-5.86997773918	2.67399272254	7.5207595031	-0.225141428036	-7.67020783875	-1.8821937365	0.33713361075	-0.230518470622	-1.06800515972	8.00841342328	4.44477959518	-6.56083787222	-0.714345242496	5.44553722037	7.77182493884	4.27712554284	6.21352689589	8.56949374878	9.94876965487	4.17488417978	8.57186713166	0.705128255947	4.67263160178	1.18959598899	4.04774840329	6.19164037908	1.83688243802	7.76269635651	7.48887542647	0.554474539044	6.54096388289	6.93036479087	5.04937759875	5.05561390203	509245.050236	False	
4.73499107803	-9.21667087296	0.159284932832	7.62613644413	-6.46621075438	-1.85375851868	1.56981342738	1.29937953604	-2.80836913832	5.67329778896	-3.99086781194	4.16426754764	-1.3312774833	3.98413749046	-9.43922124036	0.258370494854	-3.4987069295	-3.75824014814	0.596355127591	-2.31227328268	-0.978564349361	4.56055804025	6.71514336407	1.11975695258	3.42407348943	9.49665140138	8.32899110254	4.08514695812	3.00964034827	2.83826706866	5.25100308965	0.696981354678	7.230520592	2.09176695573	9.22249418544	4.43222533063	7.20078376969	0.621495088084	3.64140265601	7.20103706474	2.51429792232	667839.276082	False	
5.60005174012	-5.65364618332	0.21017096551	4.48019991985	-5.47265883492	-4.97076377944	9.5766753685	4.81999387284	-0.744797152122	0.87548260731	-2.44520670152	-3.65090424842	4.94316238404	2.18989467739	-6.81334096234	4.069990072	-4.65418365922	-9.27562974591	7.57877107123	-6.36507214124	-7.3602792849	6.38525004256	7.10355576477	0.717015007184	4.82116187712	3.39931276843	5.58078784171	5.60879915034	9.69797366122	9.28565520886	2.99158792086	6.76128707553	1.92058527605	1.59863336953	8.05763206437	7.55397378164	9.33108148293	2.51055931749	4.61157432241	6.5993156715	9.36724840027	626774.919505	False	
4.60269342493	-6.94166809652	-8.51760369899	9.42466852771	3.52628600431	9.95799005624	8.77254489151	7.94589478113	1.63726743827	-7.84866368661	-4.48027686915	1.05740301048	-6.7566914104	5.68038970539	-4.75789010858	-3.34073952414	-4.4701061828	-4.231579153	8.58497680056	3.83286190976	-4.72600621317	0.201632163259	9.7256954773	7.80419690015	5.60723582463	2.7034265473	1.805289921	0.0854703908033	3.75515892526	7.98784599119	7.80688952465	0.480111140354	5.99528305666	4.4454072019	8.89428090086	8.67350269944	2.222794208	2.06802167021	9.39325854727	6.97880729935	5.69455552486	813034.175567	True	
5.33416376044	0.493180032038	-7.46999268827	-8.86486064118	7.04712743051	1.66920237166	2.00699655664	1.06614176535	7.98892572218	0.416098657344	9.16368354312	0.480748399196	-6.85336550962	0.36415834952	-2.50712458067	3.31630624975	2.40770325659	-6.56818790134	9.74143970257	-7.16251430968	-4.16975628859	2.84274963278	0.636809592181	0.236913785703	5.69267244722	5.64871503678	3.86834052822	7.59373576636	1.15133990181	0.174457586673	7.32542507458	3.29648373668	1.48413831108	0.873183948675	2.93130033367	5.08495515031	2.59999679508	3.0220702173	8.43864443368	1.75652284708	6.56011955138	814403.528597	True	
4.91152907898	-7.22901616372	-1.08710495136	-4.25783581084	2.49669287138	4.29791526595	-3.50210919853	5.64233667881	-3.66764732602	-4.43889962714	7.22281512945	2.61440878598	-5.78788350176	0.119598693399	5.39815042836	9.49567658602	4.47734109938	-5.35964280034	2.4241004388	2.6656026882	-0.810855141098	6.42529547027	0.70375863812	5.49977600106	9.73453252813	6.54510701324	2.71116137072	6.21540708864	0.996358492834	4.97990643153	5.60702593463	4.17056309098	7.96335017934	3.61353668685	4.03202595052	0.889580659646	7.62778937276	2.02963790055	9.6934350963	5.70035896099	2.38112073368	636032.873484	True	
5.08719768479	-9.41814455518	6.59535563513	-9.97199897997	3.46733512213	9.23537352214	-5.41394624256	6.48455339557	-0.319785982618	-5.83672061539	-3.97140529769	2.99460340704	6.79021669216	4.74912160058	-2.80447798107	4.26258004567	-7.26924120057	-3.8623771203	6.59601630186	0.275100758802	-9.59606596345	3.8030526965	0.0332540944028	5.39310649323	4.72382024439	1.40349023141	9.05465463345	4.61337796899	7.2054257257	0.463834534321	0.956139832339	2.7199210251	8.33642145525	2.12122067432	9.2032922613	2.72187610119	2.81586945406	3.69685208857	9.56417036874	5.52542744907	1.60714735298	685996.944707	True	
4.44405834951	-9.14653913482	4.21495849851	-8.42562554427	1.67251584493	-1.2961270629	-7.32815465062	5.79150725077	-3.59301943129	-0.879040150766	-2.87819737396	-2.07674313773	-4.15122766167	9.39913146293	-7.74187580536	2.20027303505	-5.74967007724	-8.22884720361	2.13633656258	-6.38394887886	-0.287530879803	2.99504068585	1.69303577163	0.392617848006	5.7245198998	2.26483612028	7.56091464535	0.494369701034	8.28037540635	3.42218184493	1.49006300585	2.18803530016	7.30240426358	0.599960821256	3.03031639506	6.16040617001	2.65513977961	3.5254490672	6.01615972616	5.40292892673	2.84132544017	832065.211404	True	
5.42752189534	-2.30155545404	2.44228023982	-5.74710134665	-3.63793057791	-8.17052725189	-7.20979339025	-3.26968036328	1.89852433687	-3.9188411364	0.00318496516761	-6.3388837872	3.25810892054	-0.541744843436	-6.12712471628	-2.86055298412	-7.61243473602	-2.57883584688	6.07095754809	-3.36610218166	-0.835199515607	4.54137775713	4.65568608845	3.96591664251	6.24127603506	0.621211467335	3.9563024918	4.06431385196	7.628400654	1.76282401571	3.24159489111	1.65522574901	3.38467201597	3.66299626186	6.45315527325	2.60397665798	1.22121867973	5.88898001606	3.39662934446	0.843467220566	7.77510667373	861570.557135	True	
6.31894650224	-9.7023951351	7.92539380852	-4.30995704317	4.66479063789	-1.06209351671	3.24730542032	-7.48727179704	2.55681223408	-1.32715026933	6.80189807052	4.4081393508	5.45130898065	-0.989621228813	-1.61220790223	-6.92587961526	-3.66844909765	9.77675289768	9.87125354195	-6.15922568926	-4.12285011967	2.08519128017	4.672465637	8.77403520483	2.04601746297	1.73565914515	4.52991820009	3.58384549841	7.08044026217	7.56034707231	9.70699390774	6.27922528397	3.1775189182	6.79480908964	4.68862202991	7.51329245096	3.15032495589	2.62866319139	9.13239669131	4.75058078792	8.98050026253	914482.703361	True	
5.13265919177	-7.66368030194	3.45473566471	1.01888433333	-9.35539909602	0.58851019781	6.58270482312	0.657649357292	8.9562352921	9.40161811309	5.85573897836	3.49369146015	8.68264764839	1.27585667957	-8.31854804222	-9.22006743195	-6.2888209045	6.70035845165	0.698615909462	-8.81321726677	-8.86094950658	3.59655577912	1.32336543708	8.14238739816	9.22347973389	4.15412500716	8.65125112998	8.60790064466	8.31917695882	6.67932819978	1.8799113461	1.14201417887	1.01289329412	6.08701653777	1.48268069768	6.78038652669	0.883148196525	1.91028697978	5.65267328762	1.19738149844	5.95472098286	723629.57925	True	
4.36951520737	-7.99639817052	-2.24280463504	1.20715588989	4.7660674696	-6.48049965161	-2.02421543972	2.1843461429	4.18524829684	6.96769923858	-1.65179187271	4.93133102392	-1.91193658012	-3.64455133555	-3.27211509344	-6.49305534375	-7.48685496143	0.518730071	-0.286066806984	3.18084644857	-0.508643890844	8.88010628605	7.40241698034	6.84613767476	2.6765651279	9.55316914298	7.1409139445	6.41002684919	2.74908960277	3.36926086387	9.4050033335	8.73568243162	7.70359897003	1.99387690542	4.52352160427	4.68054760651	6.26556565384	0.185485097026	8.98158318398	4.9175613299	6.24922997241	720937.573676	True	
4.73993772052	-2.12035012701	-8.14718371539	-1.69617774249	5.04538266269	-9.72761286099	-0.098806987164	-5.38761916942	-9.21599122746	7.78014880089	-8.92687199534	1.4667214476	-2.50561597077	-4.9679258653	-6.51875943171	1.6940179785	-4.9663234095	4.54736165108	5.611720292	-1.64500919874	9.47913872944	5.55770956584	8.3290453342	6.87233830716	2.2721551628	5.00303683914	9.1874302821	5.64472012061	3.11254092968	7.69762607655	7.04977230859	2.40258146945	1.55790933688	8.36969968449	1.26499570344	9.33403101433	1.00714252948	2.02487468822	8.40019786083	2.64415047567	9.07711542844	813876.78959	True	
4.73638294977	-7.45822041065	-5.44579949192	-4.72281153356	2.74539158838	-4.22812484008	-2.4954438993	-6.37707201675	-7.63572872825	3.14822443045	-3.40169714067	5.12221905868	-8.85604212641	-4.99960193195	-4.66054164576	-1.10280643741	-3.07259122572	-5.53060653309	9.91972701805	-7.41443884926	9.30770215422	8.87793101262	7.22183800676	7.44191015597	1.64416498089	5.3303886078	6.32505953126	7.38386752634	4.62274960093	4.01807712783	1.84193801462	1.72703239829	0.561779621582	5.04339106987	0.621658301628	8.97282896148	9.3965781175	5.35561861199	9.75172266397	5.60613669256	8.45651195864	859964.145107	True	
4.86570691034	-4.97213773876	-8.77281114273	1.21108664565	1.69530943153	1.07072507334	-6.28132077372	-5.18547296677	-1.20561475714	-2.02961730516	4.54054161	1.48374939673	0.360743633291	-0.170777298279	-6.23288953277	5.13240819668	6.16943721325	-5.32561104041	0.452670233047	-6.21883467205	1.82439450693	8.63365373085	3.02792092961	6.52419431907	5.75075886045	9.69061157639	1.8939461688	6.54562220787	2.70434670334	1.77744218863	3.29961147204	0.422890586947	2.05453677144	6.70646572087	2.96619142377	2.19246795185	6.48588538292	6.72498777122	1.147593952	2.18164747274	8.98641264883	935757.714293	True	
5.60955614751	-0.924578632028	2.1604758145	-3.18979867403	-5.69694938761	7.52740662026	-6.46168527122	-5.74425560517	-7.67015813419	-3.42187425169	-0.145206133826	0.495128408638	-2.91341571991	0.96577439665	-6.00794153744	7.30289940022	8.33537259491	0.538529855338	-9.02314052915	2.09045658535	5.67556344298	9.30389844341	6.32698758277	5.68309175064	9.2569776006	6.2766119025	5.454591024	0.118478144153	8.13212094201	1.88734012556	3.55628910884	8.59805158552	2.48143676369	4.81352626754	3.00269212356	5.58018184289	5.79661418722	4.76992989911	6.80079652285	6.38017957316	5.50212934122	1136663.47395	True	
4.68299967889	-6.99137879447	3.47730660488	-7.57761434115	-8.80495925263	0.356627963313	2.25913330372	3.86018639155	-7.26007511863	3.37755796626	-2.8503594928	9.87050702185	-9.33886270531	7.84207594825	-4.25506451168	-0.51233059975	3.63142419477	-9.05555152538	-5.50018495207	1.4209318946	6.03396525522	6.0431535449	7.04021296237	0.716025026294	0.800339175836	5.19787517057	1.25448726619	1.00080909659	4.87356797005	5.51351489428	4.14376552713	5.28859226998	2.04947074779	4.99497252028	9.46152050352	5.12878126633	2.25807448089	7.97071507489	3.68297057752	6.28063014651	5.89007483737	826907.916223	True	
4.38638024015	-6.43016344362	2.48352549495	-3.58496590631	-6.84416556482	3.89765179788	-8.55193930905	9.73948225272	-8.98383691415	3.60792493382	-3.70291806863	-3.85509329542	-4.35684774503	7.70222826809	-3.54701465622	-5.56665183172	5.01319424452	-3.63113467594	-8.71371725873	-3.36289342547	4.91636393683	3.77080131959	3.29800702765	9.01487303432	9.8244923279	3.14305384826	4.01016544959	4.87669077972	4.09295752554	4.41443964396	8.92643864756	3.81901830702	7.24783706789	3.06815272025	4.98294618453	2.02455973001	9.59670462201	6.94706572632	5.02703026568	3.7384928011	1.13118618351	855329.57779	True	
4.80434488262	-9.2582007891	1.76904408438	-6.11526995425	3.33297781689	5.68436061181	-7.34859597311	-0.212519388099	-7.43064463396	3.21887359319	-7.47748541868	-8.63026770613	-7.78836404275	1.16709821864	-3.24493937992	-8.38996803862	-3.20812610214	5.64769258517	-8.49477983583	-0.567221477335	9.50763592139	8.67865644486	8.11932884627	6.28338974703	5.17666701447	7.7902814236	1.28204852202	1.5306248298	1.74366573803	3.18976066327	5.55565087081	5.79540906891	8.53662144224	9.21674290756	0.731546692578	4.76268812873	1.36192544411	5.05875748677	7.97640721896	3.86212084883	0.525786373593	889415.298033	True	
4.76302061115	-7.95840626552	-8.3745290724	-5.74467803897	2.68473736906	4.80918262253	-1.49378706538	-3.2070011202	-1.89896138691	9.19344051464	-9.35514683469	-7.27468392378	-5.17178844298	-3.56045995049	-0.938557710552	-1.96644155103	1.75377948057	3.09463713336	0.858723098214	6.22497572715	5.71324531347	7.14360278668	5.07556581466	2.43834821826	4.69184224749	5.75700283838	7.87883476317	7.48346374573	9.65583372731	9.71472243316	8.74114271828	4.12963745719	2.10785023663	1.66814480037	6.72778574722	2.4424437672	2.27944397502	4.22335094	6.46366547121	3.80676738463	9.9119749073	873360.829784	True	
5.61388252222	-5.646406103	5.02011559391	1.31688349973	-9.35838717022	-1.34382751837	-6.98841714299	-5.57891407745	9.89911313106	2.48549422415	-7.62787999612	-9.81820629151	2.32009106759	-1.37275684217	1.06361070712	2.39690401473	-1.30760331663	1.57281152281	-3.92303705768	-4.58897219952	8.13602397828	2.12360992248	3.20667546132	3.70630552899	0.169561474165	3.27010054503	1.73623441312	7.90875539932	0.428173709947	5.38162587516	9.38291716	7.61270698931	8.02531120783	2.54037373501	1.90215560801	6.74637133749	9.10381380694	3.61160680296	4.01546540609	3.67066320395	0.0711848712486	832965.140887	True	
4.77169836369	-8.55790191162	-2.60567104764	-1.76951926826	-7.67441862016	8.92062785938	-5.75621755178	-2.288013812	6.72529411188	2.66874520506	-8.40405981026	-9.13368958023	-1.4645334924	4.25782267055	5.03387763937	8.11944701426	-9.89772861926	-0.288792236887	-6.5658423667	-3.22668173877	9.8998051891	2.21279521773	2.66161897777	4.57298943676	0.378634725649	9.64085191438	5.40314513948	6.08681147636	3.23937238389	7.20329530398	5.45864535341	5.04334335864	5.13148178586	0.585311401333	8.73154820966	1.06687944129	7.9064173044	2.26550084546	7.38709679595	3.8192953287	4.1688140254	878046.112698	True	
5.14073262601	-0.19454719657	-4.1134175911	-5.87280154278	-3.21450978296	3.58198631483	2.43806677469	1.67217993289	4.93686239955	1.59222147579	1.04200549778	-3.82996274728	1.41816819404	6.59689422364	1.23378578475	7.47946258081	-6.75306867628	4.86595733502	9.21539574187	8.68853645272	2.35290776176	9.54648246426	6.7081079691	9.78753206581	1.52599152833	5.72642330139	6.27971397633	9.23365358878	4.89040210299	1.84484430468	3.54383646913	2.73079426637	7.33576414988	3.82396027467	5.51774898417	6.14652615155	4.53329300966	8.14768318429	2.5718504035	5.39253343191	4.90604205362	704296.218438	True	
7.47484226527	-6.57971434719	8.69443022276	-0.602965010368	-0.539315376666	-5.10421014873	0.630152776011	-1.68101858954	7.78824430729	-6.77057283489	3.6658039401	-9.33017201818	-0.0686835667207	7.48702150185	-5.63864828816	4.06029005158	-1.90653188624	-2.69219489818	2.18080523148	6.48605655331	8.6880754303	1.48623393674	0.638574285125	8.68464056221	5.46754544459	7.24180313316	3.11628220773	4.88258613891	4.96370781285	1.00078891285	6.75680328905	7.79794585508	0.0634094912626	7.05864454385	3.27898811369	2.80427352477	5.66443731193	7.4941661609	3.11496881965	9.93845295835	4.81185880681	535500.146073	True	
4.40448898564	-8.70381327005	-3.26107724671	-0.303594335345	-7.08894676231	-8.93639323921	-5.39064773161	9.96699524125	-0.0490496426017	-2.90644419701	7.02393925862	7.20623042203	-2.21023552678	-3.42512683485	1.60848375631	-6.16779565038	-9.81978001799	-0.758934390112	-1.25630276423	5.44296307549	3.32813362153	1.23336572262	8.06459759929	5.84081788273	2.34262738656	5.30434206769	9.63533880726	3.93257668169	3.14493871125	4.15343802329	3.24296687435	9.17028018746	2.4517102751	5.25690758684	3.1945143589	3.89057334152	8.30914092234	8.68506694579	7.17794884365	3.83043244021	7.04133571608	844110.928294	True	
5.02285797614	-6.85358312632	0.744504247042	5.64288071803	-5.02870568828	1.24290298484	0.573693072793	-2.42345774448	-4.70152830082	-9.52611514547	3.69286730905	4.66706411958	-1.30834190083	0.31335005082	1.6123750659	-6.18449159218	2.33610280321	-0.360050812462	0.127291355242	7.68048317891	-5.4314786889	9.18561932673	2.77935665192	0.278344371675	3.03689979518	1.57571859635	3.74234786057	4.45000109241	1.26698596583	6.92888010515	3.63066110045	0.4699473991	3.17125161892	2.68816301059	4.20158335081	8.56173738107	1.12808230486	8.99182711421	4.33776399063	8.0648029305	2.6655436819	769686.096165	True	
5.03929670228	-6.39609512308	-2.25602069247	8.61433861191	-2.1371788454	-1.00490197191	-1.7554433421	-0.686080695401	-1.37232843051	-4.69011662683	-2.19988280162	-0.524356098356	0.208224978586	9.84547089925	-1.81185820765	-4.81393760165	-0.299804449062	3.64819146741	-8.75372433556	7.74632861562	-8.12975418097	8.69827970509	7.42289332422	5.56801791281	6.05268933335	0.40498823167	7.48594737635	0.438131797202	3.73523574307	1.14442831602	6.08083913632	3.57968133359	8.1133475907	1.25486257145	7.06621965011	1.06742815254	6.55944999069	3.97235597699	3.91739860925	6.34034660483	6.8685130631	747372.262933	True	
5.55914928258	-5.4098690015	1.00648525576	0.122138629411	-0.653893886111	0.0198502640933	-6.0522487834	9.79148713466	5.48801308673	-4.09011819914	-5.54789704674	-3.87447400828	-1.33774042172	2.88855184671	-7.51294004664	0.569999852069	0.583437463326	1.20868714281	-0.0157490250341	3.18455085451	-1.10872399284	2.18635861221	4.6513558865	2.02197738039	7.64496461587	1.52705964205	2.01700570176	4.36157975591	1.664319748	4.6515052332	9.55544234667	9.52648685813	4.33512348632	1.00522556687	9.39024638517	1.35287432092	0.0601777544777	7.64713972521	3.77468711604	2.84670973959	8.9258163514	605743.164945	True	
5.14984199847	-8.32262784262	0.924026659587	6.84077235664	-7.83540761092	1.67862302391	-4.39378662182	7.7681686343	3.22430022131	2.30844319005	-8.52582336682	-9.63158058655	-8.09986381504	-1.3880202502	-1.69763173032	5.13309392926	7.58613008947	0.612171366383	-4.55286927664	8.04226450001	-8.81905131902	7.93719831154	1.5883419231	2.90667051444	4.58532330324	1.95763392885	8.6111917911	5.58120143302	5.37360659863	6.13682741019	7.63426516049	4.45293803649	8.45566856858	4.02869499506	4.98572605761	8.3641274581	2.23328750187	6.40323121904	4.25333627113	2.86588544313	2.07230809717	373993.86318	True	
4.61622434152	-1.32955986976	-4.26941129677	-7.58781940016	-7.38693303491	-3.25373326466	-6.95192602941	1.10929593515	-8.9339721597	-7.63455611263	-3.27062924278	-3.0643809368	-7.14758979906	-7.65311081756	-5.55543222674	1.69587611528	0.568376972213	-5.38701097363	-7.03769398861	7.49418126126	-9.40898253842	3.76436980165	9.02616571597	3.271298426	0.940319447822	5.55775934747	0.404893346133	4.13409586446	4.74844843251	5.51951934408	2.50692397511	5.09009934619	8.50280924223	9.12781198848	2.85476136772	7.187851045	3.09505754119	7.80373024681	8.24371256137	4.03851986578	1.73751898391	821511.811699	False	
4.71202976706	-1.13255665779	-5.9572661658	-7.44805310833	7.00411068904	1.71701051518	-3.71002260822	1.44740272099	2.01139497987	-7.42815751737	-9.46214706373	0.727823677752	-0.807252178039	-5.80312377906	-8.29589685607	-7.63068446489	-9.10160366558	-5.92057379744	-4.93861894816	-1.23514104156	-0.154147643948	2.96127872562	0.293387077037	5.51365146755	4.39130238283	6.0396496608	3.68661534332	4.76271840177	6.42880238426	4.66416205962	9.05155251517	0.253413522676	5.86231933574	5.36775804903	5.10891847837	7.97734295121	9.2931712237	5.23971484048	7.70909542743	7.96207114651	0.183025862293	801050.619402	True	
7.52775971945	2.58695566411	-4.32802568682	-7.99886715419	7.75651620847	1.77844703391	0.499365710602	0.10758158901	5.00857175033	-4.99210965915	-6.00244991039	-1.32093901937	-4.15742919514	-3.28296323052	-5.27049718673	0.864430791887	-7.16706940094	-8.73819154658	2.55175791524	0.256909227786	3.32480174663	0.813452607908	6.892712148	3.77791050495	5.12489165597	8.10070456234	4.17183675624	3.29073775009	6.26391631661	4.47420528666	4.93382278318	4.53295487308	5.1715083504	3.89612234632	5.65233187413	9.88173406975	6.79551245112	9.26274537692	4.39101027104	6.03939206032	0.284949628066	530317.359427	True	
8.75987971682	4.07610060995	-6.98366891365	4.06539399651	1.12982223978	-0.573107686628	-2.893132595	-3.34620380067	-0.120504031584	-3.52416816424	-5.09560226764	-9.75445956948	-2.42753730262	-8.94028918353	-4.94692311386	1.40945542871	-6.59892957327	-5.19776935444	4.61104259165	8.41929840615	2.91018879098	0.360835980757	3.78003788289	5.64994719426	1.37809487965	7.3177836193	0.25816576038	9.20706289409	8.36296338664	6.83188253283	6.47516995772	2.8739777765	8.04595795895	0.26501415715	5.47466349566	6.00462442582	7.25667139195	0.384583312866	3.29794176317	5.43808731416	4.1853171634	732353.753233	False	
6.24158521815	1.66458358293	-9.68666696024	-4.31567568201	1.10342268621	7.95854227882	0.449671018069	-9.29139106712	-0.38624201926	-9.11361851033	-9.35319075259	-7.75818827535	-3.21715668324	-9.56042620578	-2.77504860893	1.90150251902	-3.37711459876	-2.1654039446	9.13265786681	4.06429757082	-9.49049486553	3.39905908557	3.31662770313	4.0782831851	7.87348986137	1.95987829029	4.19425042339	2.13415720264	8.4716628574	7.61676914468	6.26001250794	1.14442580088	3.10460002441	8.11646924731	3.86260867464	9.25625747656	1.56981670926	9.60726572191	7.47184828147	7.10612748669	9.01626369042	950545.364467	True	
4.49975388041	-3.580113664	-5.7635175337	-4.89347284175	-3.31946023408	9.35332414482	8.0492678744	-0.645917543124	3.71767013756	8.96480959107	-8.06713916217	-3.49532975152	8.21832733641	-8.14841186312	-4.05018252322	2.24079543481	-1.80620219083	-6.47350784278	2.5467853362	8.7357987797	-5.74814537829	5.3866179764	4.51775917511	0.542540818321	1.12571430508	4.56419256436	4.01933276441	6.03427250645	7.64801417314	7.05595193785	5.98147554456	4.01857864932	4.14511352899	7.29869797856	9.51445435307	9.18757297182	0.88415094592	8.3995247681	6.32354436909	1.11282135981	2.62922852266	820126.652838	True	
5.16472943739	-2.16969769023	-4.83283574583	-0.0254959594643	-1.68845577596	7.80680799877	-1.15901343884	-6.05751956158	-5.10957877543	-2.16834981882	-9.03565340565	-0.609865500038	0.843021415853	-8.37575400579	-6.9164116252	6.49321394236	-9.31007621852	-6.33127099026	-2.33945810568	0.792472230819	-2.34447326575	0.671130443125	9.30490817462	0.798150211824	5.79865006784	5.79716329669	8.44346579746	7.09494485597	2.57358748486	8.49049759882	2.83436983075	9.69765416051	8.05993535889	9.277206745	1.67667187596	2.64988552707	2.47410619352	7.76518062047	5.65634266588	2.93488026752	7.80918146885	794634.028067	True	
4.86941592465	-8.53883668843	-5.72810741473	7.92711001581	-3.27943129092	6.11589717872	2.28666704916	-2.83910938284	2.5453866975	7.57124210376	-5.87536357961	2.07975327617	9.84886738121	-2.37956335292	-7.4402976289	3.90301716612	-8.20966842763	-5.22235395839	-3.62881924919	7.54833295446	-8.34379996033	1.95109405822	4.29035688325	1.74019535029	8.73555456984	6.92375466819	8.25997609523	3.15808504954	9.58074950364	1.64656278956	1.35181320403	1.41882895905	2.28651811921	9.03271246928	6.60613111053	6.98165909418	0.778603407614	2.98732185595	4.5333468841	1.70995261268	9.09692678524	826294.140326	True	
4.83408604715	-6.58591757727	0.34026840133	3.35427226221	-5.2530401814	7.15650930264	-1.25330393354	-1.97993285642	-6.4259681364	6.28842113024	2.98096499336	0.188928052169	2.96870309309	-0.795443109179	-7.79441968587	2.66112554795	0.358546583188	-3.6749977537	-2.31411427651	8.85192313529	-5.56607713704	6.67334189646	0.752732488535	7.67020179042	6.35614178905	6.91385868912	6.34576986397	1.77122359894	0.737986433214	1.93063105744	0.0158828741889	7.15416394696	2.83865914114	8.75410174612	2.73506264972	6.66166373549	5.70817920198	7.20507522539	0.673513641417	2.87201387526	2.1035100061	603519.597501	True	
5.52338295825	-7.11631835952	2.07623891969	4.3863270542	-6.82499386277	6.33566797845	-9.56323995828	8.01827626434	-5.61348622392	6.50097232715	-4.37514986821	4.49660706395	3.9174017102	-7.13733883077	-7.47708368152	-0.370327007114	-4.6346129297	-2.45828811338	-0.100678242053	7.02293590091	-1.97926222831	9.50445869875	6.13591909777	6.09606367415	5.79211930926	1.2779605776	5.11613126886	3.45916296072	7.53252332605	4.19371979544	9.00062682434	4.13860956236	0.954033305434	6.6324774397	3.86584801243	9.30472038098	2.76388425332	3.24197941032	1.51487063188	0.581234959288	1.74095844564	464890.525307	True	
5.70872569765	-9.51145299191	1.29721991006	8.23379083993	-5.89912208589	3.62947580413	-8.40225203283	9.92757097079	-2.63229238036	3.07350956198	-1.28075492961	5.55049942586	-2.92961249223	-8.91081355497	-9.52943069243	-7.3032699075	-2.43846231865	-3.46070368156	5.0226135697	7.86485333894	4.55643652509	1.90192297697	5.00571087615	1.97219623306	3.00379540649	6.05924144525	5.71890589868	4.82498422526	9.6895486953	6.99842907398	9.750603511	7.70006276374	0.32057993865	1.54947310873	0.176864141221	6.31880873867	1.49327486191	0.991634763687	1.16120374486	6.67965204795	4.69481465667	419734.569597	False	
5.36501731553	-0.305937244356	-5.79775998368	1.483415821	-6.85744640497	2.95085356573	-3.27432099672	7.2089423764	1.85179076775	4.95289504006	2.78879062273	1.23922503532	-1.43579338099	-3.61668100818	-9.27032777001	-1.36338014519	3.54829887471	7.603856843	4.69998539292	9.28107761952	3.5786361417	1.83772660374	6.68874164645	1.7996830312	7.63470240661	5.85460319797	3.68278336237	4.9803924726	8.22988275495	6.72235283885	9.44477441198	4.96399311236	2.51869565663	3.8713780932	7.03065166461	5.55814996563	3.66353349201	7.695155456	4.45593548251	3.76465343188	3.51375212212	564641.762218	True	
9.06241891415	4.57250679092	-8.21517950956	4.30291700272	-9.25083974481	-3.34672922355	7.23578178702	0.348524255562	-7.33651900777	1.83125387888	-8.83440604851	6.52157113734	0.467157619861	-9.07171603711	-6.42337186737	9.22545563345	2.0164941799	-0.128129385058	1.46704513064	-4.29445338366	-0.438867485947	0.356210048366	6.2876343617	1.83768624605	8.78185028053	6.1212595233	2.87117328016	4.77412928965	2.82420386193	9.18349508176	5.80962029672	7.01821223562	0.954663117018	0.0122797201567	8.62430058722	2.74822481811	0.839986892385	8.47778680114	7.67397844703	5.08719849656	1.86257713806	788538.841381	True	
7.82042465125	3.22209089918	-4.81013734531	0.359843195233	-9.87546827325	-2.49514707366	5.41054507596	5.33419789517	-7.18199255123	3.38040972597	-1.88958338987	8.74587981583	-0.688521989731	-5.8904685614	-3.97110596697	7.42629185854	-3.7615258856	-2.71958878703	3.22993488467	-7.85044511212	6.48872439271	0.891359089955	8.4284237546	7.00272290538	3.45539950298	4.40903444553	0.483569661896	4.48776012716	8.09389922292	8.8129919149	7.41468720269	7.29497157952	6.32871088462	8.73164973024	9.30107587525	8.43791064966	2.10294656625	4.33227215516	5.08133085713	6.9933257187	9.75679336723	799389.927763	True	
5.09761229715	-3.47959023118	2.27882811287	-1.47506645639	-4.20443653519	-1.84342644072	6.52746601691	-4.98238574601	-2.47815938477	2.61518971883	3.57262629096	4.84812088916	-8.20381999486	-1.50830506763	-9.08207135041	5.09373250984	1.82952463378	-7.72953526576	-2.78050619693	-5.79051516209	7.79537049747	5.24210542525	1.95441544247	7.09900735625	6.53033407087	7.68592119413	7.90242982496	4.61690116149	9.10461018368	5.80558691388	4.70519489397	3.10765072082	2.8220293675	8.72811826381	6.33575651211	2.29180751991	1.05853747529	7.83956001681	8.36090773074	8.80027138549	3.99498352076	267774.555639	True	
4.553536622	-2.08995935229	-0.297352059163	-3.17223004312	-9.38239638666	3.22026506322	8.42252580342	-8.21046814612	-2.55944520856	9.62430016135	-5.57594774858	4.36570248283	-7.78688355457	-4.57989909582	-3.86929824275	-6.87330848132	1.50244682445	-4.62798260451	-9.55540563327	-3.70229410289	7.48678315909	4.13929382893	1.39259832589	1.65739687918	6.5810795626	7.16618749464	5.8675701722	6.47914095889	7.50427713141	5.55896483909	9.2364128452	9.02016745449	7.95238512006	4.46729393674	8.34163663142	3.90003564883	6.24716882201	5.51591847352	3.08200888506	6.72038789238	0.689531202102	819907.627088	True	
4.94675736076	-2.57616714954	-9.03942906723	-1.00747334346	1.84831891613	3.60037765254	5.62284384633	5.15875300009	-7.20621337912	8.70467340785	2.72737551862	8.18770944285	-4.95381467813	3.77620550356	-3.91397118334	-9.30796497855	-4.53159194719	-7.0936239585	3.04237601885	-9.58707216095	1.17159143509	8.00200615217	5.27383247525	7.87255836451	6.84068490932	0.227277281981	7.40549988095	5.48149233623	0.411917699631	7.56416280876	8.07788819751	8.67848091148	6.46245462539	4.46035816444	1.19144704328	9.30846634973	3.74783942377	1.47980698546	4.92850863912	8.46589609571	0.38412011124	693334.328046	True	
5.20140758151	-0.609816376727	-2.24916399102	0.0930841432997	-3.34086020389	-0.784726695957	3.21565868787	1.26705397745	-7.60128371626	5.43781785621	2.77083844136	3.42708319393	-9.11180521029	-1.71597242872	0.241030561233	-1.45207377307	2.36812148109	-0.402716115447	6.17223901659	-7.13552608658	-1.40479299736	8.03633445811	0.243807707549	8.86991151838	7.50183184457	2.94522074747	7.72612601817	6.8163931702	6.19291891105	7.83643124362	4.6255019094	7.3199908291	8.9356877901	7.54221523107	2.78518880279	8.14280059841	2.98283330521	0.701723844817	8.48120080312	9.26119314119	1.60538334989	327260.713563	True	
4.66466119049	-4.48086881832	-3.36651279721	4.92197761126	-8.38297822898	1.73007313699	2.15471507753	2.22361162262	1.12855639525	-0.641138407627	3.16995646868	1.81369172743	-5.39217923734	0.997488013912	-1.80113851029	1.29700692337	3.51276701884	-8.26137656941	3.27442216735	-1.30828156324	1.01910163102	8.12798226366	3.14728330511	2.26648689955	6.75064379429	5.22129266018	4.5450636825	5.81258384676	6.96039843476	5.75591000833	3.00551048313	7.03570614209	0.103123916144	2.01451998418	0.894135163994	9.14942213788	6.96108462919	2.17146930096	9.35083002093	8.95124631806	1.70086589066	406714.33559	True	
5.05701327936	-3.57194131437	-1.905846253	-3.60858794951	-3.30557830218	2.2967191764	1.2330325169	1.64368845658	9.03814837778	3.62422618736	8.40422504655	2.73923952713	-2.85249440839	2.53214043054	-3.03040553743	0.169056753921	4.99682421632	-8.51823299307	5.95967040255	0.461155113864	-2.58032825796	3.70368053335	2.94962002954	6.93841719298	0.45826834133	7.19487312777	8.78386999785	6.48581757715	8.41766968685	9.07011987361	0.90234388056	2.51076389964	1.78194785765	0.115257878018	2.71484780917	4.72094538037	9.10235111565	4.48804413956	7.28991882285	4.73817996881	7.07274810526	593195.079189	False	
4.78595537476	-5.51655726629	-5.96759758606	-6.97098500157	-3.33030315693	1.37317458542	-2.99161233469	7.79392659648	6.46330446514	1.50812680608	5.41083268019	6.26483236038	-7.56835845886	3.90702249615	-0.0609363086355	0.135418742332	5.07837689613	-8.75080889117	2.90303055046	-2.12286173361	-9.02255134535	2.26074815095	6.65387071548	5.42595463646	1.46624775803	9.13689379818	5.0232575906	6.35367760979	6.58395117763	9.41637946895	0.17638088755	5.01048462336	3.73637724305	3.17106938627	4.49151519315	7.5851495766	5.86485066808	9.91729613595	5.15554159781	5.92063006876	6.35656649827	883800.484564	True	
4.51096376137	-3.15976994884	-4.21497453656	-5.37505278362	-7.04687573163	-6.22935758906	-0.794527682427	7.48620471519	8.78474450855	3.80711920918	3.58186367455	1.92511360968	-8.78913846984	7.98112115996	-6.25819287548	3.943223036	1.36959212518	3.78413392703	9.29070731898	-1.91629139832	-6.19895018316	0.752222298425	2.252832372	1.70565144052	1.98594856047	5.03552327463	0.364178253408	0.0411851835296	6.01038410483	6.12648913544	8.80090967432	9.52509362454	7.27957473966	2.54304713717	1.72438445003	4.02295409281	8.267629655	2.98762404953	3.55982066518	3.92886550635	5.81892727919	822369.676283	True	
4.98087716541	-1.52264410757	-7.3200665103	-9.13960026804	-8.51661426779	-8.77950757019	-4.60688793247	0.330214130791	-0.042073788486	3.46152733197	-0.348151654013	2.32414695391	-3.50257540036	-1.19641147151	-6.03028323261	3.76828821241	-6.24601516227	-1.47995069682	-2.66802952703	-0.835446832812	-3.05594007292	5.10285573053	0.979070850068	0.962009873147	3.30889239354	8.56352276032	2.97847252082	4.72012947207	8.64594248538	0.327282826197	9.89052837696	8.91233603952	7.23235354087	1.66403879487	5.81915265472	7.22090618677	7.16212496236	2.72641290826	6.23064432078	3.69614228982	6.01024055466	878454.228809	True	
4.52872395118	-1.67566266521	-9.74526793116	-8.52457695373	0.201229706312	-4.46509046569	-1.29922911777	-2.2586546391	-3.68159049068	5.45910686959	-7.04704831236	4.28128458028	-0.988468821871	-5.87202125085	-3.24279136066	6.70068355558	1.08818301211	4.91857026648	4.67558034939	-0.540508322037	-7.8501622958	1.38886873037	1.48521586234	7.32905433293	9.09216818232	5.01955349051	3.59639955677	6.92885270211	4.02442796779	1.05300160676	8.42898758306	3.13136835723	1.07348886742	0.781047808656	2.53436362689	1.40743433703	7.20710238581	0.475258455157	9.54161279956	3.84725134463	1.5919193443	843868.826559	True	
4.39396612902	-5.62170903879	-8.17839364287	-8.29041856052	2.68007155305	1.60923160552	2.23559159384	-4.91647256717	2.59766419866	8.35322239232	-8.26354916853	7.7492799504	1.9470215478	-1.31479995028	-8.95163370837	8.27832071779	-7.55648125933	-1.28759021355	-0.88506560971	-7.11243270434	-0.412787537707	1.5957723131	6.15010774307	1.79739406017	0.562934580104	9.41293442959	1.35494414428	8.76430876147	0.483410278035	2.35085084302	6.26708149708	0.507802725761	0.554772625359	0.91423825241	5.90988532016	2.0313814465	5.50612033308	3.88305338315	3.44819416345	1.96973241559	2.17285422161	848991.297684	True	
4.61858997316	-8.23381961108	-7.33896369862	5.73172122836	9.01509347707	3.06637040766	2.88428463789	2.40264902456	4.20743831266	7.49076298017	-8.45711079768	5.93711645047	-2.73594595221	-1.06629069829	-0.171056051322	1.88573418235	-9.21611673611	1.47424161971	-2.0425616426	-7.88545460136	-4.7615676833	5.55677620563	3.31011531446	0.217453320441	3.54202570932	7.74540792414	5.10480238812	2.14714613406	1.6282624877	5.66387736089	0.526124539456	0.50018769739	7.49058493848	4.64936248179	3.17871012195	2.01931348805	3.64605668334	1.22976975837	4.88957956617	9.3983064799	0.815644156153	811371.692462	True	
4.75221003499	-6.80546415241	-6.84823556279	3.19599082232	4.20825523654	8.26128608283	8.04626920617	9.39500180348	3.91237192181	0.897514071837	-9.85710563687	6.95476528143	-6.73855308949	1.94045914034	1.67936488279	8.14514953196	-6.77414182574	-2.06154484247	0.114416690846	-8.34313061997	1.26608187343	6.96022294905	5.65187315149	0.347373976904	8.30214185458	8.22225333581	3.79878980365	6.26672428962	8.94958548426	2.39460167773	9.54156546324	9.40569452112	5.04015560063	4.58912612101	3.11054875816	5.39249053687	4.19937252984	6.0964871458	8.41823928441	8.80599211137	3.57818135182	764936.515078	True	
5.58111651162	-2.42025062322	-9.51413966883	8.2533841403	-0.373968783151	7.04770242872	9.24041935621	5.03505364271	-3.82189589595	-4.13680385572	-6.87986670412	4.14944135941	-6.29343155812	8.65690145006	-4.33865259308	8.7909326254	1.67231833064	-1.31053085603	-2.45968478913	-2.33789047256	-2.31151775218	8.22138165085	4.79439881121	9.74062336582	0.0634544888047	6.36992549224	0.43500804958	3.94907649506	6.18506472779	5.17101627955	3.00900604856	6.79556432859	3.83094200341	6.65878215033	2.97364209262	8.89791210562	3.70294493274	4.38666593456	6.16892764296	1.97097992499	7.37974174594	868256.003794	True	
5.07353119946	-1.10693570236	-9.71612669284	3.21318997167	0.0757868672264	-1.72392003759	4.21622760951	2.75353284211	-4.59075803438	-5.3355632025	-9.87072116353	8.63296416652	-8.72279290316	5.16387935854	-0.183432605874	4.34839001689	-0.821499480003	0.38765144662	3.30689397729	-7.04991376656	9.30588925009	4.91568819561	2.48789955161	9.43558066098	4.10857634643	1.58025719719	3.25738706525	9.46755632697	0.676600901622	5.37801485914	9.38569459796	6.28568907804	4.88276864485	4.55832349957	0.642125154223	0.389059656235	8.3952363558	7.79441084512	9.67505429846	6.03395725919	1.8325492235	818958.414325	True	
5.05998026223	-5.2282960557	-5.94839048303	0.25394406088	1.47042049797	1.07177866197	3.36671364169	5.42510869047	-2.90864988884	-7.12790835952	-9.01252669288	6.1506100641	-7.38883103802	2.557044211	-8.46786749757	-2.91824812894	9.48653089855	-1.28629526538	5.6659425476	-7.52613330679	-0.144842329251	7.13615802924	2.78692606169	5.86888659831	0.164578515008	1.91513863944	1.33106844166	7.47876155008	0.672055614546	9.08916030564	4.57267268815	1.32599474588	7.28170280321	1.24013727843	2.46811183464	9.29870404549	3.02053345606	4.49452595083	3.1794911131	1.11572079066	3.84831333692	614079.773636	True	
4.81418428835	-1.14437670112	-6.6078502961	-5.49596434236	2.25543970026	3.77045170528	6.43618646063	-7.60906337987	-2.14663588358	5.6496630292	-2.1086415846	4.91905349654	-1.95437634383	-1.62639064877	-3.75431761308	-7.79849957078	-0.00248245875666	-0.17906403767	-2.43424197276	-7.02412371641	2.20643503673	9.53839662654	1.61687870347	9.0746184866	7.55621262912	5.97548679594	4.19347726898	2.76554635742	5.59875455381	9.11888330798	7.98174605326	1.224811537	3.02828788054	2.49950730954	4.84103208608	4.49814268981	9.61106592032	9.0380830643	3.2903130189	6.92731741814	7.7660919143	700501.000353	True	
4.6344636714	-3.04875380285	-6.23885960476	-7.13842258318	1.81050661795	4.11740220488	6.28655300518	-5.40358668938	-6.37779493437	8.39497316935	-6.78931439098	6.47387587584	-5.95117491968	-4.54366253256	-1.24475286972	-8.80709582392	7.93831910109	1.68360726668	-6.65460386067	-1.12510790263	1.0746796925	9.0420506344	6.20749550338	7.0076226006	3.26868794471	0.132149470974	8.23075252798	6.43782449938	8.67493007564	1.4857091805	4.0572031816	9.15274766547	3.1633611295	0.994200977683	9.27058561089	0.598234172583	2.07592469753	9.00183921121	8.21875905224	5.11255685983	6.46327936802	808675.38107	True	
4.45992677377	-8.05361755773	0.338298031754	-9.6080880936	7.2694986287	9.61362364395	9.82075688276	-6.80221788808	-7.72998098356	9.69779711898	-0.0247888519359	5.56872178053	-4.45842687356	-1.86315746381	0.375288806866	-9.259901335	6.64458491258	5.19425932473	-4.14055401685	-9.91325688536	3.72586783674	7.45192836806	3.52165237283	4.15377070151	5.66964995612	4.88864799757	5.79754575152	1.71011404245	6.12632103204	6.99024280994	4.21465162977	8.69964429924	0.103580776062	5.34524421979	5.25225515131	2.77721665688	7.74186470585	8.49650593154	2.83905873283	3.74113593607	0.28717606069	826629.422185	True	
4.6631375706	-8.81449085579	-0.790201347815	-2.68788860018	1.88171593642	9.07200297046	9.10876034142	-5.84003823033	-8.44840813638	7.55535208498	-5.64217460858	4.76396619636	8.95363171658	2.32799614311	-1.28259949349	-5.75257096781	7.91094257981	1.3349579186	5.33220961854	-4.57368638032	7.46914352642	6.07130971958	1.25095509103	5.96970430096	7.88038421378	2.22509685644	3.73915708489	0.95336756374	9.43171074534	4.75989195475	3.97229671567	8.64958891469	6.42743556529	1.63089258079	6.01222905007	7.35057736274	6.72424482766	5.23032655076	7.5206658811	9.1674364251	1.56246100585	859962.447845	True	
6.27735108716	1.77278591642	-3.39426978782	-7.40969291288	-3.17868907852	3.85430315712	6.3602987937	1.23563423208	-5.43970799499	3.31754485399	-7.82282740581	-0.688116809449	9.81386106895	3.00119573589	-7.53485113532	-4.35495911582	4.77414223581	-2.50193339156	0.0974759934389	-1.37402290742	9.51597625514	9.31387181264	2.01943990282	3.17399862994	9.41526141321	1.72523533873	5.29389907065	1.66903533775	5.96971328954	8.91937445214	2.89166942212	8.65240887625	8.01354671652	1.51051502856	8.17080741112	2.39174467789	8.83244308246	6.24403955231	5.01558257304	7.33377617175	5.14674180219	1009432.94132	True	
4.67984263436	-4.00520769824	-6.56586312965	-8.0379290441	-0.394687408639	-0.768986211184	4.88841317954	2.40629520359	-1.24104685316	3.61416381562	-1.8019054819	-4.21531037214	1.00336214604	-3.56946982861	2.55518862935	-2.0544840988	-2.18505124236	-4.14097005762	-2.37356591633	5.23391190826	9.4681543508	9.47591749077	1.980531651	0.318255418456	6.75550634926	0.775763922557	1.36004232755	2.71186943671	6.0554219119	6.65855894375	7.24263921664	5.8487517089	8.52326147743	4.9571299646	5.1714206108	9.49078973849	9.17172676559	2.44830802223	8.77546779465	7.43689683657	8.73268216909	830863.948764	True	
5.54384499148	-4.52819226336	-2.44536684449	-4.65335919603	6.61884928982	9.19438867406	-0.246517421291	9.84253358462	-2.23526775172	6.85936990964	-7.3975226115	-9.18009602406	-4.24658910862	-4.08429861419	-2.85535254587	-2.51811125695	-7.69623962166	-5.00203139226	-1.30824325027	7.38332884695	9.50801891628	9.91301418241	0.346692712362	8.68037728621	8.16302024211	4.84920768667	8.99080104298	7.75275657943	5.02628333292	3.23213520627	7.72516970757	5.98584774523	3.38660410716	9.36938276678	2.27182232878	7.54268441713	9.32069553471	1.49498397247	8.38298662041	3.7968047067	2.61410623681	789525.423932	True	
5.48179981235	-2.34011236673	-2.75646145807	-4.82077337033	-1.29597464718	7.90217690836	-4.77211692219	8.7112062329	6.01726732832	7.43384001716	1.01488193386	-9.79914253236	-7.90361985901	-7.176295964	-1.33300936604	5.96598336803	1.48763530755	3.54748962714	-8.01497000262	-2.53366781648	8.18589370723	8.61259809115	6.66128046338	2.59197282258	1.62123983431	6.16995667578	4.28503638682	6.90245951952	4.06943557024	9.93782342793	3.85384665694	8.96305665568	4.65444092617	7.4699967603	6.34802159435	0.795048452091	3.79367298252	4.11062368452	7.5831093382	0.993471474889	0.442301885478	664241.208926	True	
5.19408769868	-1.30102157505	1.10685407343	-9.61912591949	2.0045769589	6.88166296097	-3.89492019775	-2.80976884897	1.47579292332	5.57178842113	1.44117405042	-2.7503227455	-8.12720015142	0.55300466544	4.47906890043	-2.39838967905	0.395241386924	-8.99640089357	-1.68703361299	4.51732169462	4.90970402433	8.7439837313	1.39430132561	7.65268357113	7.42580106112	8.73237382551	6.3333596273	7.88093150313	0.686398905766	7.15095409996	8.74115752543	5.44633160071	3.95318815763	5.6897248132	3.09730618365	6.14250010125	5.15639655688	0.629099367169	5.3227831089	0.0417496496338	2.41146625594	503020.107406	True	
5.00162059687	-5.13100453728	-2.21087380641	-3.7867964706	5.04326288848	3.10837539254	0.0240841916862	1.34036797071	-3.28471623446	3.55124472933	4.46622702422	-2.3706959355	-8.65908805755	4.0707666149	6.08652700541	8.71022269323	2.66922895486	-7.30189440424	-0.171479688211	8.93232397313	6.71997098891	9.83734625994	0.392211842285	5.02347343524	5.61653192991	6.66087105895	3.05115840161	7.24936064654	6.52153562928	8.48211345638	7.03336512804	8.9606599213	8.65052798793	0.74643137649	9.02975444548	2.85171539696	0.43001729187	8.05323507624	1.09299839103	2.51406319316	0.739567020316	392183.485631	True	
4.28651293199	-4.38096956812	1.36535560039	-4.59561248794	2.3033420901	2.07057051547	0.45638644469	-4.12037699224	-5.78168933456	5.12888010085	1.645646324	-7.9453892056	-8.52589371061	6.67653671567	5.38544980778	7.52471872478	0.542466574559	-7.19955005473	-9.75433167009	8.78342976787	3.79858687332	7.5040950537	3.48823291626	5.46871700017	2.84305111882	9.14413984654	8.02684971327	8.33837971374	4.4709482299	9.08210324857	3.15711810045	3.47415300928	9.12861129668	1.27265402822	6.93084797671	0.897316895259	2.50944039844	5.00746310126	3.36982805567	2.16519233936	3.16191038057	926307.196253	True	
5.1880372624	-6.41605980979	2.0679014656	-2.50292039815	1.19112465643	-1.85500118739	-1.01481544972	2.91790097174	-2.45792355695	6.83348841245	2.79385990196	-8.18230899416	-5.21825875326	7.44775358356	5.83948899323	9.08543388517	3.8435471159	-6.75313870263	-8.77114437603	-0.745839634918	3.79809960908	2.17621876859	6.79728534359	6.24187523634	2.32693191508	2.33105437265	5.41931439023	9.10682352585	6.40174667819	9.45666113157	2.64894170645	3.90997105597	1.4171242987	3.99404053018	8.48999302263	2.72618777266	5.23965647777	2.97142919492	7.48134722788	4.98324672453	6.093089204	289220.010968	True	
5.43405674721	-7.27279429419	5.633284774	-3.67573314436	4.04962645495	-4.12997227138	2.05871207707	-1.49091961081	-2.19605952934	2.72994090315	5.08373513222	-1.47731660879	-9.91085712607	8.44922070824	0.99237085114	8.38683896446	8.5499151233	-6.55535130147	-8.44475791271	3.63886304369	7.50515026394	2.04936186412	2.42747002653	4.65992544495	7.29914944449	5.82512116409	7.84839293419	8.01879760159	3.4433580948	5.42711761578	3.61417392012	1.18881316438	1.29573080879	3.37193328555	3.92798816587	6.05303166947	3.2487514593	2.77366943473	9.1332848276	0.393444017348	7.60028007546	230625.45097	True	
4.898582828	-9.10740323195	7.50863415882	-7.70253727089	5.55920987743	-8.07151411403	3.16178183417	-1.46443566513	-0.301075386994	1.76973179811	7.1860779056	-2.34546524449	-5.95243643438	4.74779952003	-0.0465636351802	6.43878927777	7.3160370381	-7.20384894434	-1.52393704332	6.28782845835	8.5080782278	1.78141784597	9.37671440597	6.75582974715	2.10445712804	3.55007392707	6.24832718836	8.49441185265	4.75804529829	9.31792296683	4.25176346382	0.786844864799	4.17660107596	6.01405870092	9.61681330723	3.46258159756	1.10290922607	4.6595868314	8.11797040122	4.62062514295	4.31835657671	501731.783272	False	
5.16579859585	-1.5844863102	-0.883476167767	-8.28184763519	8.84182396045	-6.52384435818	0.612437617865	6.07185805187	0.00589575329525	-5.73108244026	9.26229585426	-0.811864367922	-7.7531306917	6.04308205718	-1.10627199251	4.95159091835	5.77054153964	-3.23954210832	9.54125246145	-0.0706989605464	9.64310480157	4.42417193359	5.11266318459	7.66054473542	9.17459719177	6.12277057513	6.88080098275	9.22449804208	7.50261855788	5.28128518876	8.69592829827	7.49026784339	8.25469090098	8.84065979547	8.53630736018	3.49792513397	4.02869100549	3.8174292837	0.768926482782	6.08732860126	2.68346862691	226847.743694	True	
5.54797382558	-0.16283875178	-2.26831477063	-6.23105261632	5.57894582922	-6.55978616183	2.13762470216	6.95476344763	-1.65906795882	-5.74979732727	9.74432879547	-1.86545739923	-4.68382297101	8.82132816135	3.45950252379	5.65162187393	6.22886586243	-7.99025210683	4.84764046142	-5.23862880896	8.62499473502	9.42960063785	5.79689687891	5.16376127095	9.6363535104	4.34008877953	6.5271538434	4.98860603326	5.12296973698	5.98869779467	6.70899037392	2.85850567369	9.20889457968	8.22349397152	5.45021243575	5.17400156765	2.1972091419	6.09236289751	8.64759285824	2.76930413912	4.00665966197	322954.098409	True	
5.77481988292	0.398186169396	-1.47912267369	-7.77687037243	2.22374257265	-1.85035713131	3.87383208615	4.2897179801	-1.01021304205	-4.10562362492	5.45348530601	-2.63627794788	-6.80310810935	8.30374043313	2.6348239069	2.84475243008	9.39648924555	-2.30582816659	5.14194518164	2.69330421291	-7.39235939445	9.45022895407	3.00715942763	6.47568204439	9.97059567941	9.19311921006	8.49113264198	3.58362471744	4.25052168359	9.35039664406	3.45328198611	5.60417270859	7.7335871372	8.62717105433	5.9193418073	0.56678002348	4.21262755615	3.90010907787	5.47897910298	7.01520708079	9.43017192766	328074.435023	True	
4.72535298175	-5.02309991225	-0.142979495172	-7.1728317709	0.521346608113	6.96252776804	1.86865638587	5.57002756533	-4.31949433786	-5.55276370823	5.45790283318	-5.28804875815	-5.57909132453	-4.43243683878	4.45323378051	3.26501843172	5.82923575046	-1.02305257213	7.02444688751	9.9541373691	-4.2540572186	6.89845814667	7.52056225823	6.62424499651	8.91686835145	2.58636265909	6.74574425815	5.01672761983	7.05266890665	9.2674646861	1.65407485375	7.74637763441	7.04414355031	9.03433363513	5.62658907712	8.75231482585	4.94246399566	2.8918793001	5.60504675478	6.6077596541	9.57693601827	595651.078527	True	
5.34399795256	-3.92032188244	-1.21499908732	-7.02505223581	4.23063034674	9.36594648288	-0.122834892833	6.53659486329	-8.41315220964	-9.33119603967	5.00527087234	-9.66640359326	-3.63243566373	0.554723171714	6.2951988034	-2.04480907999	7.54402604294	-2.64485600469	6.61532643609	2.57262230952	-0.671943527311	7.31588966592	8.92915637767	5.80495022448	6.37307634152	5.28696783499	7.7245068898	9.17766462657	9.04591452951	8.05865631107	4.9907031084	7.11885212856	2.44098160364	9.46182252336	7.31275550849	0.93186821137	4.2550767998	3.70194603106	3.30233399519	6.57470936133	9.21245898651	733642.805002	True	
5.22393097128	-3.94242276065	0.340379128955	-7.79193213008	4.0420934124	6.04446837502	-0.664222048277	3.00811146126	-7.94566136109	-6.79936621136	5.24848426717	-0.836516484963	-5.24568613125	-6.86592595936	2.13967544393	-8.78528145492	9.2562343386	-5.73073442641	8.28928716961	3.91883346547	-2.52335968315	0.740826796245	8.3787806855	4.96988796445	8.04315220935	9.56629888274	7.80098783962	3.22730282758	4.42254754055	8.78554482281	2.95826991379	9.72299461864	4.64526225077	6.07960049685	8.46130247926	8.10003307384	7.15741419271	0.643437411561	5.63451316791	9.1965008772	4.42744502118	552160.221125	True	
5.01522086267	-4.00479941575	-0.923796960758	-6.18982260931	1.75318747333	4.24817015701	1.2156636614	5.02891727083	-6.45148262473	-2.75853071908	8.18627553874	1.59005589989	-6.30788831132	4.20262233465	4.77951857351	-1.3452808434	9.9337850291	-6.33296095241	4.40521051926	9.63286442554	-3.59689561165	3.54508163625	4.02049396207	4.97202786216	5.55988560754	6.03781503894	5.34045226106	6.70353124683	9.28011677253	7.59820439557	1.71833590459	8.92379189346	6.8115711436	4.60822354924	8.49015152725	1.8498507295	1.17348712179	5.43302585368	4.41791783021	4.64839878502	4.49233598635	416243.727102	True	
4.72112436349	-5.20298628639	-2.81370541792	-4.43067145422	3.6156732125	3.33838291987	3.08139683184	5.25181003871	-9.74679809467	-7.02897961392	7.19124068986	-0.9226332628	-3.39923601793	4.73281078773	6.31436652818	0.379130386679	8.99780041941	-3.96482615035	3.67927302628	8.81799502349	-0.808189218459	9.47430795687	5.28803885088	1.52265369747	3.80787402652	9.74118949257	6.62436168815	1.55262474715	7.72342017737	9.30669299143	1.14373890249	4.5449816216	8.3259684198	5.51679671625	1.56923599404	4.05468053873	3.47714760558	9.55959341377	0.115877032453	5.83868774371	7.41681363067	637237.855206	True	
4.95899907741	-1.45522032014	-9.80053406451	0.651819094671	-2.29500817289	9.77458488763	3.25015355447	8.58323682993	-5.69152644921	1.04527188797	6.45773447742	2.52933707847	-2.92444835299	-4.86944377947	3.4151787616	-8.30292704207	7.21313601743	-2.63070409479	3.77085384391	4.99168768889	-4.46086982589	9.54298337537	1.94165422999	6.93040307124	6.56338393307	7.85500462406	8.95053679622	3.17978904149	6.42393356072	2.29185934266	3.09388506837	2.88357990976	5.19459841589	8.93940400229	6.11036696865	0.114196436079	2.12058984197	6.39600061519	2.40311802333	2.16157123242	1.42478499134	699472.738042	True	
4.74751501914	-3.8796393132	-5.60072701919	5.30470141963	-6.71349155152	8.96787865904	-2.34844932228	-0.864383813	-1.70922722923	-4.16876478974	7.6255555255	6.86933422998	-1.3691213975	-3.94273315217	4.51525063444	2.92405796931	2.16476206559	-3.30049049588	4.00088955349	-2.27373434067	1.53437949641	4.33266379575	2.54071690256	6.03926095581	2.68773998749	4.4323152024	8.48449040566	7.9932609677	7.741403841	7.43926918002	0.892146469884	7.52622598585	9.65457705168	9.51214252718	4.09941657206	4.21869435611	1.82044968903	7.21428130681	0.705112219372	6.14239820115	0.340536306222	354217.409429	True	
5.23314630617	-6.63744339962	-3.35210040878	6.84916978878	-3.31686286632	6.03471856934	-0.654471732448	-2.77417706753	2.72731199158	-7.38780324893	5.26573906819	3.00955801205	-4.44093461094	-4.81922272188	-0.618863928661	6.24267520571	-1.32002543782	4.64623683405	4.17895500675	1.56502898163	-5.45741634119	6.38494646864	8.08096622628	2.82857851986	7.27301592918	4.90078697329	4.85870266265	8.37213511097	0.497620050728	3.36074767988	8.73281047414	1.34882443521	8.56823318191	9.6150048186	2.05402370469	6.87773314908	2.24371156992	2.10066596565	5.75570251048	0.491201071452	2.41270880103	398055.981453	True	
5.32181981943	-0.887933248672	-4.92552306896	0.871659885193	-0.544898504162	5.05540025631	-1.46373784919	-7.40942606271	0.47473964053	-1.55302480926	6.57596795276	9.31322457277	-7.78662125897	-9.1406681823	1.68022926412	4.32432253191	-3.43812525604	7.57932225323	1.02330024432	5.92273412577	-7.32990042628	9.17641415893	4.69232332896	4.8941762105	1.2029203401	7.59295159384	4.5157436591	8.46244987044	3.05323879896	5.03806209652	6.99236850921	7.41367348806	2.26320132093	9.71563833753	9.86931508747	6.0821967084	4.21071176971	4.24125675012	4.2188153166	8.81354103689	9.3433619644	324171.504108	True	
5.33765047456	-3.05617183694	-5.08645824742	-0.318899086283	3.55360451292	2.47666220798	-1.24598507086	-6.72750384773	4.69368311363	-4.43625636611	7.18559341587	5.82150257425	0.213815982719	-2.88137873653	7.5866906312	6.22561498966	-4.29001923324	6.42074795281	3.69499190325	5.79053901532	-9.30472499031	9.5007417388	5.71202855966	1.8228598861	4.26016991971	8.35262418445	5.90209915062	6.07570546052	2.03002915199	5.4679415849	8.0915603708	6.03559474418	8.6593396786	3.68981728363	5.2872168543	7.22286901025	7.5927118042	4.00068735873	5.48701640733	4.20472388717	3.69834284763	328168.268631	True	
5.66537747006	0.687155572519	-9.62216143216	3.20395189181	3.92627350047	1.28191710664	-5.82449895836	-9.74479096074	5.34397289178	-8.21856800855	4.2930732131	8.02559268839	-6.65152155073	-2.65232298644	8.52059870318	3.07824247666	-1.16607507605	3.4939441805	-7.12955621821	4.22363803255	-7.46799993203	1.13624809704	8.951657161	2.64911296071	2.03080965751	2.43598524643	6.24015707519	8.39162667962	2.45438754225	0.22076649946	3.87856424219	9.59077549748	8.63387028805	2.91087689921	3.77879891609	7.41541145588	9.45058448706	1.86758882066	3.34613944181	0.694264863787	7.1764336892	726623.209628	True	
4.92589835973	-2.02927252888	-8.9507549133	4.10790729991	0.00641324381473	1.03913103539	2.86594533713	-7.22781661699	8.61508545415	-7.12568750672	6.35668100371	9.68584808684	-5.89950677808	0.238235558481	2.13437551154	-3.06914624357	-4.70568856603	4.42082444782	-0.953218979783	7.66404150256	-8.43196199766	8.33997739891	4.29846574069	4.64594737736	5.28879491718	4.40962906583	4.54046672915	6.90155984811	1.7890430996	3.06849916524	7.67921974398	9.56696414243	5.0668708292	1.69514770696	3.98318110256	3.50630873778	7.70977169194	3.37724954507	4.22153124481	7.68667061809	9.65645310959	335031.417548	True	
4.91025949067	-3.93959796813	-0.529656355651	1.60939770181	-4.44379937247	4.61084730907	1.24475676527	-9.29806976855	9.41684777189	-7.50808022375	2.07095303049	8.18677277466	-9.74835104221	-4.18746531088	-0.633369904724	-2.21394466029	-6.04321797728	3.45871902414	-4.47153677118	8.15911484739	-3.74582726386	4.94905967962	1.75665073528	8.52097199165	4.67302016142	4.10013855176	7.12897550172	6.92048764636	2.48714880519	7.78174184425	3.28095473516	0.0621310655147	6.26577608429	0.907145541195	6.46641859597	5.17969281732	5.62755541721	5.31161424176	4.57034095237	7.72292081902	8.00459366203	268032.62417	True	
5.09310780546	-6.57697827179	3.41928478945	2.21944450809	-3.24378560217	1.51319712984	-2.29767047244	-5.80040842277	9.78328379731	-6.24565254014	8.76561922471	-1.4492080853	-8.74654408884	0.455297902036	-2.73359460422	4.74243941067	-8.03829581804	-6.67321038909	-7.65324488059	8.74012202518	0.498874310688	8.41589129371	6.00489659945	4.1634884009	3.18748157201	7.3141249329	3.84244945379	5.86479405858	9.86134028168	9.61091334948	3.08272645537	4.30285674607	6.27168464962	2.63419089824	8.8340691327	5.36211489959	1.86187942126	2.17484854222	1.20166027055	7.12169995594	6.41589979886	294749.443601	True	
5.19220932545	-8.04761787579	3.80654832423	4.20325304188	-8.53040160962	1.55705808734	5.53956345198	-1.529248295	4.04208257939	-9.19987070084	8.92892615273	-1.19872249618	-8.84960767023	1.88197795357	-2.25537784816	-2.33926380461	-6.56451920674	-5.08926260337	-8.10054575602	8.16175754197	-2.45547803817	8.39767811498	8.26649416887	7.1109739998	5.10666804005	9.05845793538	2.93544159723	8.57798308533	4.61946385923	5.7009534102	8.63262379159	9.45235517083	7.21668287043	0.232564645566	0.0946816156552	9.34307343054	2.27192725624	6.76081897952	3.02856207141	6.24722977474	8.37460096385	552650.800307	False	
4.74741254931	-8.17371821499	5.29693317176	-2.82131266492	-4.21334619605	6.9703315454	-2.48247778635	0.725955414622	-0.0217338547032	-4.89398021941	9.7989578027	0.821577596979	-7.21469347044	-0.400576133641	-5.0164042473	-6.88492390204	2.12821046926	-8.44726609077	-5.75528223643	6.67096843032	0.373438755484	9.29160355698	8.28352882988	6.71371916255	2.85327678974	5.98341565514	8.66174425678	9.81917875605	4.9876902573	9.01455853152	6.0809638147	8.81919476885	7.68040171024	5.69796724079	0.686958827767	0.847931795353	9.34934045317	4.68231292385	6.42329424885	6.05630859035	2.71685170113	273616.460908	True	
4.99005386089	-8.05623611948	4.4905207709	-2.50822678917	-4.41758877392	7.4866867658	-4.44526987313	-0.468054521588	2.6340606056	0.119528742042	5.78916459055	1.3673242054	-7.52482116037	-6.64761319789	-2.38500871345	-6.22651303186	3.08117986271	-6.26556147726	-2.52812775542	7.02532898054	0.647946906957	9.54438764485	3.39986311867	6.44073054322	7.1525638241	6.6390831759	5.5648054709	5.5528732478	6.36319665807	8.65088936134	3.1802794941	5.92239224008	7.33581806802	8.3477306352	6.043658496	5.38573389076	5.5447183078	9.66127869061	2.60916377645	6.91843451069	2.71645545901	201369.1212	True	
4.84806748423	-9.84298414711	4.2358562365	3.05096335629	-7.48399593663	9.12055481974	-2.87721567564	-0.708674247579	-5.48567992565	-1.49303458564	9.75181997651	0.488210018173	-7.50767197844	-6.33054425809	-1.31741769374	-4.93950253187	8.79764261635	-3.97020660035	2.62957133874	4.75866598973	-0.954211446548	0.950424897274	7.96130943246	0.0497545378339	8.33211725426	9.89872175357	5.08861591874	7.64687086895	3.13566657818	2.76483617059	1.74270841487	3.35080436234	4.64396930878	9.57110083826	3.63119971084	4.28561378577	6.87236523806	4.60213755609	9.47913451594	1.22815302281	9.59413045819	624811.589307	True	
4.86663671706	-9.14813510665	7.0733672115	-3.83035706241	-6.07691166906	9.65002377408	-0.446896415353	1.45323001764	-3.74563057287	-0.6625504031	6.85797511259	-0.685773785173	-6.64339703367	0.877972544497	-9.55014522801	-7.52117481446	6.62787798852	-1.42273705431	6.78340246034	8.9317927774	-0.487880134877	1.52011408895	4.22405964292	3.8881437205	3.57567928161	8.71582534689	3.90203658645	8.61349293868	3.75939475811	1.40522897636	3.43618447611	1.08360128936	3.5469611172	2.04898565117	5.52826415219	8.78205756845	3.27382388908	2.37473962674	5.46794453925	0.434286844587	8.11179639995	456085.31667	True	
5.05084256621	-7.93658873807	7.53465374942	-7.8537258707	-6.43542159181	8.72858365508	0.31892789828	4.61746243087	-7.86139447133	0.100095893759	3.70818383067	7.30370418956	-6.58801461386	6.71850767012	-7.05712619118	-4.67840691564	8.12081777301	1.091797924	-0.495217226506	9.00947906747	-0.197428343226	5.12882442374	2.97317085858	9.14899624328	6.69359037306	5.11476471965	2.75848712759	2.7230346488	1.51010841045	5.78058982352	6.28161286041	3.61211526014	5.37381744893	3.02667583057	1.70467830926	3.79236495949	5.40383570185	4.86609691014	8.33500832547	0.449493954297	8.89614434885	764880.1586	True	
4.4303031917	-8.94500281261	2.43079093826	-3.98534502552	-6.86994181499	7.66491991984	-3.32822009737	3.22886594439	-8.14323926779	6.40359632354	1.86949487753	1.93707036634	-5.57238635923	1.47259006224	-3.5663995286	-4.42594711479	5.73457894199	2.47022164809	6.79884094361	1.81311643424	9.18519446202	7.51364470926	4.57013680055	5.87229795892	8.95164442149	5.89175516977	3.60180303814	6.06060108438	7.70372380317	1.60454559574	9.57730071718	7.88426542764	9.5963045043	5.27058574146	5.63281686517	3.3207662181	5.81720124586	2.7258724364	3.30734767101	4.22464706405	9.37705041231	835147.743715	True	
5.06727966891	-3.70883886811	1.79485074133	-7.78765555002	-1.77895100507	9.31534758836	-3.76737066303	-3.27058825497	1.00131423901	8.44259059613	-7.85042111775	9.52154344974	-9.84071692354	4.5897437041	-9.8150988192	-1.52612253564	-4.93887321031	-0.0873290084409	2.60992021524	6.43776620017	7.5132980612	3.63111482906	6.23147203854	2.84899055679	3.84246084116	1.13668111801	4.47556338002	9.5412481822	4.70616638565	7.27861625766	8.97749514674	1.21223446851	6.39400778083	1.65196860128	5.03957938151	7.14938291583	7.39596898974	4.06263714512	7.45444691735	0.931620810111	7.94625215968	393215.699414	True	
5.27072633261	-2.43115693378	2.54915877802	-6.09406570677	-3.81637235209	3.3435564969	-9.12599319693	1.48141324958	2.00307855333	7.89096459777	-4.07311591608	5.32641286707	-8.73801092602	1.254067955	-9.23160097986	-1.96447382782	-7.95711041667	-1.34883953086	3.82634785895	3.23742735156	6.23619191499	5.25070523609	5.12458746752	6.03731832906	0.445400488853	1.44128660893	4.78558112849	6.73686904465	3.71996391137	2.74614302748	5.42500545684	4.52266591129	0.201366642211	1.9037306392	2.55039576897	9.27597195033	8.73902129559	4.6428571589	5.32989505547	1.0541019566	9.16440520114	804099.012331	True	
5.69834103082	-0.225026410785	-2.9651662551	-3.98903803006	3.31598947035	3.32757680285	-5.02809136056	-3.91196965016	3.05517923315	5.04091463638	0.169010433794	3.25270101069	-5.59370762105	-7.50665965565	-8.21321695546	-5.70148648679	-9.36985074519	3.5149928654	2.48519597055	7.77882399471	9.81954875301	2.9243301297	9.229982356	8.93279809805	1.94468275583	4.77715817448	2.38921526571	2.90644719401	2.43156233119	8.64992732134	5.8630840051	9.78898648352	6.12331986819	3.14445325453	4.56163960807	8.12890019348	8.08399764405	5.98356056757	6.69695175321	1.53661519425	8.25261269956	308843.97121	True	
5.50921516638	-1.26894777854	-2.50753130965	-2.59577097311	0.889361775789	-0.931318572466	0.233885543407	-0.171512527395	1.97632463612	4.43093432551	-1.89559077744	3.47148976872	-5.77860689739	-9.38130796378	1.31826683461	-2.91524050302	-9.01358568182	5.82408810362	5.14215082659	4.81728063039	1.97229468166	1.41100566864	0.0185322550986	9.63603064418	3.25930422529	6.09025468351	4.252756168	2.10362003979	2.29435168417	6.48785494975	4.20645499342	8.17975206093	8.20468925351	6.70715213031	5.72869547154	8.69039522216	7.63930484901	0.338496505673	6.12421389786	8.42064005037	9.08391220451	348002.378625	True	
5.03010306717	-4.7518702414	0.770861079789	-6.85138367342	3.73549950001	2.96346701605	-5.34683868392	2.80425894752	-0.361752646567	6.80756018921	-0.366180253332	5.18187191673	-4.96381786976	-6.95993227638	2.89783940444	2.03606468116	-3.72452825452	6.99652349727	-1.36416961938	-2.52369894064	4.75409981412	2.45766339642	3.24782019883	7.40742504579	8.33194450968	8.30565690551	9.39646415375	7.2459477175	2.75564092993	9.35787331056	1.14371449334	3.54931097244	2.56678519707	5.50199920209	9.35054119847	1.93342985029	8.24483474071	6.03489258493	5.23534348005	9.19661073831	1.42727394015	319859.113639	True	
5.37580291984	-1.49074867582	-0.950337607878	-6.01568131457	6.70327132449	-0.376021054188	-7.65927381698	1.29442589583	2.27115589334	2.25116814239	0.210502712375	8.49179250771	-8.11901778748	-8.50755033482	-0.404959878385	-1.90040089606	-3.27243464015	8.95987302537	-0.398507110016	6.5459907811	-0.211377050052	7.0287053578	5.10938557312	2.85682007916	3.36140816062	9.1610927478	5.62713277812	8.54637121697	3.88837593457	8.46590726623	2.91744946565	8.62878469982	1.52473909614	6.73708175415	5.40004698872	5.78588915098	4.68342859721	3.22155849381	2.11101737711	4.60411452736	1.32543350333	330226.76882	True	
5.52700542294	-2.79711220546	-1.1940967821	-5.99529395804	3.50782471202	-0.971480014927	-0.563719422749	-1.13191691227	9.1871735487	-0.30076732025	0.855501385182	1.74559843475	-5.40775411221	-2.95458487886	-4.83002549928	2.47755522259	-7.72462467979	3.24691398223	2.46606022684	1.5567790744	-0.847256081372	8.70570339514	4.14799465882	1.73258283853	0.834864230208	9.31648535476	5.49631933384	8.15709077542	5.76528423857	2.28349852575	6.99270601839	8.09712605464	0.144168561016	8.22593422521	3.51880873714	6.487372752	5.94055074417	5.96767428819	4.30374872933	8.8833195952	3.98644446074	543323.56555	True	
5.26167680793	-4.261721112	-3.88845130876	1.38488900347	4.88244239842	-0.512103074517	-3.78465524413	-3.44009844335	4.52651822732	5.87623573109	-0.741951142986	0.989112553765	-6.09319746717	2.79404438869	0.379764137935	-3.71313006354	-8.25098483086	5.23953409991	2.24450676557	1.04604933813	-5.60589805952	8.17420202723	0.627847210482	4.2505239126	4.73827558576	7.97650806842	7.217043947	5.2743348389	0.905851203012	1.95828949654	6.93538797345	1.13751361741	0.224398551172	5.42692557888	0.458646085252	1.34652389761	4.31759251357	2.85864237833	8.9439928157	7.88416110612	0.753764224426	284937.776614	True	
4.84279537741	-5.54470984407	-2.80240448432	5.35573127726	-1.78930963532	-7.65050590089	-2.27187668721	6.97669457915	3.56741026257	3.56055819916	8.39617424709	-0.0867521254231	-3.70554352678	0.49808987409	-1.47560235068	-0.521248296429	-9.0479026946	4.83834729272	7.29194153712	3.1114000979	-7.99678551806	1.45284538623	0.520484485967	4.09733898538	3.42997434009	8.75104087845	9.04096484999	5.8033391651	1.62297725719	4.61069749207	4.7160055574	0.0366180481967	0.740852083877	6.98875787511	5.5273435896	0.892969751371	8.86119061104	3.31621985604	4.06190723181	7.75835078092	2.52954155513	808083.776067	False	
5.18441393746	-4.46618270741	-3.05912666283	5.40543234118	0.078810118911	-1.79226198184	-7.13021568918	7.19624826077	0.244213830329	1.47367474285	0.12295924644	0.830299861047	1.79983735713	4.51599927401	-0.748354456091	-1.50581478249	-8.03535090844	6.19367650099	3.49083049285	8.84876125388	-9.1766417625	6.48243429461	5.73612304659	6.83414645348	5.50927869074	5.69799673452	8.17363530487	5.68058445149	3.91031865678	8.21633151737	3.85882468991	5.34595916742	3.20452946641	5.45259451732	3.77851016595	4.57733901162	8.96049671744	1.34348361482	8.66520229916	5.34186471911	1.28199604522	314180.116642	True	
5.27878171232	-2.53179045406	-5.3356482371	6.00988699935	-3.36355455922	-4.87529619975	-0.952404230499	6.6541434791	5.17727892192	1.85105077045	-2.16042284166	2.65349656599	-1.0463179057	2.13979174226	-0.747476688492	-1.30558175318	-4.54161194676	-0.498218701463	0.34671723984	7.70829140096	-8.14305910184	4.36229897225	7.47417642733	7.84045481741	9.26720526732	4.35501148757	4.31712076938	9.29814096747	5.53595387399	7.41454453635	9.75640570544	7.99429545162	2.31545195523	2.41393555439	5.28499521337	0.559553130148	8.15758510651	5.01158230849	8.33468431016	7.67523645225	2.46323579446	380992.734847	True	
5.272111937	-0.688618243728	-9.85677155032	8.96981100571	-6.31343524176	-0.758780973206	-0.427533769675	1.28936625477	9.02171657085	-2.61246902339	-3.26678008764	6.90666486164	-1.07477440458	-0.193322833641	-1.97114443602	-1.84620894764	-3.70095367065	-4.47069131969	-4.54979727265	9.51753828071	-4.9658858552	9.37009842126	5.46135443639	7.40079568551	9.30177088424	3.1341833774	3.90430543152	8.334527396	7.88658381573	7.95194086496	9.03622430685	5.95624606815	2.29025079661	2.9981602801	5.16561504561	3.13516446365	7.05688163424	6.58851086911	8.42731348321	0.404036674809	0.00201432242531	391355.354774	True	
4.82323068902	-4.88492007947	-6.44232834279	8.0241085482	-3.85747088538	1.00816811783	-2.32361356926	-2.7749428365	8.74260646187	-6.61939785881	3.8949116891	8.83507011365	1.89725595523	-8.07401958357	2.33812835368	2.56774074404	-8.91832168421	0.167836786432	-5.66287746127	6.65343202919	-4.50090280849	9.88693068291	8.1826754696	8.88231879682	6.40552887592	2.39907029676	5.31827009147	8.50272366571	5.14322286538	8.0880932155	4.73320741939	9.71224104147	1.24796379844	2.16535092102	7.21577718675	3.60348239209	2.20253172563	7.79932862942	8.78429320947	2.0646517494	2.83633094844	366737.601157	True	
5.10924214872	-1.55539319603	-8.30619020199	7.94565268636	-5.1726669464	3.46010372203	-2.6292678852	-1.52809539122	3.83963936329	-6.76556587874	1.92057886379	2.99719556356	7.67509505551	-8.35505776548	-5.00682245255	7.16027931414	-9.4194532859	3.38716517634	-6.14157177373	7.90316901002	-2.50473772297	9.76531848803	7.9964952248	8.0711768559	4.38583510901	6.05058169759	9.3603326797	1.69105148166	3.97178882455	3.65333361151	8.88642911156	7.46265908525	1.17568088088	0.842761069706	0.239772573663	1.43697285622	7.63845687074	6.43739914251	1.89968759413	8.57458019287	5.62208222787	339465.376077	True	
5.35113221986	-1.53182503315	-9.17193070414	9.3779687948	-3.35411726028	3.0360227237	-5.55009576835	-0.0410455822654	0.926522869488	-3.12985494398	3.03953363864	7.84839260825	3.72472519515	-7.49027676444	-4.34232685522	8.04246124083	-7.27634054017	3.22077029887	-9.38648160795	6.18219687191	-0.245431384232	7.31725067248	1.54497500342	9.45371076321	2.3326267053	5.01045340428	5.09036392377	6.00211011453	0.21654360285	6.2032475215	7.54155761184	3.1931014017	2.19767625642	4.89384053637	3.99597225342	2.09943947794	8.69697965274	5.46330525548	0.981853511786	3.60355963322	9.77444231703	334986.67257	True	
5.47197990515	-2.42904366996	-4.22271089745	3.99548322489	-0.183907928198	0.163221484702	-1.00827667346	0.388034843996	1.70344715151	-8.06666342215	7.96398866855	3.93490591219	-0.00233252847033	-9.40017573052	-5.21850025315	4.04935226295	-5.01530927068	2.66480073704	-9.46464682268	6.59070064342	-2.1642267555	7.01053578096	8.27859237077	9.42739789793	5.55375232536	2.32102809666	7.24410525674	3.93461543951	3.31659614593	7.24022565079	8.54536141479	2.59874356026	2.94804483377	1.56184717001	4.07648353414	3.09264674566	8.25388711531	4.64612535202	3.14141954709	1.94488097305	9.62793762516	343138.465329	True	
5.10419731097	-1.98512335363	-9.61052549582	4.49629642389	4.59368982701	1.62432819269	-3.91132709086	-0.405257081838	-0.827179208459	-1.62788708928	8.33777603447	0.547332311652	-0.602466807164	-9.17588649249	-9.87600129799	-2.87747513848	0.528749306948	2.47359047491	-8.32659075385	6.88126480523	2.61263486151	2.47768580508	8.36600125276	6.13857493828	6.6614373417	5.79649384291	6.42753816536	4.0477006335	2.38817151937	1.90192859729	3.04675187389	1.02901660605	1.41013147155	2.538498124	0.736174854123	4.77934836331	4.90577337803	7.44349704604	4.55712944424	3.32343224974	7.48183857308	387599.311553	True	
5.08949969587	-3.68490631032	-6.54381978628	2.66722936525	4.06974909022	1.84366057058	-7.77676688988	2.24332169971	4.74585519665	-3.09023193176	4.81323412018	-1.14380113044	2.89831961994	-7.79893846645	-6.00109569645	-5.14124460058	7.19275796037	-1.03480839668	-6.76346913623	-0.324069165937	-3.24729313268	7.42530388065	8.69464533162	5.40889020873	6.67551309979	9.24846844441	9.62574397081	3.16050647045	1.34971289468	5.62009822862	3.83141264805	1.80595097196	8.28999111161	2.37335404823	1.94625133586	6.86376610256	0.978085143043	7.06349714921	0.545049092465	1.31351593682	6.02328060459	323943.571833	True	
5.69052990928	-1.00700793888	-7.49655903437	0.898071835458	3.92969413063	4.16452825114	-5.88538039998	-1.23202454299	-0.47583006111	1.93474686731	7.26861682209	-0.81949909045	0.450756115238	-8.25028030474	-3.52849398603	0.228531239645	8.85371144473	4.86484061018	-6.61829691923	-4.01514888817	-2.77965067371	3.66174765749	9.69705712737	6.12160136464	7.2428998519	9.00799749178	9.87289434821	5.23589685748	4.81053644953	3.70727196969	7.47052025824	0.257233554289	8.24770945113	5.01216991986	8.66484408242	8.16284394101	2.48244320326	9.20010109611	8.4247655565	4.11910169466	2.77501179421	411909.634667	True	
4.96157502965	-5.2650971532	-2.71865700343	1.55856314668	2.79566255335	-1.16865580285	-4.11376107716	-0.823692487523	0.366632099584	4.28286336261	5.73903465784	-0.174044622315	-2.21865105692	-7.5326535795	-2.23831760317	-7.06111653274	2.34802942042	4.44081283305	-5.36961263231	-4.55235259666	-1.73267129332	3.52107072474	1.89918253404	7.47907518057	6.0112862408	8.18990784719	5.64970713366	5.88849775729	1.1647591622	0.914657137632	7.80427198464	7.6972437486	9.3743521571	8.73216097335	9.75659491742	5.75971649378	1.54000618454	7.7912816127	8.09925239408	0.193304560845	2.07285632807	297688.459214	True	
5.58005875506	-6.64153986087	-1.09442712008	4.9614676039	2.06894038728	-1.78116721718	-5.5850927311	-1.5096195994	3.57100703233	2.97424987348	3.33539788751	-1.02650110564	0.980165592585	-6.02623333494	-2.16971238603	-4.83943402642	1.98921290629	7.09828297712	-1.83810553362	-6.04218686923	-1.15108160134	5.24308055228	1.06374542729	1.91567415386	5.86986952005	4.36105743476	2.07930052508	5.20791301841	5.73628219368	2.78742982093	9.63147807832	1.27229576318	9.04697449542	7.30244425679	9.08235142828	7.84359007442	5.53599589782	7.49317176612	5.75559707724	9.25205914372	3.35775381686	553893.64052	True	
4.85579784068	-6.36123350331	-4.72827738406	2.01744654125	3.26052094446	1.12172743523	2.27113244312	-6.08920471516	1.09167836223	4.76699861387	3.778145887	-9.00374798424	6.56797196893	-1.53700592911	-2.78996563772	-8.10383625339	3.00004082253	9.14217158993	0.0291765393797	-5.76741364083	-6.60997774471	3.44299507152	2.47480738847	1.66005365076	2.54128066304	2.92451910283	2.56208424577	2.75403670149	2.4480725155	2.79841933059	4.26772468665	6.70275499358	1.76319319277	5.1983991294	6.7731262359	5.28441316571	0.152626967648	3.69851359473	8.91563684116	7.18867999573	2.27214647906	337171.428518	True	
5.04263054359	-3.39349385002	-3.76565824365	-4.17494256415	7.95095874049	-1.44038482204	-4.34203343878	0.808529938587	4.41375361884	6.31396710676	0.322009324844	-8.29335088452	6.44972692854	-7.68463362526	1.60696464146	-5.84671099824	9.54748290977	7.37112487578	-6.28337407957	-2.51457224564	-7.6968533889	5.07483186637	3.79262470959	4.90843831106	6.71005922801	2.87627512043	9.24726721053	5.06620753163	2.51346832243	5.95112906226	9.54786493975	6.42496868565	2.17951392742	5.9601423411	0.6210366958	2.34740220915	3.73876565849	0.72890422262	8.11280071671	4.36890071786	7.71091117541	321261.511688	True	
4.98503053004	-5.38229997114	1.71995401264	-5.25741866153	4.35543136719	-3.12405760213	-2.83708690844	3.56883760595	0.862976890249	5.06075037911	4.14543509765	-9.52048394278	6.9638255837	-8.71814779104	6.92966073305	5.95911926717	3.63321488715	9.54603282856	-3.6438060392	8.05432726914	-8.76095480052	6.59069549398	2.63630087208	2.21747631957	7.63341784184	4.93705687798	4.58193949519	6.31863914903	4.50228784373	5.80454421976	8.90280087872	0.862644290885	6.31519585195	0.0673807082267	0.720751664439	3.51799491697	0.185877535024	0.86599593619	7.63986501651	7.39718501138	3.64149716964	250847.520589	True	
4.75940658983	-9.04436653025	5.49724961464	-6.1658601008	3.96853358287	2.9921217929	-9.49646759803	4.41360732959	-3.47806410959	6.37777072162	6.53298533716	-8.434863471	9.64533109894	-9.04561068835	5.03967088809	4.94813938541	-2.13599787561	9.69165534591	-5.4542061719	9.14650285774	-6.06832112195	8.44905327695	2.34001245962	2.41311992371	7.46911877686	5.7919587231	7.45714754555	8.13167534018	2.28702348933	3.31889894769	3.45253941421	7.64482882442	7.69856271597	9.72406010379	3.25127500808	0.0278901102181	0.749821611958	2.12943234301	0.84062208545	1.45668400897	7.86109664833	497331.886928	True	
5.01715551564	-9.95311418753	7.3566370689	0.356060385396	-1.48523651674	0.844716591462	-5.91824195306	5.05309733927	-7.43136656383	5.58412008022	4.76561731926	-7.0373018756	8.99082789248	-5.78368491097	2.47702378719	2.99100916736	0.484865241492	8.59873902387	-2.39973329003	8.52102534273	-7.39386599746	3.4086378451	2.83546846913	2.7576671987	2.96993737595	6.81117422566	7.45882008045	9.12303073683	4.95365039001	2.44121714549	7.05878433046	4.41023906191	7.76049757505	7.1721249773	3.45508709481	0.0517265283104	1.48146050746	6.62373740349	5.44863778378	3.72325728471	7.68897025494	364723.076134	True	
5.64314898789	-9.4463608212	6.65685516986	-2.94333951329	5.74649716885	0.000885841391376	-9.42689243748	4.71988902405	-2.39482415363	0.698270920876	6.67012471002	-3.18087169262	5.86424726523	-5.52392254939	-2.87538363616	-0.0634236735783	-3.3289865018	3.21284886984	-1.47683692022	4.82164743602	-8.50288307486	6.15653806214	1.72373112514	4.34339889635	3.11893867765	2.56676787447	6.19538814393	4.06119874504	2.04063301436	4.84381109967	3.94718411746	4.17979448365	4.12571268379	8.3019843519	0.494925831961	1.33929743297	5.9317805655	7.436750815	4.88021818442	5.47936687754	7.5098548402	355362.790942	True	
4.89455432041	-9.4284314516	1.43360960143	-1.49296691221	7.50056364021	-2.67338583084	-1.81859489209	4.27545200945	-4.39208178601	1.36204079777	5.49405160322	-5.94568175562	7.1005214849	-6.34559980431	-1.76974348499	2.24307891145	-2.2021654129	0.397515065849	-1.12529214657	4.28116058657	-3.62587015607	5.67551454475	7.68838252631	3.13531353805	3.89644711723	5.4039411386	9.74992631988	8.0935232178	6.88841079736	3.39805668059	5.5232597818	7.44912580564	0.952192047537	6.36637322586	0.652471261172	0.897690527181	1.19746803382	9.74915009861	7.47769423885	1.98347770093	4.09529281438	221857.858642	False	
5.0118982953	-7.51481580101	1.1954723566	-4.30286362582	4.08826205041	-4.68882465791	4.57016972219	2.92171743608	-5.39479142273	3.34154075593	6.30152443265	0.982850430067	4.70475006084	-4.68754167376	3.38210533426	5.99620781216	3.02252652158	3.50229611099	-1.94810288175	5.96446691002	2.91401935103	9.87866932058	7.77206295997	4.87888500928	5.45769980726	5.12154094866	4.28881079741	6.41835174294	4.17455313792	0.819076896847	7.10451748914	7.00694110575	3.32780298912	3.21917066248	8.485484597	6.95462480507	5.54751812759	9.34985435004	2.08636169196	5.0140531051	3.58804736223	442999.510313	True	
