Parameter 1	Parameter 2	Parameter 3	Parameter 4	Parameter 5	Parameter 6	Parameter 7	Parameter 8	Parameter 9	Parameter 10	Parameter 11	Parameter 12	Parameter 13	Parameter 14	Parameter 15	Parameter 16	Parameter 17	Parameter 18	Parameter 19	Parameter 20	Parameter 21	Parameter 22	Parameter 23	Parameter 24	Parameter 25	Parameter 26	Parameter 27	Parameter 28	Parameter 29	Parameter 30	Parameter 31	Parameter 32	Parameter 33	Parameter 34	Parameter 35	Parameter 36	Parameter 37	Parameter 38	Parameter 39	Parameter 40	Parameter 41	Potential	Equilibruim
7.21284467643	2.95149824859	-7.83234182226	-3.61497768637	-8.59503765775	-9.04644976974	-6.99826145722	4.24620743639	5.75398029819	6.08177933076	7.46455805511	6.52279299553	-4.11183405993	6.94176427126	-2.58691276993	-5.81342726613	2.35952646518	2.0890495355	-7.57421316163	0.575659343128	9.27093408649	1.6365530124	6.09708217601	1.80067389174	7.0204998345	7.39306310156	3.27499393771	8.6864861069	8.99036304212	9.88094555754	3.56694744731	4.82816041233	3.00214897564	6.03324271717	1.68276343501	2.11218617118	3.39762513017	4.51040435316	5.07058400117	9.5592951966	3.55034764909	935948.319445	False	
5.40323422139	-6.62315672341	1.38575682936	2.02577041606	2.60374006812	-5.52187939441	5.28141321116	-3.42716487455	5.42849951792	-1.35408115132	-3.66112151337	-6.12356240713	-0.491639108274	-7.20813960099	8.47023359459	-6.98607312806	6.75930167563	5.62513033725	-5.66500463245	8.34126296935	6.38745931414	3.48062018654	1.75023895068	5.26900352711	1.60264459235	8.72154979557	4.30921419847	5.94798122922	8.25207891213	4.72786545528	1.78426498087	7.16474350964	1.26992200408	6.25343561603	7.95022102464	4.35454438508	3.00936973642	8.57980221318	1.12592832443	5.43376167946	5.10382589613	455734.965901	True	
5.05263061577	-5.99556937268	2.49190276735	-6.60488659816	0.0557054047038	-0.00349584908837	8.43834484726	1.70919353154	-7.44677964394	1.80472222603	5.98687693841	7.92882728742	8.90945341737	5.38309921687	-5.38156357652	-8.78181792285	-6.17888495008	-4.4064077631	-0.960838823699	-3.91200842236	-4.162202963	7.83362866461	8.81914370589	6.20504984824	2.72333050435	2.55134395071	9.12828734512	5.87036031169	2.32693038366	2.56720282937	2.00857771778	6.93120607564	5.06639072618	5.1353528503	8.60533246782	7.20055842899	6.8592106942	1.44778585727	6.02168787089	5.14003238154	8.0125956683	663901.795041	True	
4.72164106197	-8.97754341434	6.05148202735	-5.74832617131	-8.58132393776	-1.79815028177	-0.838490285541	-1.0751096302	0.323001460749	9.47799870275	3.41300168688	8.94598384402	8.75344090673	8.81182386083	2.45451552425	5.11041743426	-5.03913874059	-4.96720134316	-3.38516467987	8.6420916545	-8.4573580606	1.69783085802	2.8617415049	3.42409845484	4.47271604084	4.28979658255	9.67174079995	1.58409930603	4.84332787084	8.87252149836	8.21079627081	5.58355705907	3.89789139096	2.78299688829	6.48775963777	9.01298400236	0.673923490469	5.84846683056	8.65053275668	2.72352594337	7.27941179129	830593.166459	True	
5.11492055156	-6.90661511639	-7.18274543318	-1.79180971359	7.6681293692	3.13855532332	5.77364726004	7.8626189721	-8.67878582423	7.97699415676	1.10538468149	-1.50546393138	9.59691834212	3.9254399734	-9.35651512435	-8.97205906423	2.37936899797	-6.47886893493	3.74684316329	4.10931449969	0.655323548462	7.60580127371	8.95082559822	8.83532339449	7.42106163775	8.3751382443	8.00119397885	7.73727113818	3.34049515014	3.47970278785	6.00164814251	3.03895641559	8.27113633088	8.542713767	4.86916272635	3.88179672858	4.95375263708	7.18069561867	1.55811822828	7.24190489225	1.48137823358	1178791.55245	True	
4.42902371865	-4.32225663445	-6.46604160553	0.251171909354	-4.34998216388	-0.203140671667	-9.05628453506	4.2489785851	-6.41452724278	0.226353893033	-7.74080644088	4.30690291242	-1.09515080103	6.1933273821	-0.344595276026	9.60568780333	-8.52111984004	-3.71105024225	9.84836324493	-8.42843996959	2.44606820001	2.0623117673	3.65793600644	2.23571089207	8.64212314215	8.03889875407	4.78487503144	8.36609290933	5.64154029037	1.8520055544	9.52935155948	2.38252130301	4.4347403882	2.11480240817	0.765984938706	1.30530297925	2.73778220142	4.48892507778	2.13998777032	4.98345047982	6.99993654495	838233.227689	True	
5.27510417715	-8.30011103393	7.41838355871	-1.46558082528	-2.61695255705	-0.279826837965	-5.24101755956	6.91791233903	3.68014143675	-7.22346118568	-3.24079921528	6.61671479929	3.77065882744	-8.62748216095	9.00711663355	8.70799602039	-2.05827715052	-7.35509553858	-6.13260315685	7.20619833377	-3.63664103875	3.79908530432	3.07990247499	5.11538907627	6.28264303858	5.35218519606	9.59297724004	7.43038860429	3.81596710458	3.5440331587	7.90001627473	7.27287476984	9.44656139327	6.15947270347	8.82198841096	0.467529164533	0.425500428828	6.33487566725	2.15092245642	1.32720496867	2.15671617274	343662.488222	True	
4.70277546646	-9.7596783849	-3.69362324568	-3.6419490594	-6.85415310466	-3.14121394528	-2.47829282711	-1.54429628388	-1.95341762525	8.36742841213	2.93396254879	-8.8537930544	-9.84303781289	0.752086427387	-4.36389341585	3.76335509712	6.76822621702	5.74694628515	3.05184008754	-8.63213191418	-5.83605833475	0.912524519495	0.20303429966	5.91506418802	3.26394821772	6.16020422711	5.87715659235	2.38286019105	7.63087266915	3.65309047881	6.99625555321	5.72542338034	6.77983075405	6.94069629815	9.79829726925	3.69698320474	8.53377402644	3.43917067656	1.51858423884	5.4606450277	6.25179585973	846067.218995	True	
4.49266135885	-8.11757475986	-1.83688466995	-0.354947848763	-9.2425928169	1.40569889749	6.49991910649	-9.67254905651	-4.12067744384	0.41463998188	-6.03653129798	0.0505521926216	0.930166386503	7.56460306959	-5.61256596533	-8.67126404931	6.81952852918	-1.50750381779	-4.2860765969	-8.07581483029	-5.8814336157	9.25210362961	5.56548956052	4.42421706753	8.53732878069	8.36512851032	1.35603188529	6.10788251536	8.91534640129	5.81622646279	3.7362814572	4.90291838115	6.53069626944	8.6273734249	8.60017495783	3.93321677764	1.23322472439	1.27161588666	8.93342349968	1.82540359289	8.16877442532	821545.169316	True	
5.30731628042	-3.44289301903	3.27422557417	-8.08737236358	-6.55833606421	0.331008663358	-9.17661314964	5.61208855461	-1.16270590505	5.02590623596	8.2790656018	0.352388104314	-0.475668335202	4.52380837179	8.9241545553	5.88834230649	-4.85067364149	3.20559593374	9.16853265025	4.98084479976	-2.78903669744	3.59206488586	4.74068335006	2.53800864019	7.8528136586	5.53575571163	5.69731288521	9.27245278028	7.2141281322	4.7508229433	8.51122553206	0.104734995105	3.37205132487	5.5960148888	3.17770728878	6.88698339572	9.13782391603	4.37895564386	2.57346045761	1.93217537277	7.8617841289	865020.181699	True	
4.94590457527	-7.55773370542	-0.241756388456	-5.81673282379	-2.60409947949	-2.78022290718	1.95273137334	8.47233342852	-2.49189709726	6.88062704862	-4.49161826063	5.47601310593	-4.83252973028	6.5430735308	3.23598397726	1.59143699166	3.38187080375	8.49833095665	6.88338575262	-0.193814322043	-2.55039162626	3.89691082473	5.03858149414	5.49154094139	5.04002675049	7.0791723206	7.69905801868	4.06921161345	0.446032371462	3.62588122169	0.708775309022	3.27909062164	3.59356150357	4.1993594342	6.01587743245	1.16333967212	6.97428740728	0.690031021125	7.3519526165	9.34349636938	2.42879751833	1010765.10665	True	
4.83509163299	-8.15718085244	0.289111215375	-2.11083538805	4.02586805255	-7.62079731186	-5.94427809766	1.75334973314	1.78702547873	-8.43090285958	-1.30477776894	5.64522667035	5.83884807191	3.17387790856	-0.125166658202	4.6479389157	-6.5409506956	5.79931753683	4.71725412471	5.37333667573	4.8928836446	3.56359399798	1.16653395291	5.9654595654	9.13528194874	5.87656181169	8.87767571531	9.18839574252	6.60936083456	7.03157176752	6.81733557966	5.86860042933	1.73187700289	9.9352115315	5.80068163432	5.24994452671	9.25452759853	8.40582503785	5.67939605206	5.21213331055	2.65591055143	915808.357547	True	
5.48833624604	-0.0461082188823	-3.25046939787	-2.29628401417	-4.70295265355	8.93595093975	-6.71580412487	7.31745070341	-0.801551891902	-4.66798739495	-3.92315332568	-3.36390057394	2.06264982868	-1.87647019484	-6.84380367708	2.16121454229	1.88921919008	1.13069178526	2.20605533854	0.683996312223	5.01202103157	8.07334497698	6.93120990096	9.7887520221	0.290635205889	7.41362698001	2.45936451816	7.14104848	4.35940645027	5.25874236036	9.60667694506	7.23805284268	7.0305257051	7.58515873006	5.35639322685	7.15457716341	7.23789485903	8.62307082095	2.96001009572	7.69633674537	7.29215671579	695521.642595	True	
4.8044882757	-7.77187465015	1.60899270063	-6.42308877636	8.40371540566	-0.854673851266	-0.184695053559	5.25065510099	8.59825286069	-4.99046285799	0.810691189521	-0.439075171967	4.66087470107	-7.6154781295	-1.19723476578	5.00016445646	2.6150551125	5.39142217867	-2.53758287075	8.86673813933	9.30409974711	4.21930188877	6.84403803834	9.62532493268	6.80463252091	1.48618077108	0.530313564062	6.36370277446	6.01144034443	9.40877698656	3.4550224218	8.79470751544	9.97113596609	6.66150689109	3.68434808422	8.56674571186	6.75255217351	3.13981880509	1.71561605074	1.86783950614	7.5659673177	761706.546231	True	
4.06233834742	-7.94506555655	0.587574314624	-3.79622371198	5.47453372003	-8.54236922124	0.456526130392	5.15081448396	6.34651309837	3.60997748999	-7.86393110158	-8.54502875556	8.2504586469	9.26678397692	-3.04145564467	8.32333456611	-6.3764684543	-1.78363741339	3.80469029543	1.4325234828	-3.80650793616	0.0231386796219	5.03711338163	8.89510142878	2.42753281168	3.09506959055	3.4006624233	3.30995207362	2.53386819787	1.38541464596	8.40246578956	7.27181359226	4.64998041169	9.96519132358	1.14144475622	3.86776048078	5.00195765333	0.856068192391	1.99919248026	7.44344672849	0.58897020668	1140052.70314	False	
5.07299859829	-5.09706311524	4.36662995022	-7.17908409436	-0.0857498830286	-7.77036318024	7.87681147018	-3.74162134077	-4.31092918216	7.5365408079	1.106096734	-3.79995449084	3.21817463453	-5.3267940007	9.54996018849	-5.84712994426	-1.37829651876	-7.03383203304	-8.80309598964	-1.18845818347	4.48179167286	7.36145463269	0.108662324103	4.63449498357	8.0805841626	0.796728092622	1.64704743919	6.26567269154	5.12597001193	4.84046128392	1.87460899243	1.82342605313	1.13348277236	0.652227918904	9.4767182106	8.04015195819	5.54567093461	9.04311528497	3.72787317474	6.27163388844	4.34244963156	817239.687951	False	
4.58387308423	-2.35520540134	-1.02606875618	1.99842635529	-7.43608717907	-1.30655246637	-4.72616200945	-4.77073610444	-6.78736048304	9.19871587957	0.151075476669	-0.834744951451	-9.02443215101	1.55751899586	5.74840164073	-3.41212550229	6.26672016978	-1.24238769338	-5.64290071319	5.06241329498	-7.08126811127	8.6420993276	1.8442482846	6.82263817992	2.2410898172	2.53059401918	1.85566272759	3.48596419233	9.49690072	8.53522155378	9.47282542733	7.98830831466	0.130929570745	5.56843330944	5.72436642646	6.27386483771	2.60018746933	5.28908668189	3.87251807776	1.46083408439	7.9817775306	823961.271489	True	
4.17642596444	-9.51233216854	1.70987574772	-1.06675626085	-1.96409054586	-6.37168788256	-5.16233820113	1.75579934269	-3.76624246031	-5.59551596286	3.82670807927	-4.7374649478	-7.19599992578	9.29451789886	-8.14166375689	-6.40472796819	6.30571682212	9.57678730285	-3.28316127795	-6.43601779938	-5.9988995374	1.42044638702	4.1435140663	3.42805437471	8.1745265959	6.09699365604	3.24450616677	5.48147002192	3.22235780148	6.82171678934	8.46960313002	8.83547520913	2.04150168312	6.73700101599	9.90893526239	3.35696350196	1.54569902239	8.35463724851	9.42801641811	7.09091639284	2.69468985847	993511.442898	True	
4.86203757703	-2.68403436883	-2.53345258906	-5.32662383705	1.53162246814	5.12334008798	-3.59443067158	-7.66570830544	-0.677240919721	-6.24659463124	0.10653830734	-9.55015744898	-5.74249253539	3.9726778091	-1.38241219784	-3.20853599663	3.85745096218	5.14243583959	-3.33162985219	-0.483735563856	-2.60837009354	1.53461765612	3.32709907951	5.0679043895	7.10474103955	0.0583901689343	3.07233954947	2.36489194075	8.41976981726	8.51647065637	0.929483659307	1.60611897005	0.167813280768	5.96174478189	2.11490179569	3.4639173621	2.74817780932	7.31158396121	9.19814861674	7.98584996192	5.2962710057	872445.843688	True	
9.15465080759	2.62582283385	2.5124437503	-8.62179293328	0.862746186257	-1.33545915078	4.95222913233	-6.43115900774	5.5623640259	-8.86869512269	5.08694823774	-4.07579183524	2.98511176917	6.51196189548	4.53344103675	-6.26045770573	-6.51449227118	-3.5609492108	0.609756110945	-0.518936225231	-3.92544131867	1.63748672519	0.253238601754	5.50394476855	3.17673002776	2.3654778517	2.62859973296	7.50286834152	2.83399623778	8.18917049956	9.79548538129	3.61696281145	6.84768326918	9.24122580377	0.876684974259	1.48754248482	3.96693394715	8.44104997013	4.07585306327	0.718735358231	4.70933110273	1106933.46046	True	
4.80810167941	-6.15620718967	2.22632712474	-8.98785451229	5.93167792721	7.7911521322	-6.74934236666	-0.610323846788	8.85256539391	3.58482810655	-6.53924265421	-9.19088940678	-4.77635767083	7.52748085788	-6.95570666959	8.33421309711	-3.35661808676	-1.65686958139	7.57111622427	-1.83655733942	9.62836037374	5.7407017856	6.12763882321	7.03155796312	6.50105444164	5.55839194079	5.17264614238	4.09707545516	8.93398520786	3.06878632949	5.71706557486	9.63142027557	7.72412367897	7.78272255527	8.68693446365	3.68946574698	7.63090761913	0.549848846793	6.86835959411	1.16667579938	0.80116587809	663403.828955	True	
4.64817218294	-8.72329501018	-7.85436819972	-0.0310272189236	5.26169544355	-4.45364135237	3.99911527716	-9.5640979807	6.0771324662	7.47678597598	2.38352505594	-0.839668397076	-8.43930838885	9.95348729699	8.80974386886	1.27144033536	0.358140213717	-1.4943910932	-5.77168887516	9.55797937631	-1.70138702916	3.29020701058	0.354444516345	3.4542028856	5.50130584403	5.73534931243	5.56506904035	6.32483083905	3.33358567245	2.7560970672	1.8323667826	7.37587094793	8.39142025269	0.117858066941	4.65279001125	4.3588232221	7.81363164234	6.46440757714	2.7611139085	8.47499794926	5.30205328869	828865.726835	True	
5.05922952931	-4.3503391994	-6.80623447097	0.50262420136	6.9369686026	-0.484527809824	7.65657596233	-9.13800748541	9.12686400566	-5.30147939493	-2.08825905605	-3.2105962521	-4.31830824994	3.87138546992	-1.77236761668	3.90584774609	-2.0086558174	1.43915044344	-9.74720855149	1.18643128398	-6.84211889891	3.79701309074	7.59449202339	6.48739572756	3.39369945952	4.79837235084	9.43370880258	4.75100683064	8.71894235048	8.11447100307	8.66665175824	5.59788878741	5.28209136981	4.11747217905	3.58881266405	0.87401146193	1.66300632394	7.97516745478	9.22696251198	0.754074720631	1.45666038823	742627.237244	True	
5.31120017771	-0.74686014507	-1.7340694026	-7.42172013	0.377992711265	4.51382119509	1.12332719186	1.2027878361	-1.50037417748	2.81322375395	0.421867398641	-5.88767267819	-4.18306385725	-6.01603899087	-1.27018308674	6.28415723445	7.76179204986	-2.04585061871	-8.99829513771	1.41001277073	-6.99982960229	2.48090498153	8.60193044717	1.43629798812	8.08831835777	9.07442805341	4.39734109955	0.501045931103	1.69764689507	2.73323694666	3.98940600368	6.49602587143	4.59770220613	8.55497040318	0.840920871501	3.81692745308	6.73927134314	3.66634890941	2.59875917515	9.06248400568	3.42790926133	664412.793574	True	
5.06493074813	-6.43523446028	-8.731312158	8.78116627779	1.73496093163	-7.51486280362	9.39161068753	7.73953518438	-4.56987407513	6.73788601124	-5.40802018965	-0.117127026714	-3.31713696308	9.39697904795	6.80266276579	3.46910033004	-2.55100278355	-6.36886498721	-9.90441556355	4.24591920774	-2.75244972001	1.30581834784	0.801960023028	7.41890136363	4.47870793073	1.36210296547	5.41164735947	7.52292010014	1.24571704201	4.92786815179	3.87210711917	1.39917894248	8.26073169101	7.4852488196	4.8384834665	7.28010679698	7.44215007606	5.00715106814	0.681747167051	6.86741668471	1.84108285245	1070925.70226	True	
7.20483395107	2.30798827856	-5.01304076151	-1.50703069341	4.7150950218	-9.64141708912	1.60469214394	-1.54930470423	2.07366789552	3.68571776656	-3.52697468442	3.73020814134	3.04834723917	6.85792544651	-0.541668873894	6.66713062997	-5.89833183433	-2.51909979868	0.69020003802	-1.65269412692	6.34545976011	8.00067448976	1.42023124089	9.8872446917	9.42005377269	3.99394604173	5.61494843276	5.70301460834	2.97787831873	3.4000271608	8.96295272774	3.57903521017	9.74990301518	1.6523607199	3.98415022707	4.2121119941	5.95122181513	4.21282833044	1.16148256091	1.68447767374	3.35541519818	1105423.80169	True	
5.54819478981	0.622714623524	-9.30389081964	0.129779650251	8.48584728306	-9.8291057144	-5.65826653046	-6.18934651797	6.85440029905	5.98775678166	-4.56823942485	6.34056840545	-2.36392526511	5.45203709662	9.23968744504	3.26136165886	-0.253768900444	-2.68971044472	-8.11488157148	-0.309955446405	7.26994309769	7.18105746985	2.70665123853	3.71438190398	7.13538220262	3.42983471498	6.41386998359	4.83428610903	7.72960403346	3.63087219544	0.730678855566	0.0117470029939	7.19505636904	5.12466721837	7.69337683643	2.31263823738	1.30100708362	1.93071247375	7.97990809364	3.33916349724	3.47396805572	804694.992285	True	
4.33271800796	-8.9736468496	6.50607192281	-3.65574356525	-2.79817439874	-3.17931890754	-6.43027611595	-3.54439605848	2.91822787623	8.60618064913	-7.90146898592	5.89667942622	-1.42523278096	-1.05966095069	-1.17962921149	6.09412990774	6.44901570788	-5.85288407856	-1.48920132324	-4.52963458992	-8.95607454788	0.749267991629	9.63635971763	5.27867588303	5.60338442996	6.16504000257	0.201515661478	7.21024445779	7.00717631183	3.23136766455	8.60330264833	1.16198738622	9.14083564071	3.20063353738	0.682290406047	7.23241506651	0.66737246522	0.525751515903	3.63538040803	1.42741980136	4.76001060293	914379.01376	True	
5.05307406109	-9.42333939859	1.95835513252	-3.79819567767	5.88052765287	-5.87347033913	2.17992391341	7.67188050534	0.119472237368	9.11498349121	2.30187947011	-0.643028655098	-5.64371440882	3.87340797533	7.94303976358	-1.85681983878	-4.7361658446	-9.01777323913	-9.66984030644	-1.74413770217	-5.98135235015	0.908612803236	9.89409096527	7.66456076314	3.24762831102	9.73544765836	8.85755380899	3.9537910791	2.42479788618	9.44798532199	9.176405925	3.1299630871	8.08483103224	8.2526022221	5.42275204321	2.82527929846	7.5765413849	1.2338559872	1.16175327874	7.13110091238	8.51906703452	588669.886282	True	
5.21156215909	-3.31683086454	3.61144957388	-9.02802142138	-1.99723730104	-2.10479139749	-6.4777895304	3.57373478455	-0.888416550036	8.17410344154	7.32765635198	5.33276591115	6.57196875246	-6.07621859208	7.12321706193	-9.07494385296	-7.63417512753	6.32615384325	1.23872047468	-6.7730034483	1.32390100686	6.83400262263	1.82162699606	4.85232506176	9.49403431586	8.78759171399	4.34469371086	5.2228708179	1.5542902009	7.15133896804	3.77138037111	4.25216979138	4.80111260708	8.54966286877	9.05315361626	0.515072071561	8.92327234535	9.17821664295	9.02680255129	6.57865699468	4.41177183273	808508.273711	True	
5.25218639066	-8.36159483382	6.9089168135	-6.72125728615	-8.57461178297	9.28823524028	-1.53986408475	1.28959341304	-7.59830569001	7.2649441782	-5.78314803613	-2.27964056621	7.55971769472	-4.00000844279	9.50042701258	7.0253183768	-3.03728919426	-3.1833142015	5.9356223136	-8.24946406508	-2.30801712344	4.52227892454	2.13757764648	2.58145077025	8.09852794158	8.82841921915	2.86708979205	7.54641031591	5.43803367469	4.71425861484	4.46844480107	0.867134033912	5.40690107107	3.35839725912	1.95653442548	8.42256942045	5.75435554474	0.794352760451	0.45093058557	9.08035230849	5.27293995075	1137883.44451	True	
5.89871395478	-2.03963972016	1.66734363941	-1.815461914	-8.3377925689	5.57914548757	-2.44065399148	0.598277138175	3.0506687171	3.64607144837	-1.00083672468	-6.94404969456	9.0713474212	9.61796116592	8.89659605257	2.41265965477	-3.03261464984	4.72649037661	-4.99428288025	-8.50601748068	1.2936882854	5.20310934286	1.20858679252	3.77345948483	9.57042442962	9.71421097381	3.70745066554	6.97799657161	2.38845148046	0.200436315571	5.75707529232	3.95515047972	3.01528091459	8.64772255638	5.66718107811	9.38998164816	9.95107537086	0.767914881686	9.04897491976	8.5215604162	3.71007976289	537307.307177	False	
4.07583733559	-8.61454649725	3.1105331338	-7.87121564352	0.516648721501	-8.98924334443	-8.43330245153	4.94258153925	2.89348395349	6.16277451663	-6.21932308153	1.66685819646	3.92587680797	-4.45745219746	6.61734803896	1.97591558975	3.88883385549	-8.88952265716	-9.86548063413	3.53503424894	5.63497331683	8.54541361645	0.551737895843	9.72209079502	2.0259054458	1.48718732747	1.65332818686	9.47297185179	8.61414341055	8.55430112978	3.84886197952	0.726609128996	0.820265416012	5.44643985555	7.39957624832	2.27487420862	4.68340722372	7.72133334892	9.2116524372	3.28986849308	6.78675190176	1104567.33855	True	
4.3661225745	-8.52273277146	-5.85818495857	-8.71522038444	-6.65576584305	-9.01110405848	5.23665579698	9.2756637803	-7.87184195136	5.7712006094	1.1476593845	6.630869093	-2.88891263965	-1.86829479178	7.70628864296	7.48199778856	5.70651319913	-8.51820571806	-2.51119052829	3.36278879241	6.77601852105	7.48447496955	7.11886106583	9.02331682265	7.12405226742	3.25110339978	7.60882529014	1.47724505306	2.78237579742	0.807050484068	0.1043892714	5.91691778311	5.39903479149	2.85261674335	2.27317959383	6.98236960585	0.628866885332	8.75813616326	1.76246292527	6.45910216363	9.05982554125	860051.468016	True	
4.30320308705	-8.06036605632	-7.42139958833	-9.44355765296	0.654278659124	3.44470807033	-0.632479660756	8.33023268935	-5.62174738832	4.98223276234	-3.89568582299	-1.91571685163	8.81052078133	7.48794070637	8.31269383307	9.34015016921	5.79490807756	-7.23447194977	1.52960833982	-1.13081392373	1.18476762751	6.11805636872	6.06459743055	0.0713052383558	9.64395854972	9.189379086	6.79143142035	9.77772367837	0.31900950789	4.01906190864	7.3003756527	6.24636501822	5.49498619704	9.36256370341	5.21993178646	1.63437696308	4.06256331314	5.53340346189	4.60136579212	2.14442785165	8.26488965542	894272.661568	True	
5.04775587485	-8.37420569624	-6.68386081829	4.63734710577	8.9594406911	7.93453521059	-6.55203502869	1.80624491622	-4.95198056045	-3.37969670701	7.1111464305	7.65386698659	3.45292379421	-8.70054565745	2.25590279051	6.12490709073	-0.103902192993	-3.38177393356	-1.08738246034	-1.94948254849	-9.32215179314	0.349807959975	2.16277205225	3.5709918849	6.37262732395	3.60671533067	1.44879154377	7.46532109617	1.91447949582	9.44106074662	6.05341704302	8.6187116952	9.2959887356	1.56172824674	3.51827652841	0.205660190007	1.16721324914	3.22386074693	3.63187714716	7.36965659863	5.49845019598	1043024.94129	True	
4.64281111363	-6.85829989184	-8.28573245808	2.4734847376	4.55318830816	-0.164676207993	-9.15198120786	6.41548633903	-7.41499944554	-2.89393255693	8.44928246989	-3.8033329342	3.49013907831	-3.22737555547	-5.22373331436	3.79949877751	-3.70756911732	-9.00366180749	-4.0327353025	8.04064487763	-5.70498095323	9.16408840847	0.723918134895	2.61209843065	5.77997362322	0.469000228652	4.67155628516	4.40722373407	5.09103559341	4.51363894884	8.72819448822	3.13122527801	8.18926110242	4.48232464968	8.10306564701	6.93141820681	1.32468409407	3.91491592193	6.14903445032	2.07398668082	3.549984476	827086.877206	True	
7.09051321583	2.60312153875	-5.25939869557	-3.98835512415	-7.52619699554	-9.17481142927	0.783913725731	1.49848593837	-0.420954181803	-9.51343831766	8.80499551421	2.51128590167	-4.24720211884	-7.55534071383	-1.99778950941	-8.2253424516	-7.04335315513	5.24188825996	-2.22113531917	1.13471258679	-3.92894369417	5.05252179288	6.99142767781	2.10087457075	7.42421756142	4.66754783873	4.49462515085	4.71674954972	4.97598454069	0.985534033075	8.01396695944	8.08441792686	4.74482834664	5.2821118908	3.5661290756	2.98800374362	7.26646707656	6.09898615499	6.34173107331	7.9126927422	1.96734552884	1352624.24026	True	
5.86038449276	1.10712711729	-8.65509808493	-9.80189976066	-4.95392101037	-9.10081168187	7.91958806048	9.5663045573	7.59621773058	3.87384498973	9.3372240835	-4.23666593596	-8.4163103898	4.02432028792	-4.4440535513	-7.38383864779	0.818671662848	4.48068428401	1.45864235306	2.54722660732	2.23670839989	1.69199463486	9.02601299845	3.9782109305	9.80883611304	9.51570668144	8.8263106863	4.54055128707	1.03535821379	7.55145789392	8.36071139343	5.473446826	3.78861912457	0.715890859154	2.24469516886	2.01436903495	7.4251964599	9.54287799285	1.38814498765	9.13103293953	2.42268648249	810290.491787	True	
5.37868652698	0.0472762939476	-9.32950040162	-2.77786815232	-8.73317870499	-1.26088614529	2.60713209177	8.57307884421	8.41267195714	-2.76971925199	4.52890342654	1.60359241398	-4.70647713777	-7.54629925544	-6.61768808797	-9.86968884903	2.6143201436	7.48401450464	4.27012607971	0.723672676951	0.38582090462	1.24213390439	5.58459536585	4.84768475269	0.373480275063	6.88213762584	1.64537168006	6.39315526742	4.2442444845	9.49954098496	8.82177174394	0.587795210429	1.20799861002	4.2276240602	7.58956575566	1.90571807394	6.83092418192	6.45877054182	8.18596815367	5.41966538346	4.18328323029	818140.504049	True	
9.39065305289	2.91122735631	1.96010908311	-5.81141445704	-9.64973144532	-2.3611507945	-3.08852444499	7.16238819751	1.63943063884	8.36103508558	-3.31114531976	-1.7265651395	-3.46717309138	0.20002653176	-4.29422836532	7.43482508125	-8.19657255866	-0.526521168325	6.78259642493	-4.0520288168	-3.03828009271	0.799885351354	7.88035493247	0.381465400439	4.23805758735	3.91692137585	5.1852927231	5.12151592253	4.26583216562	4.47361129026	7.97643575504	6.73542958689	6.55602018564	3.33454006441	8.81600717157	8.96095699531	3.71298377332	4.60726991473	8.69113000581	5.20307289631	0.359460432378	1124390.33662	True	
4.77497265074	-2.29444581124	-3.4350977838	-7.23250932395	-2.35681369094	-9.18712396649	-3.70589497702	6.33133015292	-2.19764289707	3.23805128805	-6.44050434564	-1.03509239472	-9.5832090948	3.01469140036	1.35674884774	8.11172154293	-3.26046469354	-1.58215081455	9.30189684368	-8.16654302426	-3.31737164694	4.30059138554	1.38400868298	7.56646331819	5.91155114001	0.971837668443	7.51516251681	7.92141840764	8.29994171039	9.02943353255	2.39922723089	8.70484120297	6.41128209526	3.47681524314	5.01914948642	4.68088712775	5.47250556591	8.644391885	4.51906991825	8.37257040397	8.39628424144	829232.351696	True	
4.53888554358	-9.11375853035	-0.63012070378	-1.2048491314	5.87515273632	-3.40350886511	-8.21851160663	7.60263893603	-4.37469944706	-4.34545688482	3.11024102928	-2.53624540597	3.53285767483	-6.41450007671	-6.6378730589	8.84461708763	5.78842717154	8.65112263109	9.74646406936	3.6090107027	7.89880123931	9.50081270075	1.92976526931	4.7076092015	9.57034138897	8.28309369795	5.50623140453	7.42687704153	4.85720326455	1.62793431479	0.866833795142	2.58897888487	8.28965003215	7.88925069711	1.27117763148	3.86399459395	3.62243860335	5.7008657022	8.90493485087	2.8125318791	9.25444934459	815131.724435	True	
5.07434221345	-4.48464448093	-5.97927679837	-3.16138635632	-7.05962215915	6.11329094182	-3.55693115285	-8.25032208167	0.111471168818	-5.11667339448	2.91540713588	-6.96843520903	0.0155375636617	6.7876587422	1.40623765264	9.1678776931	-7.71638577199	6.41822906116	0.293980330656	8.65760139226	8.69932810697	1.8395855853	5.9852300503	6.74476913203	6.48218209858	5.3176619116	9.51927343025	6.13389712048	2.23571521596	3.68606301742	5.74701465116	5.49735996743	2.07974025141	1.10114193583	8.49389931983	8.63750612692	5.8372441559	4.95854616085	8.10689947321	6.91013281808	3.8002829031	1146496.97629	True	
5.23472649676	-0.0885897618155	-9.32987583711	-4.56400832953	2.34178547001	6.28539887759	-7.30257633575	1.3301988789	5.9125513524	-2.34215992784	1.75329304217	-3.47485481428	6.18598701375	7.911184728	-0.0757776330832	-5.87386337149	2.96005083721	-5.32880339261	-6.88319467372	1.93693921936	9.55610410095	3.03280777154	8.68719391264	1.68899081407	8.72729849524	0.828339667436	6.45869110747	4.61028896262	6.20081189086	1.95409026107	5.35156186462	6.52504718678	3.04900875754	5.51790343484	8.17688269792	3.02889483541	3.74529906653	0.2619148883	8.11041691126	8.58741633877	1.88992022787	757712.203276	True	
4.33888940121	-6.1878415671	-3.32647565632	-6.92746792478	8.65221193752	-6.38093080069	-6.94463564072	-1.39431054773	5.1082071256	6.9411569453	-2.32867579321	-4.33952843677	8.40911549414	1.68415288058	3.72984106359	-8.33267548618	-7.63421769435	0.373458131858	0.233096411098	6.41010739696	6.70806251444	4.43692589232	6.10712680708	8.14469358422	7.66234392707	4.97072999808	3.01147583513	3.65116111523	7.38950337837	1.3572029736	2.21580922221	5.94916792762	7.06483233593	3.35971576466	6.09053466654	4.85180121874	2.89126350908	6.09756946229	5.00721000339	2.38405573219	4.59597248026	874265.7736	True	
4.34347742966	-8.49303263217	-0.199917732046	-6.56984314347	2.51377883565	-5.99848123908	-2.01018467992	-7.14799965439	5.68403426485	1.66659264759	-4.23728694864	3.42345166645	-0.899257701374	2.83671043906	-8.08043438963	-4.44799977157	-2.52899150525	7.63906638156	4.92894425105	8.88910185532	-9.30889641026	4.99490266178	6.89397524687	2.43675685696	6.07055854049	6.10211336358	2.92204491385	2.75841164201	6.96633215594	9.26064463745	4.67290739925	2.71112658351	5.65746790004	1.38387888714	0.81118547282	0.714631082212	5.85460905492	3.68526286415	1.74170090704	8.57868872258	2.79171719885	871256.394712	True	
4.99773654164	-6.64621924079	-7.01534322099	3.7156027287	9.18769058577	-2.59339315825	3.15700586935	-5.04069971259	4.18511331288	1.50392567851	2.33656767956	-8.66642072003	8.18557678276	9.23109102078	-6.7712276267	2.39493132992	8.4391000792	-5.47206584961	-8.26210093273	2.81123916945	3.8159236013	6.80315888912	6.46224998163	1.57495418254	4.85694467368	8.8171524411	8.1727397402	4.44694010937	8.32767890267	6.76947840243	5.13691990505	8.41366313511	6.76931645015	9.20742708171	4.15235171284	7.26393853629	6.5446188529	6.53172335117	4.14129999327	6.88802717026	3.24696637408	829750.410098	True	
4.93772489603	-4.76906050835	-3.81043259273	-1.46925240403	4.69323913067	0.292599089813	4.81244063036	-3.47888671403	-7.13094352926	0.739336202852	9.56694042607	1.4923993495	6.88418373325	2.1100543396	-8.84268326361	-8.35073488506	7.97363005207	-6.16831620557	-0.155784519056	2.44514128033	9.18552542315	2.73880625307	4.99403224102	4.20119587736	7.36557387698	3.54055908248	8.74061334296	1.39744778697	9.17487662185	5.79226375135	3.93042107534	6.44724606405	1.21546023177	8.62758854762	3.85145333401	9.50619346886	3.2485930642	7.32051000122	7.97073718494	4.25451250399	2.39776798419	400396.508914	True	
4.76754748761	-4.86839503358	-3.57895901834	2.7394307832	0.710247563415	-1.26827096417	0.960338080179	5.69385902914	-6.6267614948	-4.55200300774	1.43258789075	-0.604340238239	1.20462967158	5.26742089886	2.41765147644	-8.60639898173	9.63016964831	6.13296856793	8.14567795219	8.42642893054	5.84339447067	3.96359250379	0.839407856947	8.93522076531	7.9596619821	4.13951699272	6.5307894473	3.39465288322	7.17443818456	9.60708895524	7.08441532506	9.7219088535	6.66649414508	2.42899849906	1.29458045865	6.68242513665	4.99699942608	6.87712513679	2.13742970346	8.43776041538	9.17920992599	410494.203865	False	
7.32383823366	2.47461902498	-2.71900579178	-1.68574780741	2.44521515458	-8.66042758348	0.353943200927	6.12494673624	-3.78154271701	-2.08356019345	8.98294171943	-2.58812251617	0.586860617827	-0.942172132746	0.890151966332	6.13350748965	3.50925314933	-0.0641886442807	4.24937680877	5.54228823174	-0.197757612808	1.52640908945	1.0198608902	6.36388312758	3.07764625311	9.71995359174	5.80555018513	7.33178880933	8.69338241861	4.75895317705	0.563226166502	3.02608832623	7.5721133689	0.438643651333	3.80916827075	6.79331791819	8.05130276177	5.02507383519	1.46459448369	7.06628067572	7.41519954457	415097.637739	True	
4.69046440563	-7.652004874	-8.44550561039	-7.78547042534	4.95664845171	1.48551030212	2.187397155	0.850767453639	-9.53608458945	-4.15869512254	8.96401775886	0.562418800611	0.86256077647	3.12973980013	-6.76702319172	8.06483513547	4.49394202287	2.42813891198	9.01777735612	2.67543168633	1.40366216925	3.85367862414	0.474528743288	9.91347419703	4.87673485903	6.86623907505	7.66662645381	6.47191768916	2.02043601443	3.97059009599	1.4230854892	2.78794587432	9.18661615944	2.13499153594	8.70456569457	1.65637958608	8.75328033137	4.05843595364	2.48724227314	1.42238051205	4.68050304643	841451.612649	True	
5.04679783975	-7.42811886196	-5.46185396607	5.92264882178	1.58534804331	2.54899056994	-3.64270770842	-5.57279323217	-0.860023001626	-0.816388248274	-7.20430660794	-3.26351685867	-5.75945463859	6.43706859357	-7.60725674558	4.74814938629	-0.884070877235	-5.56967397042	-5.67842277969	-7.06147290506	1.9579537315	6.47865245472	6.63383057742	6.04150746599	5.75637667975	9.24114740674	3.50596031979	0.71885253335	6.80306994196	7.58938602216	4.5870575396	0.61868322851	3.94835839057	2.73115857032	8.29585345339	3.1036095348	6.37896954981	8.66958743527	8.62790860863	3.52535970367	8.90074701943	1056618.81365	True	
4.4925345078	-8.6584404394	-2.53875160371	5.24507578848	0.97062217183	0.520650203458	-5.96244862765	-7.08658891566	5.68605694109	-7.92744897371	4.71146977324	0.180771304543	-6.21382034409	8.68154472522	-6.66304626808	5.19810888302	-3.89226590024	-1.07804272278	-8.11583538286	-9.02568166235	9.20692607606	6.46473862854	1.66846319623	4.11804663361	6.26921479559	9.02046961341	2.00632798659	3.21019864682	8.85653559092	6.44023991401	4.61044417122	1.87961572982	8.12395060198	0.00387909984258	0.363184247227	4.19165341126	2.72918966894	7.87260523059	8.37153245739	1.51045076329	6.18380442924	815120.237533	True	
4.71298235411	-3.39818267734	-5.5838026568	4.03980447108	-2.47893759347	-0.107944885388	-3.27554934867	8.48934394973	6.15096795995	-8.39584762563	-7.35404361015	-9.41333672403	-9.17020338203	6.27248062617	-4.3951048503	-8.87945603722	-1.1695254959	-1.78988584128	-3.72830609932	-7.7754265376	7.64996298974	8.79667157196	7.53871778123	2.75036588147	6.71562850077	5.0851961484	4.01949087511	6.3774259592	2.83805252735	2.23603220791	6.34768429827	2.73529020444	7.32198672265	7.21712579979	9.19412810703	1.18148385651	8.53403085209	6.30785371869	9.20965805983	4.90954198916	4.22386231133	1001277.26477	True	
4.9862803989	-5.4704627922	-6.22224382075	5.13921285581	-0.861339442011	2.35253702961	-5.21343545098	6.36976090773	0.669081162131	6.39343530844	-1.20842611762	1.612264369	-9.34789074044	4.05836493949	8.23794422397	-7.90563562552	-2.67560646588	-0.0184093674622	-2.46983278709	-5.18646719185	4.88574478608	9.88216524132	4.59980659477	1.62609553741	0.590016280027	5.83865660935	5.16657355664	4.64149671981	4.49564465546	5.49168517915	3.30716593162	5.76805814491	8.85125728146	5.06996462473	1.07494783745	2.58730560139	8.7902067217	1.96014813928	1.45447752407	0.632463093896	0.651479867826	564696.685591	True	
4.85271520452	-4.05207680908	-4.25216896558	5.21756090175	-3.61821614069	0.324322729714	-6.47475300278	8.30279184538	1.0234587867	-1.47693254843	3.19326946457	-1.54038353455	2.33328858304	8.56902264105	6.43425350761	-1.8373047011	-1.18843482938	5.89930769318	-6.00739018937	-2.83957842522	7.97169318599	1.63769277113	2.44485085882	7.99530721859	5.11245204804	5.500119284	3.00328909278	3.10344720758	4.64100902816	9.39121880041	8.68577850425	2.01816554156	1.01672792493	6.63299377567	8.10611003639	8.69531115957	3.29386948742	5.28135456353	8.00418604039	7.35729823808	8.15013782872	561530.554843	True	
4.41743888387	-9.06536215674	3.71633534826	2.88676632644	-3.79901750161	-9.6185424259	-0.576212922185	9.58242937053	0.400792545644	2.11806278587	7.74514902733	8.89644885149	0.888271697627	-4.50984863168	6.00544334693	-4.58407310001	-1.59545513453	8.15286875918	-5.70064957338	-5.83405360079	-4.71663724784	2.58335039083	7.9064764149	3.50822350087	6.50696259306	3.89023831608	6.13955866924	2.44290092754	6.193208253	6.20923392853	0.840864134436	1.84185633318	3.93757935779	1.63237325989	3.078410303	1.64651520915	2.22878657043	0.44450099826	8.82181034617	0.920616834382	1.94506273289	842080.146583	True	
4.92356741913	-0.671160648075	-8.57923524359	-2.91650748046	-5.69564194512	-6.84255853582	5.24032403868	-4.06459816676	8.78302304767	-0.73758991169	5.16901817024	7.96610968739	3.22789255386	4.83731054892	3.38861773029	-1.99576934476	3.94059220649	2.37561043249	5.22640225811	-7.12766226105	-1.40967539152	7.76235372752	8.43389216571	3.7872641026	8.79345710682	2.41971697827	7.42299331033	0.776311893394	5.94975712537	5.51729159593	4.34421119404	3.17087394569	8.13813710044	4.38482466334	6.81953793693	6.40087954002	1.62697485891	5.86116496672	7.67920543624	1.65327313318	6.82126135465	786479.37675	True	
5.11265318842	-7.27315634323	-4.72193305226	0.231458812204	7.63420377136	-6.77705439857	4.97457746578	-1.22454823775	7.87386778327	2.53371610749	0.236238712512	-5.54647676128	5.30657503716	9.20737151043	-7.00715652534	2.86398784778	7.73430263696	4.97616329009	7.15264911636	-4.84306453177	-1.85045038056	5.45552960053	2.68742892264	7.08451365434	7.92046645613	1.17632313175	9.94393501002	3.89959723089	1.56567913229	5.92399518196	0.456200951818	9.30415797465	5.10775466482	5.19047946246	0.312210054425	2.28404606176	2.19414233538	0.710571469428	5.3314550565	9.8473777337	0.252514452587	686291.597976	True	
4.68456445697	-9.87611712474	-4.41934764181	-8.83437747396	-3.05450355232	-2.05668682757	-3.18639321166	1.44977472153	2.55840156625	-3.14424779658	7.46040030813	5.68861983497	3.89738852556	-2.96827842111	-6.87430200315	6.87019042651	1.19571765911	9.01146423725	-0.891084198918	-8.97594863325	-2.02114874663	0.0517482409401	7.08545655175	7.94491702172	5.20176062614	2.69866054157	2.33311789862	5.50140958464	0.710693870933	9.24589197645	5.33533719097	1.15280926357	1.35773472759	9.47011616478	7.22726238348	0.34674897046	4.10104575108	3.58113426563	7.0720959572	7.92379009831	6.86115121594	839422.950327	True	
4.85737695549	-6.3530718947	-6.81349723195	5.93289837611	-3.64823000542	3.89963910964	4.21596264131	9.68061769761	-3.12674791823	-4.36008323058	-5.92729825453	4.05699236641	0.485418713506	4.3201760392	-0.607790861557	5.21662486399	-9.02578071474	4.1389632515	6.57830912165	-5.36453654134	-4.92248226028	0.548015054918	9.27215050881	5.16685106336	5.88348007569	1.61832857831	6.37674735244	4.98551920874	7.04840290219	3.99407850039	3.81107769659	2.84685821229	8.39450482843	2.3296455161	7.15595474276	8.75000267073	4.92256686617	1.5021687351	1.6863933561	9.23760656022	3.25735219669	721602.066446	True	
5.35749267902	-3.67119973417	-8.59905288202	7.48844848662	-1.03247837002	4.20484555863	0.561090849775	4.18007073046	-1.43221120653	-3.22306801663	-8.08855688635	8.80528736388	5.03331998726	-2.48285649075	-2.54685463718	-5.98806877251	-7.96140761283	9.58393413073	-4.30615029887	-8.63382024385	-6.30045200504	3.17265402154	8.37760249925	5.01187735393	8.6327959296	7.39003508597	3.65664586435	5.03166134099	0.725452265152	0.849396294907	8.57687514465	1.9415922433	6.42093237215	5.86364626258	6.35516658746	1.23931395081	9.27570526569	7.0443783436	1.24554455392	6.81496101026	3.79312071412	718002.606848	True	
5.1820763228	-1.86721922727	-8.13059966333	0.911944594775	2.47819956032	5.17235828114	-3.31413261478	5.34289279503	-6.51093272984	-8.21064476775	0.0302837722456	0.275379860938	0.295694866958	5.39053118219	9.4006715399	-5.84574826736	4.0956531797	5.43757040576	-3.03969147969	1.49678038038	-9.60962609712	8.59072673284	3.93417570327	6.34643972037	5.9350769528	8.12865699438	9.20590341863	2.60286611828	7.32652414528	7.60183244327	7.27780337105	6.45291541404	7.62304004892	5.31492397612	1.68472486066	2.78192219859	0.760858368875	2.53799184231	9.24676251292	7.01027655491	3.61443821375	503714.681072	True	
4.294262497	-2.53515747866	-5.28515323638	-5.78496352415	3.79572040002	-1.27043009442	4.59780138033	0.505986347552	-5.46546850523	6.67756871805	7.96455729435	3.91489864144	7.48895399368	4.61916649511	7.54280827662	-6.79831823796	-1.96770163764	-7.9550266249	8.70204965888	8.60714422832	-9.81398526581	5.90621427741	0.487270846766	1.2115456954	9.16407487727	7.2609118475	6.09902172312	7.57247713818	4.6672350453	0.402204267526	7.76789288824	8.89850929477	7.13244328166	1.66778991672	9.56746050828	3.79109465092	8.36911155542	4.24580205433	6.17016801223	1.86960566832	6.78583109522	898649.810617	False	
4.77449327933	-7.17219114735	5.08156420036	-1.13922848233	-1.25298315057	-5.92741586622	-1.02704415135	5.22656393795	-1.49271202915	-1.65682113004	-2.13105985723	1.81636244527	5.50632740612	7.08410839246	7.30959063751	-1.91044819975	2.98098778096	1.29036122891	1.80498498078	9.15126177456	8.44613608182	9.38691616401	5.34124874092	7.92955953789	7.99096296814	5.62378883376	7.44182180513	4.10493470092	8.22374958375	0.676509144995	5.29215982746	8.99527963437	1.02783413669	1.37125259671	8.38420943522	8.72664086584	6.30070762914	2.9742582595	0.015038966865	2.28387786151	8.23458602265	490979.1273	True	
4.42481339191	-5.68432389928	-2.9551718864	-5.88451900004	5.42081241685	-2.38046079204	4.45958085767	8.99320091047	-3.86729306107	7.76174657056	-3.84892007195	9.96278344519	1.92611520661	8.32078593109	2.72792130484	-0.763424515579	5.15204107721	-7.06700461252	4.5179352702	0.286647378308	6.60551490418	8.01582775053	0.951669771648	9.18943368609	2.29507782057	1.25059607381	6.65319047636	9.92189169917	5.07848679459	7.92478492206	2.52223595046	8.22453442429	4.38386058966	7.72091182696	8.9550550643	2.29678407586	0.0792753470763	1.97690205112	8.3434350186	8.32497893107	8.65191522026	830024.390128	True	
4.73964107137	-8.9353139228	-0.680539785112	3.6661240247	0.352609813173	-8.45935609458	1.73096986165	7.36588301675	-9.80176474221	5.24997048203	8.19849513555	5.24416139229	-7.41778302556	9.42937751261	5.2496496455	-9.62658003051	1.07542068351	-7.01146741136	-5.9329103209	-2.08784711668	7.89165467266	2.4814692935	5.70697324835	0.370572799287	8.48745640987	8.62056387564	0.0598469333517	4.62752287565	4.21994164173	8.78704719862	6.74736903974	8.03618373032	6.82062199905	0.791406322772	8.16974902355	3.39967915904	7.72738913348	9.45625605213	3.68502016357	1.34080594136	0.645415563471	812446.688518	True	
4.40420351131	-9.4183270389	-5.38797201771	7.61813757919	-3.75733880548	9.35553296764	6.40407407517	4.44592500678	-0.894655432638	-3.9691440837	6.21857690469	7.28134243645	-7.55042039026	5.40956272483	-5.77771018582	-3.61524059992	6.24202214392	-9.99485652887	-6.54718128132	-2.25185165165	5.78273142793	1.97567549748	9.74823592731	2.89686509597	9.19174991547	2.28119251301	6.4076247246	5.607138265	3.57280583673	3.53861092883	9.09502962666	5.18932516333	9.42258630159	8.40424235455	3.84226432927	5.09700687342	3.67952335951	6.50441165824	8.52672929231	1.17170624731	2.45946664419	848037.152987	True	
4.95361063445	-6.20692766738	-5.82649061788	0.00237314018999	5.01453641232	3.68708994044	0.652337023475	8.23068662313	4.48069875468	-1.81530344773	8.61620207755	-3.41320760761	-4.09195380625	2.37868895762	-1.64665660678	-1.11057406004	8.46362973867	-3.00325135916	6.8396080033	-2.00094303094	6.19680857614	0.320510327412	2.31169586057	6.88323154755	4.98555950488	3.36737050438	3.95338260722	4.93131299328	6.27720778949	9.72643235731	3.79666101996	5.03448936069	6.62814363985	2.97509408637	8.9886535552	7.10327275717	1.83805039504	5.84829095832	7.22801114592	8.36306280739	3.93410731356	757532.112403	True	
4.32572105842	-5.48336854485	-7.02985370963	-6.07831344697	8.10495774861	1.40428233133	3.19127930407	1.51135060549	3.48345702365	-6.83976980871	-1.16386325043	-0.290322664708	-8.88270147574	5.942744902	2.4058219577	-5.04241684442	6.68493974841	4.76678805615	-0.10382440705	-8.83283187747	4.08238523452	2.83225986795	0.644087221168	5.67524921611	9.32364470708	2.63770615326	9.27891555088	6.93990051817	9.44885367158	8.27084175929	7.90970822149	1.29682401026	7.55401582274	2.83100517438	8.03222358003	3.72064712872	6.874834166	3.54699388919	4.10684371586	1.90950658506	1.50119436107	881990.947015	True	
4.58362167756	-1.86491935043	-3.6974490276	-9.84839442771	-5.32651884504	-6.0636414851	3.68649149951	-8.339134347	-5.1050463569	4.80139730375	7.19727613849	3.85909797868	-9.92852939216	9.61761073415	7.07505835044	0.932700399386	4.79177739385	-1.73293728566	2.20661931221	-5.29778786242	-6.03840971076	8.35119964747	8.79668934197	2.25560563182	1.10542040115	7.83460085487	3.31411713212	5.24744788173	5.19453018205	5.02243064549	7.98902263033	9.09902522657	2.30524392359	5.82769193229	5.60481399786	3.71570045272	8.22605489689	3.01674027132	5.56881240239	2.16924205695	6.08379438526	813264.956968	True	
5.22692707534	0.091305177341	-4.97841423212	-8.80808001962	-8.29728523127	-8.67802928306	8.3625772004	-9.2104510631	-3.98370109736	2.04817777668	5.06312693501	5.04012577541	-4.77983717824	8.44816195922	-0.117724955934	-5.18842866415	0.792668935462	-9.91897710125	-5.98251931422	-4.02538360641	-4.82717052804	3.41661816848	7.80877332835	3.07695036192	5.90497309287	5.08166557489	1.83388551966	6.26387723476	7.89151464887	4.36401136671	3.36938646692	6.45990148656	9.22455681747	6.36761725427	6.62688505601	9.02926776423	5.39359376055	8.20325371983	0.46153852158	0.580468249942	7.86064045766	790211.313413	True	
4.59279176759	-8.45567025771	-1.33341732343	-8.00259858762	-5.97984128727	-5.57403237081	4.70257833775	-9.20069634601	-5.26034860962	0.820559093242	4.40173427799	3.60164174553	-4.7566114761	9.88063535625	1.45502332565	-4.06767492469	-3.03692434353	-8.67191121245	8.38441635944	4.90448779755	7.73147667648	7.82231374524	1.23811185838	3.72999652778	5.27375907407	6.40787786471	5.51849368487	5.02047120842	2.19571291723	0.345279256806	1.16513344816	8.83544283143	4.85173793092	1.637287949	5.15742735449	7.38447775275	4.98108061866	4.90090006731	4.55359576843	9.43768366484	0.746602003186	819302.295202	True	
5.30038917096	-6.00592458175	3.38403049132	0.239284722753	-3.55367326273	3.69111735909	-3.32761386925	-5.28140649385	2.47169027191	6.43181557622	-7.03942696576	4.931879926	-1.87060458841	7.9059733742	8.73709105399	-5.74736267918	-4.07706380862	-2.47137217866	8.28494918131	-3.97304030857	7.33472397745	2.85682971296	6.44905444531	2.39776819664	4.99895373967	9.52754626664	8.39755281814	5.02191701425	4.519658456	8.90281777633	7.91877536414	2.0929179846	0.508025822914	4.64919683601	9.25207942697	5.93980839227	5.24276989073	0.595337139634	4.35672460996	2.90666029484	7.68593171189	307322.801544	True	
5.71170307489	-9.48804113669	2.38650460364	-3.00011380275	2.84918868801	7.39272613789	-6.8276673604	4.99488169766	-0.10627158128	5.10164813018	-8.82726130801	8.22124504412	0.26421633491	5.1859218585	1.63821071829	-7.26748035657	-2.9770906496	3.81454832067	-2.04419907573	-4.38858369626	4.90151063743	8.79003046056	7.8033935241	9.3847393489	9.28951841517	8.70117557956	8.05225244111	9.37874561761	0.725679738909	4.23323396683	4.78844814093	4.52661340204	1.29408511841	5.01228091066	3.30866287021	8.01298375291	8.88378226571	8.13518913455	6.24341494394	0.540465202205	0.814663290374	819683.638951	False	
4.52389201382	-9.59402920715	5.15584994607	-8.46575681251	-0.241941079623	0.86991285333	-9.42689469086	8.95128436674	-6.3902864043	-5.33689563483	-9.63184688264	9.5154905505	-2.05655537843	-1.24636342096	-7.70189902366	-0.393776651019	-1.68096181344	0.0364571658296	-4.10213402429	0.122588318022	3.60173888792	5.37380057532	8.47740296664	7.22643227301	6.66807549255	6.06198468922	4.83494730071	0.519390289534	3.93850739887	1.53294449542	6.06964500759	3.00160180509	7.47250838323	7.97814359471	3.50782766461	6.28479011461	8.61476835122	7.10195503784	0.652800652855	6.08301637975	4.54304595394	816931.420478	True	
4.63138797597	-2.50398256363	-0.451012732469	-8.25905816262	2.33749136773	-4.24400066379	4.0069240971	5.38017613049	-9.59142115037	-5.31564604328	-7.15557623544	4.87710782958	-1.8705220964	-6.50802163863	-8.96411135134	-0.125023653855	2.37963054906	2.51898892656	-5.08208655798	7.26439386097	-5.43468903128	4.31960507795	8.49437399853	2.69765800477	6.43536025759	1.3923297171	2.21620629047	4.42785380304	3.15877199943	0.142103223558	7.64513272519	5.92441933716	6.65296659697	9.61175302914	6.87458835862	8.72485353711	0.552561004498	2.29090298962	4.78698228671	6.92174608951	4.3282716549	791618.931749	True	
8.98237021431	4.63647685365	-4.31371499789	-8.81767957727	0.531994077097	0.275100568285	7.72101848389	5.13219229177	-9.57323794903	1.84160300354	-8.76641711404	-0.574393286928	-4.80242898637	-7.17787311056	-6.76509060924	-8.17814823543	5.56984050358	-5.66881887275	-8.17798990145	1.37437173769	-5.91595024577	0.35906236164	7.56323945469	0.822644579605	6.85596373204	1.52241008464	2.07301378067	5.94648322659	0.959971393605	0.343553890165	2.33739030939	0.653497799855	3.68772160417	6.1657758233	2.24127135743	7.46626959766	6.26415858321	5.39982211771	8.62375186132	9.21921382127	7.41798566413	832575.317837	True	
4.32332385012	-1.52902111422	-9.68457173561	-4.54725139953	9.40381622777	-3.73529743948	-0.995265324711	2.17951995588	-6.13854038259	1.16282070396	-5.73409396835	-4.47213344772	3.02654593003	8.11649765886	7.46512724474	-8.47118433206	7.744962984	0.540303401	1.82992272957	-4.30864632709	-1.01130125044	4.4087408303	5.98486099568	1.28032103578	0.180979816878	8.56947183856	6.04118062211	5.59063512263	4.73583232495	5.6863322627	2.47206581494	3.50491500079	8.51647733689	5.60943249883	0.518191233894	9.24461564931	0.617151368224	4.59041674743	9.20531436554	1.27276408667	9.57065989146	1001331.43371	True	
5.24525791892	-5.83759103743	-1.62962189507	1.12596080183	2.69858907351	-7.69943916782	9.0857240696	5.138192041	-3.89831087073	-5.42867839388	-4.89726058356	6.80378206796	3.61935747793	4.95977116318	7.87741419159	2.12914642303	8.90248969435	-7.96603909583	7.80540451652	-7.37411890839	-9.0457599769	8.72203235649	6.76142427285	5.16603060305	2.68532427646	2.29849724627	8.76871278063	4.43970887768	8.80684994155	3.01464951353	1.66473690246	1.16934842887	9.25548263788	3.87736807717	2.05344874585	8.58070578007	2.52661251468	6.21685200946	8.5450366442	9.78922379858	8.37685978147	540955.982778	True	
5.10336891613	-6.37442818438	-2.85459073655	0.0384241232789	2.39114401043	-3.16318756319	2.36233476488	5.15348559478	-0.92293470068	-6.5162521894	-0.0803522613313	6.859098481	8.16441785719	2.85639664279	1.26925107749	3.03507971162	-3.06359641016	1.00202813851	9.94838231555	-6.02654813511	-9.58861325352	3.86357792425	0.869705065506	3.79695738276	8.57989690969	8.33454508816	9.063087269	6.62962020908	4.33101445966	5.685177655	1.209707394	2.58784104357	0.269908726285	1.33067927692	0.615407415691	6.69323582492	8.74429375104	7.7871342021	9.08415743785	4.97296001988	8.70970390062	279573.192035	True	
4.42785900003	-7.19721855316	-3.53350123828	3.63142906522	5.42668472499	-0.706706539512	-8.91704950232	6.99635248746	-4.84254738491	-5.13798186748	5.27309190042	6.33982728545	9.33838616249	-4.70822106242	3.29958578184	-4.1644144461	-3.56830262964	-2.25446236946	9.22777450457	-2.50440692056	-5.00922421664	8.036471045	2.29721734781	0.851290271176	7.16808679201	0.100677755455	8.69147745694	4.30142841513	1.35744389059	1.78537869586	9.31394966988	6.64001156498	1.15318394014	8.60676102598	0.4988757383	5.78319157732	2.24916545092	9.52059378699	8.65152204057	9.65989790478	9.23727627459	824320.059712	True	
5.35878248036	-7.15139885603	-0.81542779075	-3.78648374626	9.95929327728	1.72958040297	-0.0290347579124	0.859364809627	-4.76572170603	-6.99187697967	7.67892724693	6.25543742291	3.7739117272	-9.50551417487	-3.31566433237	7.63957748184	1.21376485323	-5.84042234989	7.43623953407	-3.07050230205	-3.23289277162	9.26432151626	2.04469123344	2.25043948441	1.74645193684	8.81022407071	8.3488381586	9.71830884531	1.9560138492	0.150393546596	1.74048434999	7.27296972173	0.598661265158	6.34887049963	3.79832827617	1.62001368557	9.29441761222	4.08458911518	1.22185593666	4.95108833545	7.76749840628	624214.968864	False	
5.20332174012	-4.92276734225	3.26849346113	-7.67401463744	4.21281924431	1.25415452761	2.86826606495	-2.08961839176	-5.46269643931	-2.48884014829	2.24486640163	4.47073050524	9.95690675536	-9.36198935714	-7.36506205694	6.85519423225	-0.783558697222	-8.92697089315	0.403710389709	4.17598329395	-5.65660790697	4.34251636281	1.36631284986	4.9944894869	3.87239165752	6.12698220708	9.56973349843	9.21831965466	0.986690803554	5.15212214006	5.82353751843	0.795038205206	9.72034494137	7.9808970505	6.53654718052	8.05906010798	7.68593004053	4.66976122651	4.71252598152	4.77575228879	6.27728465992	310146.239047	True	
7.91698608319	3.53996652826	-6.58018584392	-8.13460549692	7.17359040467	-0.0994976251447	-4.44605892562	-3.29774554636	-7.90383427902	2.69406795587	-3.2131844715	3.30897909958	6.6800550863	-4.48388156531	-7.20787053611	9.34834320477	-8.31930140218	0.917116381914	4.56222918009	-1.77524974874	-7.88602851512	2.23136659252	4.87158650614	8.89027308517	8.76157482966	7.37302416905	9.0084499631	3.87717186389	4.05696859112	0.364845299606	5.23500508293	8.54718121861	8.77077860964	0.761648181537	2.16247498832	7.99658178819	2.32537504801	1.73034432576	2.90108782615	4.84250834614	6.18883807756	1069065.96961	True	
4.64061147065	-5.60031909362	-5.02597137941	-9.83708038022	6.0894508978	-7.98195748625	-1.75286255633	-0.490723065587	-8.94980577184	5.15913266116	-8.30716184222	-8.73363247565	8.49027131649	-5.46878010588	-8.39940904362	4.589200225	-7.18286576186	5.07336356743	-1.63506491174	2.53871766504	-6.63438835273	3.26580889725	9.33728558414	9.04606445419	8.88962199272	1.8430563277	5.85562478646	5.15058483703	5.73077740731	4.02779284888	1.73914950589	1.45438133185	6.18151556223	8.61734162791	5.35348356801	7.83952652066	7.68966533887	9.59973036865	0.554008880786	8.52548168752	0.701066671716	825990.913423	True	
5.3043876278	-1.12603899045	0.442683695389	-7.17339366577	4.67364256556	2.10645649283	-2.35070396779	-0.851822782472	2.21968515133	-0.441181216399	-9.35172630951	-1.41916417783	6.98330577478	-9.47685132093	-8.40171006581	3.22491575329	-9.17069829479	7.69000721047	0.774577127831	7.93851305707	-5.06565410816	0.246267419823	9.63577639991	5.60537302982	7.39086773815	0.397128467049	2.86915720899	9.22449032957	4.62225918063	2.35414327581	8.36305040396	0.0478616189175	0.969730883703	1.6416011446	8.2439184334	0.759686430143	3.63432699672	3.68493904617	1.75248817571	4.14366077937	5.19246496349	717088.132766	True	
5.0052450089	-9.50822051182	2.27450907435	0.274705374055	1.62380383175	-2.16880050306	-0.346844155192	3.47428571668	4.20972510105	2.20606294274	-7.56327593602	0.0343870107964	6.63455560112	-9.78331272656	-8.27313088497	-0.737203226465	1.25709234894	5.38890607968	1.13027280912	2.28916443759	-5.81296006195	4.38621865787	7.70847930908	5.63436509457	3.43086322054	3.36152562749	4.04951332511	8.9343969974	1.3009765567	4.35114955236	7.78276741057	3.74251392559	1.15991791539	7.80278426507	8.31728171337	4.65398180189	2.22169566042	8.63848735439	2.65972688962	0.0513223573671	3.19926050024	488681.824118	True	
4.83187635082	-2.36764375082	0.807697418914	-3.83147642217	0.018330472992	0.983960083056	-9.07210632984	-4.58118152048	0.616109456708	-3.33066844249	-8.89277041576	0.778977419852	-5.43970918602	-8.9350222304	-9.64873245692	8.43688250916	8.05121106398	1.20558298776	3.09324195572	0.490585052056	-4.24665181536	7.93291623755	2.90541386619	1.6987506552	3.09122473208	7.80422659791	5.68229039358	7.19743001955	2.40655187561	1.16344233074	2.27592618594	5.70001696952	5.44333279974	9.69259666079	1.7603109401	9.31795959879	0.702756928352	9.20782651848	7.97023778728	7.34992816109	8.67160233091	786163.594574	True	
4.4340881978	-3.73729049482	-8.17672332494	-9.30026749745	-5.91712437993	-1.53692702628	-9.34733925398	-4.57698005252	7.69529275253	-9.54868083894	-6.1203731064	-1.03148704933	-6.05305814148	-1.54885183461	4.21708708205	0.128872493564	-1.2381548585	-0.990912412243	9.79250936276	-1.50178284962	-6.49034552288	6.11821869368	6.38854312535	4.20876455266	2.46827092288	9.28762701865	2.13550329139	2.93948859746	4.2766952218	8.24685358972	0.749113049329	5.25100128026	6.70051539089	7.9423891019	7.0950630224	1.32760289584	0.221016233119	9.31447845911	3.3919142685	2.72843265803	5.08081621133	838099.238623	True	
4.69036235118	-9.08127925767	-7.11827313488	-9.40690194611	-7.05187614094	-7.81608868553	-3.10697975396	7.48525302664	3.33590402252	-0.82912213975	-0.326601671216	-7.26285512708	-7.8941765844	1.39223642777	-0.550300713463	7.32025468468	-3.22526748769	0.493971681877	-4.44555696707	-4.64633252816	6.90776387284	8.29065573424	3.66730264611	6.1222820235	5.46742904065	4.10130928182	2.50255228277	1.03091785128	5.2005670313	1.20880737889	9.72841512625	9.22230365535	5.27754728854	6.91582847957	1.81691545399	3.49467726774	1.14159598849	4.46866430949	9.30798021728	9.13681945195	1.85872735673	841583.281631	True	
4.43996268107	-5.10540186715	-2.60632903779	6.01407372547	-9.15239754773	-6.17820963113	-3.17443452078	2.32687604761	7.06118281342	-9.1865829443	-9.70816231317	5.50678887236	-4.82529895132	9.7565724468	8.06887469351	5.62494849472	-7.78665534541	9.88954646338	-7.5159219207	-7.2767243043	9.82733529535	5.30014123181	3.14840223121	8.90634967527	9.76787109144	3.6662731596	9.01380554013	2.62214863621	8.07162358984	0.797984408604	6.51895704069	3.06155140662	7.49041271533	7.59549172207	5.65560413983	1.94670452803	1.62346599791	5.46004064717	8.17784536963	5.83862967906	1.64518167442	848553.895723	True	
4.69107414442	-7.37354253402	-3.3748791161	9.06429013215	-8.09942253475	-8.25551744756	2.13714096295	-7.50744097941	6.05804300075	3.19452547235	-9.45988039651	9.89008304908	-6.58715865332	9.12285826998	7.10056423165	6.02929484722	-5.73570873317	-6.88537577633	-8.06813832988	-7.17976617272	7.8542706813	0.330265253487	8.3217863096	8.88461811933	7.56442054565	4.32860605332	8.19171359662	5.80116744176	1.18637102241	3.13239493542	9.06274035924	4.1511837561	0.602661050794	9.57958938714	1.34437735679	8.08726814732	3.60440262958	5.6635183712	6.85125325723	0.0702295166692	7.55713573234	791167.815286	True	
5.74360221981	-5.27524692608	-3.30168040404	9.10267106672	-1.6884861633	-0.569371747307	-4.26004795327	-5.20066326891	8.85796566769	6.96602046705	-5.23515043396	3.3794901244	-8.27851348144	-2.96136962637	-0.534192139625	7.15965787543	-2.37607955091	1.26520384359	5.59191967537	-7.0775149093	3.55490293842	1.62479573175	2.69717103658	5.80785473976	3.5045765962	4.62221512272	8.72730270635	1.40249182443	8.83325933462	3.04257820326	0.348410729577	4.1039226458	5.70198021296	4.92969337262	0.12558337282	8.21944759442	1.18335541839	4.60328281491	4.86140325965	8.7769808064	4.50791932364	609389.385759	True	
4.69561437526	-7.71982083097	-2.13727238229	5.94840195018	-7.29039303309	4.40839539149	-5.4814759652	6.17524095802	8.84972009755	6.57382622885	-0.744183496841	-3.90156089296	-9.15360537569	-2.25411225495	1.36394581801	4.70203800797	-3.10070000656	3.0337390969	1.72260092214	-7.08772811522	9.42302170538	9.24370732519	4.56510923457	8.46264244673	5.05633156812	5.83123668558	3.29281338821	0.681005346085	8.01327144633	7.66850570991	9.17839033053	7.55774209704	5.26147006211	8.44746684281	2.06432651094	9.69308640963	2.23680735928	6.68510581566	5.72962345154	4.10703880049	9.24814770027	612604.839058	True	
5.06716044158	-2.970803893	-5.45210175351	7.443522848	-5.92568901714	3.17130591555	-7.6516131431	4.90960340569	2.66308455712	1.57033613497	5.19692778586	-7.93281114404	-8.36485494293	-7.18200130624	4.22343815245	-4.45333401704	-5.00383930521	8.8511331802	3.00616425948	-6.52064282308	2.86493152841	8.47133140771	5.40688502217	5.11890463182	3.42868635788	9.28446830302	6.1907730528	5.29719195363	2.78535672649	9.49445086575	1.23951280046	7.03974647742	6.94798340538	0.271874925244	3.66636594586	9.45564143179	2.16002160961	4.227629818	4.74891339291	4.23558346496	5.54715926332	339835.639921	True	
4.80605147962	-8.85849191018	-1.09759677758	3.41708759521	-1.95682547049	0.600584947701	-3.01062277529	4.29861865483	5.12425933472	-2.56632201035	5.44667653732	-9.30150274597	-4.51430902679	-8.76928018513	6.42149468768	-6.52337224459	-9.89093759676	0.215284295731	7.74055342887	-6.24399527771	-2.54532719803	9.20911840106	1.07685657549	2.3917385235	5.56207078558	6.1612436979	7.37213435106	8.96989092468	8.37027230084	5.59401211306	9.45326402093	3.67926040268	8.97334793649	4.47558916485	7.74188556233	7.76136635723	6.3368075132	7.6046155964	4.57604815263	7.14233403356	7.48868150338	299679.187789	True	
4.91360023842	-1.25002482515	-5.45794066487	0.315421474883	4.55674043918	-0.0717133860108	-9.4828949847	5.99568166205	1.89804363507	1.20254331385	4.04164160686	-8.15304014716	-0.546738788496	-9.60706827001	9.07197260911	-2.53778109353	-3.22481522792	-1.66923859774	8.07315175782	-8.50890600372	-2.01945456829	9.60263064359	0.693828806673	8.1935745414	7.06801427706	5.48515636327	2.55193069585	4.65933523177	9.11266930739	4.65787359212	7.68170749266	1.97757217424	7.37447116029	5.25867777286	7.92813494396	9.19109192785	9.91288524786	6.32265588943	4.70457657014	0.788886221886	8.16025103662	394089.343623	False	
5.75969637076	0.510695930873	-9.0744306374	7.97619866554	-5.67578158725	3.62184952144	-8.22901820263	5.05499400039	0.587778093048	8.19310788792	4.67889242497	-6.24474353685	-1.24149978935	-6.93600022259	6.85393009797	7.93833823298	-6.46231401716	-1.79820302352	1.21544605339	-2.63862533475	-5.08173327134	8.08381993965	9.42970624965	1.36851161878	3.25284521168	7.72437649437	7.99131623526	6.94249758096	2.10797746126	7.43222811111	7.90425837957	3.70507768437	1.61308460834	0.426182098643	8.25202196614	8.20258714961	9.09670351918	9.76504261467	1.31646812136	2.78942353426	3.59563089776	566491.041239	True	
4.35022295676	-4.57732168915	-7.56301741992	5.28430148495	-4.8590535605	4.72641698205	-5.82759898679	3.84957608301	0.158842416313	6.12398443323	7.84220048344	-9.22887163977	-0.994095004819	0.00223215129727	7.19405477788	9.70659677268	1.99899358785	-2.99477406569	2.55494985397	-0.484701000779	-7.69285519603	9.45441602845	9.86292320139	5.74439395398	6.54007903661	6.39624217586	9.68202793938	0.70026299495	2.83043037339	3.4851896167	5.07575573355	3.28605799893	3.38919984671	4.73225426099	9.38115056784	5.68470831963	9.34461593403	5.66161930377	1.49028302371	5.2848399325	4.10742193882	815327.446637	True	
5.09329889287	-6.58681707354	-1.68120793323	7.48431530663	-5.05601828301	-0.0347011575661	2.91521007523	-6.40449898714	2.93208753703	-0.0381345193828	4.31591298328	-8.94007062581	1.29574607199	9.57728892594	9.33465599626	4.25390394141	2.73954350262	-1.95472809951	1.29994731729	-9.2449994559	-8.75792771426	4.08409532404	5.17239113088	3.47154389973	6.32096562511	5.79305064882	8.85553531104	1.14767534918	0.220705037437	9.13228302745	3.97794160194	6.92572538338	4.26834975669	9.7893567043	6.78106645803	1.20854051819	2.57442555005	0.085479047528	3.07082198942	0.476047791596	0.985746781149	400690.9502	True	
5.71672588275	-3.64731487176	-5.52530086108	4.08791649935	-1.95793310532	3.71486954848	1.79141839822	-6.43487839269	-1.32682704786	1.16509876379	8.56673696804	-5.68873193648	-2.55555684278	1.86964180175	9.4636907024	4.17838524659	6.05994387057	-5.26496832747	-2.80581545736	0.589308908403	-5.53839115468	3.34063868042	8.31469488814	4.22249546036	4.05757353983	8.26563522	1.26752284928	9.45945428048	0.492744959262	9.60047942199	0.208950478598	9.62542872189	4.18515528177	3.32344122955	9.38284182472	2.569245185	3.32267175495	4.35397922747	7.76796527913	4.09436850894	8.07231761814	764621.923507	True	
4.95161825589	-3.79182907339	-3.09886297201	6.23469343281	-1.66647154071	-4.61875497706	6.11448409066	-9.43165912428	3.98816187511	2.03003602117	3.68309772847	-9.35281797402	-2.01686620462	4.81687998879	3.95259940774	4.05808637915	-0.451642434354	-9.69747996722	-0.642087385717	-2.4881251552	-5.11212495052	4.22373331286	2.06028044672	1.43429553561	8.50984154098	8.89269715449	2.38785074843	8.48878262053	4.52541143548	9.81116283221	7.35876052475	6.76776061299	7.6778401364	9.2885579978	9.94337268808	3.27912320472	6.14685214905	2.75894998535	6.7535915681	2.0139157801	9.06379092137	506116.75213	True	
5.23509234005	-1.49331170981	-7.56433864346	7.87165864106	1.17136951271	-9.64263774768	2.94458739057	-3.06567745654	1.06144987031	-3.63167617123	2.98575089274	-6.1349268123	-1.11684583806	6.45356787885	4.37742647854	9.53009446461	0.254526020671	-9.0027405517	2.1713073468	-1.76099695534	-4.93528448612	4.94395123779	6.36034394155	0.614403978828	4.60746587652	3.51087008146	7.66392401832	3.71724327599	5.58263675142	9.00080583204	8.8064244735	8.38501826901	4.93635135383	3.48937862413	9.05170669716	9.02566640808	1.53685778181	1.06529453165	6.5865314541	0.946733536081	7.68712189174	727156.158541	False	
5.21940312978	-3.24411214628	-6.99455366681	7.63071896524	2.173814479	-4.93182280872	-0.767267680467	-0.722851334293	0.890863300959	0.770862552107	8.31768491975	-8.61998787813	1.76174101707	-2.00819370794	-2.8236341887	-1.48992942097	0.935744441301	-9.96395152964	6.89834009117	-7.41931107155	-8.93502194672	2.74635981362	1.83865862532	8.27390869101	4.53080035023	7.07265510379	7.92408952104	1.84863098522	3.27937031376	9.52624177891	8.45511384462	8.70332536892	1.27833856775	1.45915434482	7.91007402461	9.10914787195	5.99673019323	1.05374042243	3.00166018004	2.91191158026	1.42604831129	412460.917509	True	
5.08157997933	-1.59202732898	-8.45954335497	7.75392544199	-0.557602725845	-7.92151475781	-0.695478603331	3.41001054773	9.76536027061	5.44828786071	9.6949360563	-6.68372696203	0.560361603738	-0.614202238875	-7.96498996131	-5.59048326814	2.97211932081	-8.46987292356	8.98305671335	-8.1289866353	-9.24847541975	2.73244617595	1.23647968981	6.8722119362	9.34836412564	8.63625475723	7.34167864974	9.29127002995	7.99472738164	6.42871369195	5.17924449646	4.49699583809	4.34846770534	2.84788506508	6.9736946987	8.16329617545	8.79554425001	1.28219545761	6.24640958069	9.64740584942	0.611440854375	487030.53117	True	
5.20513763214	-6.13444851839	-6.13193685205	8.29941318722	3.45565571539	-8.3961950345	2.99037888477	6.75055801837	9.26937961639	1.85610489227	7.79444399714	-8.25940888179	-0.404632292332	3.58774963202	-4.72348510422	-2.3756857458	-1.77305433986	-7.58239665543	4.93606605257	-4.64671277441	-3.05852779748	7.58591132858	5.907183694	8.39463032522	4.53141708457	6.04363567213	7.14517627964	2.24178511175	3.89373425325	2.59090786905	5.11622748805	4.77961713903	3.14388431534	5.09516438075	5.68618321129	8.90107937235	8.30037217439	1.79659194462	0.662847535524	6.82441871	9.84145164697	652234.649121	True	
4.64064827821	-5.25110345189	-7.56573402702	5.41346446883	2.14905696374	-7.70643325947	1.72140337617	6.31518056439	9.71993590594	-6.53149912603	7.74482420759	-6.87379190659	2.89034519218	2.14145552392	9.20128395419	-4.30886903353	2.39515478769	-8.60543290124	9.85393857983	1.64738701443	-1.7682516469	3.4411081947	7.02044135691	4.45708235089	5.46139048531	6.55928890487	3.290431761	4.35367821743	4.05889123056	1.50075769699	2.33621596245	6.36538480132	9.41621787568	9.49666514772	2.87749076821	5.13024215164	4.93919613131	4.41527229823	1.18562191442	9.8370269929	1.33127508219	697494.915063	True	
4.94809124578	-7.38473458601	-0.905011850229	0.567085207349	6.39037425862	-2.9835574873	-5.29712492901	6.66205561093	2.27905743601	-9.64461166205	9.33777452878	-7.86156356617	-1.2288106052	5.31954208386	5.03247068317	-3.21829100142	4.71483361359	-5.24223615347	1.46481333823	7.06639528941	1.62973375136	4.83991930041	0.459597823928	4.51471764399	6.59870329146	7.5755748	3.8971749565	4.85283653848	3.65232928695	2.14362760836	0.559430804591	7.13956548838	1.13661756053	6.10704686864	7.31587619238	9.44064459041	1.58354463646	2.87549881925	6.87399680462	4.57122662833	1.81230701603	361080.585887	True	
4.73676497642	-6.73136344595	0.46627739898	2.52402132303	2.71595260397	-0.56533974221	-5.6122559865	0.511134461964	2.81570494683	-9.68388778828	9.78586602279	-3.70243482926	-0.959662946564	-1.38498093326	0.498817028782	-2.27310478275	2.68099922567	0.862157535941	1.26878100776	9.4939049214	3.57676754617	4.64358783391	7.10387073895	6.41053532103	6.03649065238	2.71077936123	5.93319999089	6.75596743087	9.32647820079	7.87678728798	9.04057290206	5.51178434984	7.58180709953	5.70607986542	7.26186621856	0.611665623572	3.80322939753	7.76990683817	8.78485627405	5.79983899941	3.51852607793	667838.549255	True	
5.16388763889	-4.58442389692	-3.09878214238	3.60370789102	2.52102706365	-0.932303496112	-8.92870191173	6.57306579735	8.85231269555	-5.61463391927	8.53034212211	-1.20489742329	-2.79663906121	1.97432175696	-2.76622309588	-2.32534417977	5.44933576168	3.05975647799	6.24697381681	6.63311964684	-2.21495287089	6.37051656857	5.71362129046	6.55780657282	4.62613884885	1.79683439577	8.23840393347	5.26252682283	7.77890561738	9.18596079655	6.76641757699	6.95872139178	8.04338360974	5.18376375231	4.16283764496	9.86256663374	4.94547348629	9.47554904946	9.91258781034	7.37516291764	0.556870286117	583650.890786	True	
4.84458958536	-1.84223611351	-5.80702479243	6.34615077033	-2.86080116593	-4.84555755198	-1.72039857209	-0.766272040619	5.03038529703	-9.99993470848	9.21456860888	6.32148133393	-4.778945195	2.00943068653	0.88822783783	0.548948759896	1.00445269599	9.23665800833	2.46205622446	8.7876745988	3.03188630939	5.69271626998	9.23898789856	8.12911916525	3.18268785581	5.71920587674	1.76829996542	6.84466223814	3.30676381118	3.13440384327	0.460202591709	5.67189320437	5.02126178499	4.53063395288	4.37120742142	6.8812587334	8.66781756646	8.57895764778	5.69610086768	9.34446498314	4.29984238032	751402.568514	True	
5.06203411815	-5.67074833906	-5.47149603505	3.01494155579	4.23586878327	-1.67904424597	-4.72611193178	3.36360352369	4.18190894346	-6.78283044246	1.51338162606	9.64727093106	2.48365222547	5.07939709293	-2.21727403197	-1.23238794943	3.16066266255	5.81159153762	-0.161915267062	6.00870618456	1.30666844175	8.29521328896	9.54209482277	8.0593799295	5.6488453405	9.38676843736	1.40115980425	2.4763665355	2.90899106076	1.87456046431	2.52005215299	7.86778314545	0.646619357894	0.585824720105	8.16677900084	1.28334452128	7.05539811586	6.84321482831	8.98789099325	3.64953508283	1.89982840944	419413.280705	True	
5.59152240508	-1.01620455993	-8.46156382176	1.52151452135	6.52160764953	-1.79015252919	-4.90663221013	-0.801495430362	3.83890572747	-4.71998761176	4.25272867787	6.78091865596	-1.77519591423	6.2265332327	-4.62282293315	-7.74170453528	9.48998069424	9.7530047421	-5.70705496085	6.60997635789	-8.25493994168	2.42006450315	1.31880953677	9.51482190067	7.99464585703	9.29980346287	4.25471219892	7.14754269274	1.09027890459	5.914379609	8.02395926262	5.17220788649	5.80319166444	2.23673171117	9.90408599607	2.21725471088	9.62401130866	5.40199338771	4.46261496897	7.94076686341	4.26945939642	288395.175072	True	
7.2924124666	2.05452466122	-9.54952974342	-0.306980615425	6.68467243416	-1.90014149786	-3.82290832203	-1.73787347982	9.93263408202	-9.55496308017	5.70221632123	6.30275213139	3.72488212424	-6.39501224151	-6.03437932904	-1.92747147753	5.26726634526	1.63581585397	-7.65654707918	-0.112999812656	-4.340841618	1.38910826464	0.446043272669	2.76017345587	9.53824710555	9.95361229238	7.46052382009	7.12442057325	5.30483983018	5.28621902576	8.19983333697	9.96500592284	4.05649019516	3.21445393438	8.61062722373	5.03333863694	6.71613267784	0.894015804751	7.95323332556	7.10063539636	5.91435141991	413319.617811	True	
5.09580440728	-2.26652650607	-8.59852868242	5.35301917635	-0.816227302529	1.03247656833	-2.61923570369	-1.01867497215	8.23318934924	-7.04984539479	4.68449060792	5.05709675981	3.40785513283	-8.04092963696	2.65064777159	-4.84371461555	2.89708173757	-1.09996942156	-6.96383412546	-1.2018870622	-3.64789683869	5.71008607499	0.669736111596	6.76433393811	6.5697817372	7.30722477468	9.48689428052	5.43464163561	4.37579868457	7.95006611912	9.89330130339	5.89885021837	2.63606627052	4.54771987111	8.16467402379	2.82667526635	5.28229615805	8.25094552351	5.73712013207	0.346275203105	9.30922794876	215645.854762	True	
5.27223627454	-2.98391164128	-3.40340166798	6.46436181845	-8.29552310247	3.52892600126	-5.11009819212	0.0361514846191	7.16252094275	-7.21683163763	4.36472167604	7.39063410554	2.38490660955	-0.595219326504	8.31236560979	-6.83258641857	9.98847565281	0.761087337415	-3.85494206922	-1.50696761624	-0.876503369	6.70277293522	2.37433937049	2.93241228698	7.31953174558	9.30877882371	3.66306061648	3.2793458132	6.30279777033	9.53915181154	8.188388667	4.68970758101	1.79723179608	2.02942085644	9.93395949624	4.20108315939	5.54419915142	8.21021368417	6.92144970094	0.501633340229	7.75195944799	336689.574601	True	
