Parameter 1	Parameter 2	Parameter 3	Parameter 4	Parameter 5	Parameter 6	Parameter 7	Parameter 8	Parameter 9	Parameter 10	Parameter 11	Parameter 12	Parameter 13	Potential	Temperature	Equilibruim
7.5885535909	-2.51122216487	4.57268883535	-0.348929843837	-3.21647791593	3.33128586713	-6.5835703981	2.68803613378	0.27978896521	4.52358056841	3.04260194215	8.17810095768	0.866942623944	2243.18021947	3444.54114507	False	
3.66336652581	3.59545022343	4.18215654601	1.74109388854	-7.90125726511	8.9193221717	4.93698320554	1.14471477555	8.50225750258	0.391044283413	-6.19235513961	8.77315867345	1.02362550705	6889.51880798	3444.54114507	True	
5.66567863053	-5.95433209913	2.49529008878	6.2013389427	-0.636202749251	-6.1597620494	7.94670314842	-1.98533316364	-0.55435717134	-2.96629934361	-0.199894373077	3.59050338457	3.46383479431	1816.48984574	3272.31408782	True	
5.81393433874	-4.94416369445	1.93013566685	3.28801274379	5.33169721485	-0.355279322354	-6.52451944958	6.40320237649	-0.817557137287	-2.1659553882	0.505570275384	-1.85289188676	2.79879602242	1821.63521667	3108.69838343	True	
5.48071579416	6.85596415081	0.81311236504	2.76302105029	0.00523796832731	-2.67663984055	-1.55767222867	-0.706484274614	2.29325429914	8.899934393	3.3550935867	4.7366265394	2.7819065429	5709.87634576	2953.26346426	True	
0.0871973000407	7.96863901546	-2.55289937552	1.33296587742	-6.1911950761	4.71678187323	3.77201047877	-5.4956245633	5.77162059413	-3.75303036299	6.67446156967	0.0120131076069	0.0332369513639	4283.73460185	2805.60029104	True	
-0.369505337589	3.84496475048	3.71296379155	-5.9251683391	9.98832382988	9.77021996897	1.00530762902	-4.02816233659	0.469165395171	2.02734398151	-2.10981759	7.63122900651	0.40561986754	3519.39030051	2665.32027649	True	
-2.427398169	3.72343189002	4.22243946749	1.15515185638	-2.42171252459	3.86527943379	-1.12722869	7.54022029777	1.67067706755	5.30709866553	7.24642382125	-3.56756268277	2.21219550448	5562.58923442	2532.05426267	True	
6.35243389187	-7.98008264686	7.13880596196	0.497827569419	-0.566156832639	-3.81810288727	7.53681274443	-5.31170661121	2.99226917751	0.418333171234	5.43319168553	8.84501552158	2.66327839063	5607.66688906	2405.45154953	True	
6.65172772961	-3.46109524988	6.20597775358	-1.49275483429	1.12409040738	-4.58498401767	2.01765361438	9.42593127769	7.87589993929	-1.04755431881	-4.87445218398	5.63786187956	2.38055898539	3853.33617434	2285.17897206	True	
5.38559769239	3.65291431038	-3.81658498255	3.18024654222	8.52785083543	-3.67260431023	2.34219187145	-2.22042951764	-4.05054029132	6.02227112883	-1.02396740476	6.82011818676	3.18846470299	3580.36900953	2170.92002345	True	
-0.0950678455115	4.70121281881	2.98052516889	8.58316745526	-2.37307538039	6.20515798871	-5.49913891456	2.88975566891	7.38779112963	-6.11233472593	-0.635688890835	3.75724047642	1.91495170103	4063.26313729	2062.37402228	True	
-0.73837239766	8.05732004998	-2.63116389938	7.16362188114	-0.653355468942	1.68738614181	-2.73527248089	0.821214010293	0.655746134258	6.03775206069	-2.55197717044	-2.35106244384	1.53168476813	4886.59609322	1959.25532117	True	
8.74219290715	-6.43883861119	-1.23171789685	8.90366113282	-3.89905996112	-0.578712175784	1.28301347285	4.32404416018	7.19873029248	6.59500392402	8.34752931493	3.01823317722	1.30311526426	3587.5737466	1861.29255511	True	
8.52264808999	4.86295407289	-2.3446719336	4.70875248508	-4.86907057694	6.1957894746	-7.21211001173	4.50544384594	2.99460151466	8.25526404432	-3.28206401844	5.53949836907	2.92632553961	4277.28406827	1768.22792735	True	
5.38395666358	0.670058460471	-5.89945632674	9.94247133816	4.37320134418	3.34438568337	8.62674012048	-1.06627362074	0.762233960325	2.71709907275	2.22566072547	-6.03669934758	2.90125235267	4744.9147072	1679.81653099	True	
6.73680065205	4.27662291219	-7.6062544754	1.47310777864	-0.0446455383242	1.74845413981	3.36639927455	3.58638784328	-5.73842671346	6.58296902429	-5.69394441599	9.3945864437	0.122257290627	4955.27239525	1595.82570444	True	
3.60406728911	3.93713290176	-5.07460863756	7.90450958862	-7.48931465257	3.55786063421	-0.414286445971	7.44103562743	0.637064573584	-1.19960341545	6.14094461553	3.66108363051	0.774602490907	2883.60790866	1516.03441922	True	
0.422024441973	7.13605291284	4.14820968316	-2.22957472918	0.37984707567	-4.96091856315	4.42846821921	5.96077804477	2.76623112773	0.117402224319	-6.01109067637	-1.82256378221	3.70079529951	3453.48579875	1440.23269825	True	
-2.15123878009	3.79921422987	0.677926784417	7.59810543037	6.61200248749	-6.83273266962	4.69261861503	3.94199609876	-5.21418603178	1.4902993512	7.71382951585	0.151875990457	2.72533887235	4266.78150494	1368.22106334	True	
2.69858565527	6.27809182528	-5.71769573189	7.15978514113	-1.78568762677	-0.747477926067	-3.94447323291	5.96280820264	-1.69144912763	-1.91829663688	2.00557083902	7.01779042709	2.612930128	1643.71017225	1299.81001017	False	
3.95285510802	-0.367698300314	9.89650924799	8.61754272802	2.71318556007	3.72511892402	-0.704047530675	-4.60689633767	-0.411587578012	1.2383122718	0.944861797747	-2.6924932577	2.58377002685	3271.18097186	1299.81001017	True	
6.770692901	-6.19159031666	6.19294848656	4.40954722043	-5.89228247933	5.41909334391	-3.85766647585	8.40778374751	3.00089356046	7.70838153658	-0.86618451264	3.70430710449	1.88150848416	3682.50039429	1234.81950967	True	
2.91933509764	-1.48169760607	0.56240263406	9.32245710138	9.98430270596	-5.70793418833	-0.657480939073	7.14788074472	5.23747962977	7.9342008939	-0.201744587473	0.589767211502	0.0713442967939	3596.91566571	1173.07853418	False	
7.83996882676	2.75309476597	2.88110663801	2.87352557623	9.96780808711	-7.55024710533	3.36044279796	2.01914221376	4.56196623689	-6.28886154217	2.77703413709	7.58976603287	1.13255876477	5469.92521072	1173.07853418	True	
0.413242927159	-2.38269530625	0.835670166012	4.13995636659	3.4992049867	1.32833951319	-3.17818230568	-1.72483386922	1.51814164302	-2.40805559749	9.90649787008	-1.3825497284	1.30052062256	2718.41530304	1114.42460747	True	
7.82618490848	-5.77833903636	-0.173059233082	7.92428011649	-4.14050123572	-2.8162467521	7.60873744641	4.16491941041	7.37070992156	7.06579709886	-0.106076103212	-7.63687383287	3.6881468194	3059.97856553	1058.7033771	True	
3.07281436465	1.32212312368	9.19662814697	0.311557190032	-0.0558345277951	2.70397359767	-4.51950950279	0.0931285392486	-1.82500071864	6.645981562	1.43903677155	7.62094622679	2.2517210054	3863.95896211	1005.76820824	False	
9.4772482353	-3.68757686438	-3.34970529262	5.09265786162	-2.24416750604	7.90746814767	5.85180160813	-3.26962070553	6.04020638504	4.96265910928	-0.644926874166	-0.905526862016	1.55885309452	3603.50326467	1005.76820824	True	
2.20715334856	-1.86057790359	7.6514033421	3.70448984254	2.38636737069	5.1705974349	2.30000265265	-5.00951939047	0.811833799972	3.08462642691	-5.40507367999	6.2041223205	1.0323475526	3273.01290183	955.479797833	True	
3.88684100996	-6.32021123002	5.39051259958	2.01164806246	-0.605069344802	-1.47983571326	1.79687288923	5.4639766817	9.62624345929	4.40544299019	-1.72540170833	6.64377594923	2.81847007933	4928.82657423	945.924999854	True	
0.390753088576	9.16795474413	2.06059831354	-4.04360724991	5.45410824119	-1.24007010062	-3.04251569344	2.28924053793	-2.74091351074	-0.799678723231	-0.999071086287	1.97083380299	3.77135140818	1467.41941657	936.465749856	True	
7.38368325542	-6.09648762861	2.24607945349	-1.58397214504	2.71102639694	8.86598988153	-1.43997623419	3.85296674964	0.00293749321229	-2.50463224274	6.26100477146	-1.68949368057	1.34728903693	3910.9022315	927.101092357	False	
2.19747294013	4.0546946797	-2.19670147333	5.19906655604	8.55319347441	1.38481084166	0.855647058267	-0.545962897431	-5.53249021286	-0.116999326874	0.194668613401	6.12656262036	0.786554534703	3522.13750658	927.101092357	True	
7.47438964571	-2.69823001613	1.86072177262	2.07891857995	-6.58777928699	6.13295706213	6.90182241573	2.08640472434	-7.30143753537	4.94171170932	2.09191741548	4.85176788932	1.20949315018	2797.24300102	917.830081434	True	
-1.40381462849	5.82766828124	-1.84998781044	-1.34227977456	3.05959998426	2.12579850884	-6.08748079881	8.20432573692	5.95006922493	9.73804428666	-1.38852176645	-0.38352160313	1.00130587795	2794.84350392	908.651780619	True	
6.32990411825	3.81803362193	-5.73004020793	2.07792222289	9.69328691925	-7.68528783316	8.11902455614	9.56754461119	1.3097583498	5.39517383867	-5.28708880928	6.24487929811	0.636692890236	4885.04506764	899.565262813	True	
2.13597626501	0.640757539051	-0.864140099149	2.99675447844	-1.35358544239	2.61284042951	3.19799521714	-1.29148891912	-6.57132235413	7.79546529585	-3.476439189	-3.45318463766	3.66900189955	3575.30714144	890.569610185	True	
0.369062207223	4.88909197233	-4.34610799973	1.73280898505	5.84248718298	-6.9563480906	5.04833758292	-1.32686718978	4.12716066627	-3.8341352866	8.9937663153	-3.05126324848	3.65239733811	2241.53112998	881.663914083	True	
8.44061281383	-4.17571712004	-1.27943887798	3.63707097438	-0.221033467565	8.01966773759	-3.02826872571	-3.51807144979	5.5368469345	8.3909681801	4.04452861309	3.72331870686	0.915686036291	3248.76467398	872.847274942	True	
3.5255341567	-1.0385766526	1.04905710497	2.66344626089	-7.27468640005	6.67117331854	-1.16688295776	7.32610669044	-2.73572185005	6.54310871863	-1.5211589318	2.95563877114	0.689785297123	3125.88385247	864.118802193	True	
9.5385080842	-2.18313697732	-1.15071616752	8.31038786174	-5.65432899241	0.789123816793	0.73918661908	-2.94890012658	8.76325297079	7.49053299315	4.13697866462	-5.26698272926	2.88013195291	3160.67352278	855.477614171	True	
0.947473502914	7.48937325766	-6.3690924311	7.57086728756	-3.682895847	-1.6436691666	0.370204712126	8.44989819827	0.560915025994	-5.23648802189	6.59944855756	9.07644396623	0.943064451484	1972.97963585	846.922838029	True	
1.38164128099	9.89715024401	1.2761967989	9.41110307421	1.6421832755	-3.90279603995	4.98423028621	2.2453531557	0.820715309332	-7.49090100845	8.73045419711	1.51190550121	0.524501858468	4131.62007084	838.453609649	True	
5.67353235793	-3.99759074307	3.42393285802	-0.686819204259	4.5454060661	-7.43014743527	1.19319587708	8.65205140684	8.0811721406	7.62180427373	1.54639286709	8.13891626093	1.07057633558	2701.42086828	830.069073552	True	
3.90238045774	5.29166089173	-7.32904576225	2.47976322209	3.54549933298	5.39783084518	-0.902730503061	9.74748211477	-1.52405921177	6.39963069466	5.36550943863	8.98985089607	3.21037858599	4106.34429756	821.768382817	True	
8.35660577582	-2.61349980449	-4.89696623602	1.39443023303	6.77511582286	3.62791550619	9.71663134668	7.44074870732	9.92832862719	2.69554506559	3.11909059684	1.49159976183	0.517655897584	4554.84983986	813.550698989	True	
2.72264029487	-2.33743302706	7.58224601102	2.03414781426	-6.35531868575	3.34895831011	9.08964056491	2.63072859575	-0.501194172975	-4.83911855375	6.96691198743	8.57119982519	3.03112799281	3327.3432646	805.415191999	True	
3.24688648944	-0.997999284734	2.05187286564	0.249616471983	-4.1293896744	0.986032291874	0.359615035907	1.79478257663	1.04727099901	3.0211856034	6.49671832412	-2.69130784477	3.42542558914	4122.24253498	797.361040079	True	
2.16050598169	2.8878917889	-6.01954389156	2.59671879751	5.93321284135	-2.80231357485	-3.42886781974	4.69789753353	0.642544947876	-4.77471174005	4.61963043177	1.24294500821	1.84099543214	1238.77652993	789.387429678	False	
0.669891640888	-0.371748168056	3.9089727209	3.89308126332	-1.24075492189	-3.41138280998	4.75266416388	-5.52884532731	1.32195202561	5.18781279251	4.91633538888	3.20753489251	3.02446373995	2291.9255911	789.387429678	True	
5.00160973883	1.01636645761	-2.43377876553	3.98340934591	-6.83467298509	5.61342282038	1.00896253871	8.24235901463	7.74284822585	7.81520768918	5.75419564619	0.547266543138	2.49698751384	3429.17079326	781.493555381	True	
4.38709414476	3.74568900114	-5.26222634728	-0.0514025555406	-1.81884446542	4.1570278254	3.80377091428	4.08998878977	-6.10525867251	3.57218736385	5.67017569288	-3.96478132575	2.63105986552	2367.16444495	773.678619828	True	
6.45489266447	4.72400533919	3.17666388961	-2.6863614271	8.37473693058	-3.14893551926	1.4674240598	-3.71972403951	2.16683671766	-3.83597166159	0.977138201669	6.13963440428	1.75364057613	3785.8577277	765.941833629	True	
7.92334017622	-3.69262091707	9.77192129369	-0.319574474931	7.1028037084	-5.74104182298	5.8544628567	-6.48183365129	7.01060285274	0.00671331366605	0.284723698486	-6.38471609058	3.50063283209	3446.82303514	758.282415293	True	
4.97803012772	-1.62318413294	4.55599162519	-3.01570150402	-1.87889235374	3.93960193713	-2.1234239743	-0.980975293411	0.550415488823	4.89193346772	-2.87486931511	2.38628523554	0.332675803763	1488.13199847	750.69959114	True	
0.987234174273	0.531512481572	5.4183674829	-5.697957825	8.20467543375	0.522472020026	-5.9753053449	3.3354394088	3.58538476397	-2.50338325081	-3.23857559572	8.2483336524	3.03246376512	1510.8315277	743.192595229	True	
-2.17254295092	2.13257713525	6.34028503023	1.52774323077	-1.38037120212	-4.20862375374	6.23809284524	-2.49540134354	-0.0498052270771	-2.65746446207	3.78790280069	1.97013309115	1.30790582414	2519.46330829	735.760669276	False	
1.64019225697	2.08230620349	-0.294165083868	-0.755725028777	-1.86406461905	1.93147846872	5.90890246793	0.303115049625	-4.48222733181	0.309259165229	-1.69980699485	8.00715689125	3.9793878255	1809.1011781	735.760669276	True	
4.53906677055	-1.67908847634	-1.40373457823	5.54529921146	-1.22641275746	-3.872450985	5.45373268939	-6.56855131337	1.4144472184	6.41485620132	-0.25817782833	-2.31618689702	2.30696231054	1073.87666437	728.403062584	True	
2.4373295077	7.54637611326	-6.38342569196	5.42376906354	2.62684098375	-3.9700252312	7.72626033645	0.150226918396	-4.75628795451	-1.65775347748	9.18189004834	1.79443132113	1.97490028398	2189.6644313	721.119031958	False	
-0.0316783042258	4.60671607511	-5.03563139623	1.90412130089	-0.1332437542	6.88703917744	3.93767911717	-0.508641885317	0.282117148792	-5.99733349324	7.19623749996	8.45847418873	0.726045036894	2152.7642826	721.119031958	True	
6.51103851755	-0.412315536145	-2.47211736102	-3.71271964893	5.44184682075	2.09066684986	1.88440375703	1.64770416027	-1.1392727488	7.19467285353	2.29938686563	-5.72275431661	2.77957879556	3702.2685509	713.907841638	True	
0.608205932208	5.68645303251	8.88979553562	-7.21612305819	7.25528803029	-3.26376776853	2.98218771862	3.71845877635	1.48291763823	6.23166897178	-2.2034497147	-4.0431520454	2.88491379049	4552.89801974	706.768763222	True	
5.31210619753	1.75476850444	0.23030727358	-5.65640963533	8.64641771904	-6.30200291727	5.19494044481	-2.16817288867	-2.33618968742	8.83067340261	-0.650677495276	-3.2467958845	2.47094333286	1294.98110366	699.70107559	True	
5.92648226306	-2.72408905174	3.79030455808	-3.58734052239	-1.58481524742	7.11557550221	-2.5600972174	-3.84414602285	1.69715779942	-1.18314641307	3.6048955891	1.05346599704	2.28502791395	728.126124037	692.704064834	True	
5.40042773237	3.96951244298	-3.54711607231	-4.08849788871	7.35818522739	-4.77545122438	1.91685444672	6.95754261488	-2.60471179126	5.09906638093	5.15174465172	-3.92697932502	3.75329755226	2897.48993249	685.777024185	True	
-0.268448328264	3.55249173942	0.162038038255	6.65495296116	-3.50102173864	1.75555182472	-4.17703475937	1.84544350048	-1.90891100706	5.91182244566	4.95062553905	-2.68696169674	2.17495495809	2195.62092546	678.919253943	True	
0.43120552576	7.30737157025	2.97475377558	-3.84405059269	-0.134279102873	-1.98823653034	-1.15064279775	8.10061303065	9.05406751055	1.66717570776	2.44271971759	1.94550732798	2.36056830196	2740.1799945	672.130061404	True	
3.44711800154	4.11111419114	-4.53519297392	7.20100206876	-6.94728503913	0.75511831479	2.00490765637	7.71547668638	-5.58422768928	6.69752017383	-1.32157743987	2.11010176855	0.651909452954	2196.82363399	665.40876079	True	
4.33467276791	-5.52677598234	6.2123510075	6.98963081104	0.039591019938	-0.623885486179	-4.2373890741	0.3094282711	4.65698143875	-4.91965798663	1.53156845171	5.66575651894	0.649012491604	2070.14866375	658.754673182	True	
4.14301800274	5.84028338886	-6.50936414182	7.47349326093	-3.7824689616	1.64436454428	8.9244592732	1.12292963588	0.0789866940735	0.909052910514	5.15278772696	8.69132578513	0.291634961928	4721.0884565	652.16712645	True	
2.40904848442	-2.62943864612	5.89125413016	-4.20213022783	-0.561454874845	-0.0666567896192	2.03802511424	8.69930126707	-0.590971474816	0.759735442803	3.97553037538	2.79070091695	0.271209066603	3182.98776325	645.645455186	True	
5.60589692457	0.875604407904	-1.75376391916	0.836940039684	-3.34928924415	4.85667040002	-2.25879470638	-0.868982624876	-3.43804428781	0.663821684421	6.3229702285	4.00999049907	2.46694473678	1085.01326411	639.189000634	True	
0.15059668066	0.246020672974	4.45479613619	9.13477700339	2.74632881451	-0.594446360639	1.78334987387	3.37769953209	-2.81898885455	-3.51861254103	4.28976681007	-2.51725099202	2.63501848421	3896.74457991	632.797110628	True	
0.238740732506	-1.85871385345	9.11118722222	5.67735615846	-1.33941261076	-0.321975679993	-1.18194466766	-3.16011268411	1.64812511739	7.604284899	4.50333715779	4.17486653933	3.67859197782	2923.64555347	626.469139521	False	
2.51544833629	-2.63642514922	0.206683586027	0.486011632252	-0.00572904820761	0.54477889807	2.79886281356	5.08556261147	-4.51483504201	-3.19396002422	8.69706943062	-1.46542170852	2.38161123113	2461.54199444	626.469139521	True	
1.63748103275	-2.76861712005	3.03278677065	4.79554683261	-1.29055700303	-3.97326549926	-1.10486849399	9.07552484342	-2.0396826761	-1.16352659124	8.58153827189	-4.13568794678	2.47260389556	2364.907804	620.204448126	True	
1.13599016541	8.10402418097	2.76594047199	-6.15995111028	-0.62576559925	4.32099371281	9.26931814174	-6.6824738988	7.35125560967	2.39201629137	7.62941072066	9.76595939612	3.3536601599	3381.00908641	614.002403645	True	
2.15714066786	1.78233166308	-1.29252729947	6.49526116865	-4.36810697794	-0.736004476094	2.31307322166	-2.8960704311	5.84021962301	-6.12379566816	6.86098319451	6.18811221854	0.590110546749	1323.32274606	607.862379608	True	
4.33327557044	5.43438703233	-3.39317277598	0.405586796466	-2.54592724464	4.01061169922	-1.65540525674	-2.08368924717	-1.25561074882	1.53304688631	-1.18082924348	5.96403619409	0.668662722884	1239.78128444	601.783755812	True	
7.55043018031	-6.62467344096	8.49101681821	8.5686533577	-5.77906003063	0.964976875328	-1.53838399557	1.64435810145	8.27662144645	-2.73774526393	-2.73981840722	3.85981632812	1.52768610765	2671.93320919	595.765918254	True	
6.21379769967	-1.739355484	-3.51884867967	5.32185110076	2.96822909651	-3.69497227131	3.62200933932	8.18520159629	-3.32347381625	8.36661632052	9.74011390777	-9.50477230718	3.6765964275	3674.53845058	589.808259072	True	
2.99449890626	5.71802826676	-3.34388998834	7.68255603722	-3.67517603625	4.92127543806	-4.24953282085	-1.65701514503	7.21747112111	3.06101351466	0.825110038175	-8.23900278477	3.57852800689	3177.93102182	583.910176481	True	
-0.438637343415	7.88549729288	-2.95630953983	3.60200183395	-6.30409469692	8.19389917837	-6.41026789931	2.02718132187	8.37559977116	-2.9839234736	-0.128626063215	0.815997658174	2.87709701761	2047.54268474	578.071074716	True	
5.17974468422	2.62043317431	0.149493617386	-4.65707789137	-0.0874848319114	4.02247107523	-4.50135397999	0.727511202257	0.918277702631	-1.06214764814	8.3871875197	2.01627925543	3.54962756627	1022.08132411	572.290363969	True	
1.03413463326	5.79741313974	0.74906250258	0.877001512439	-2.38312437432	-0.425604191047	3.09705802448	-5.92462751068	1.42436632931	-0.619492004066	3.4864763837	2.06831803831	1.08672867928	904.740281288	566.567460329	True	
2.16887305581	0.85197898076	0.153004177295	8.90101663242	0.578265494951	-6.38584666801	9.22440862793	4.02576216266	-4.36805746494	6.70256040287	6.33190755668	-0.68608243659	0.0180069632773	4310.70434696	560.901785726	False	
3.60299131066	-5.3145403125	9.72758521927	4.67825877082	1.20652953859	-5.7260372251	6.6489645379	7.4339189419	-1.84829080011	-1.28701769178	7.37192959964	5.19991062608	3.50396716167	4512.57754872	560.901785726	True	
9.35385536564	-4.67285439126	-0.404250153166	7.20805601784	1.05034316929	-0.41433828131	-5.80775550088	5.43846907328	1.69685539013	0.736851209073	-2.41498668959	2.95694396741	0.209565486472	1999.88551147	555.292767869	True	
4.65233498001	-1.03153183933	6.94041283725	4.99022673916	-5.91140200878	7.75337166618	-4.91830780705	4.14142290359	0.305993515834	-0.275550813479	-4.89623459518	7.98023775772	0.303532341783	2827.94216108	549.73984019	True	
3.31521689996	2.26573615351	0.543592734901	-3.26139458772	-3.93904953984	5.85704974309	-2.45086761736	2.29684305642	7.38768961163	8.37923692602	-6.96778343536	5.15642412757	3.12844251617	4748.93249692	544.242441788	True	
3.08587777518	-2.42512326861	0.663994118052	7.45009111335	-2.99233246804	-2.23391130198	0.898507592651	-3.1260838008	7.97451258992	-3.34638133149	-0.154397878175	5.52258535456	0.587489797767	1669.57752539	538.80001737	True	
9.09697297904	-5.70530443427	6.92956065126	-6.08474647932	7.53393411227	4.93770805492	-0.889472183988	7.23694648508	-5.45580005411	3.16001873273	5.4947126481	5.41515716674	0.739972374016	4224.20286968	533.412017197	True	
4.39553588196	-0.543967385269	5.24288480352	-1.98298874304	1.55997028167	5.67220495422	-6.33387875744	8.02051320691	-6.64141584592	1.68556464618	5.82714732261	3.79535840096	1.83280318685	3602.75135544	528.077897025	True	
7.4251654153	-1.42160227461	0.239601139655	-5.12289503424	3.98860156546	1.83303971573	0.443993234983	1.74813271972	-5.59527126949	7.87140482524	6.36642678299	-3.63457337855	1.3358357823	1857.49994147	522.797118054	True	
2.02026396858	-0.705899635011	5.71530264449	-0.228333227985	0.6921633639	-6.56351383818	2.16970714877	5.64176371118	4.34537512353	1.95347950345	4.81850321485	2.20767066812	3.56162404935	2503.77712538	517.569146874	True	
2.56147900997	8.37087406984	-2.37983490453	-3.28040572346	2.77973866193	-1.32616561449	1.46709372179	-3.99791572873	4.64038311888	4.87818794589	9.93733197953	0.371759528243	3.78379905525	2175.88261361	512.393455405	True	
0.0302124083612	6.46243812964	1.22866669109	-0.180204978556	7.26316177911	9.63952445773	9.10431358066	-4.54107833402	-2.30436242586	7.92411364777	7.86771266673	2.18156645125	0.559523595844	4837.26483208	507.269520851	True	
2.53960925647	8.72880639961	-7.05427314137	1.6711968174	-0.0913844668502	8.63000459172	2.10492708083	0.0707540966396	0.177521127741	-2.05964153953	3.049861068	1.67373976985	0.663704350193	3520.32435532	502.196825642	True	
1.43984167592	6.60552426951	-5.57905931616	3.40224659506	-0.145403725998	2.0344617941	-0.173709295954	-4.50517530641	1.63245057244	-2.38127291372	1.34901700177	6.12677575501	0.856632179971	582.862887846	497.174857386	True	
4.06860150817	-0.312728867214	-0.498545090135	-0.742059257382	-1.48885538569	7.63840983367	1.00225829845	-7.50250538759	8.17509239136	8.93132950647	-5.60613708922	1.32526148564	3.75351558054	2594.42984663	492.203108812	True	
2.65274617225	-1.41038006364	0.454106281678	7.84899691915	-3.17825248518	1.19297836173	-0.808161908925	-1.9750982363	1.82662160032	-2.49837618078	-1.40036062593	7.26081180276	3.71283800181	890.151361812	487.281077724	True	
7.18565050806	-0.206777450855	-5.28923496005	5.59039499253	-3.87791480348	7.32801076403	9.72884135279	9.20350654927	7.37279614137	5.06957822244	-5.71083215133	-0.771367915038	2.70195808102	3616.06486595	482.408266947	True	
3.50462270758	5.02961997606	-6.01349158692	5.78494754046	-2.25775929471	-2.90269315702	-0.334963253541	7.56560601876	1.19444580288	3.01000451063	0.935171114583	3.57806786182	2.66553263404	2499.13365907	477.584184277	True	
2.68555823644	1.95766716538	2.146470513	-3.83975114663	4.2092790679	-0.0546234070442	-6.33195764651	4.99933509381	-2.77517867334	4.01237610359	7.33676450688	4.25454599213	0.796428416599	1449.58981621	472.808342435	True	
5.53090152431	6.74371749368	-1.10900641818	-5.83848648385	5.14972053097	-1.51704366384	-0.451684899208	3.17512860189	-1.61636980941	7.53956399844	4.98235100768	2.38271040839	1.64127216288	3708.38071292	468.08025901	True	
8.10059836544	-5.41653056508	-0.397355794548	6.66151685332	2.13510828408	7.46161771912	-5.57543796793	3.84550437512	-4.50267519828	4.15631927269	7.73853073478	5.01070532029	1.47789743083	2732.18598697	463.39945642	True	
7.20059967448	-3.24430855178	-2.6948255213	2.30334541435	0.603292014886	-1.73403137433	-1.17618688737	7.7226858349	-3.16882122444	-3.25967588872	6.15533960674	6.09650104044	1.08604481451	874.428069136	458.765461856	True	
-1.25805938148	3.50082857735	3.19600947706	0.0396482972186	1.46897107853	0.15196250246	0.392763966106	-4.0709531727	-1.93366882144	5.86804528404	-1.61411210387	-1.511835488	2.61542513648	1459.17355102	454.177807237	True	
4.56354025077	3.12383765597	-1.16130795114	-5.49596366654	5.27177279831	-3.85819585366	8.65428811985	-1.90668513973	-1.0879537362	8.19883058077	-1.06654671982	-2.22129862714	2.31462281617	2445.63012961	449.636029165	True	
1.10229536505	-0.87798449787	2.66839045892	-1.01624532105	2.86828372116	-1.42860418327	1.36931836612	-5.64407957772	1.4076711406	7.46235985915	6.76618615214	-7.42521952146	3.45356593361	1499.28041642	445.139668873	False	
2.34007718797	2.47085213477	1.85777282905	-3.79598986733	-1.37072256843	3.62405128194	-0.954478703922	-3.93882655846	2.13760018209	-0.320734495319	9.36920833323	7.82116981175	3.23679366543	927.354370683	445.139668873	True	
5.14371710013	0.0201545319985	-0.652589324875	-0.800211679382	0.558487229978	2.90548539205	-3.23170673574	1.34845586073	-1.59039943681	-3.40064226786	7.32494221779	9.03425431278	3.8237285154	564.189505667	440.688272185	True	
3.86297718545	-2.64346600253	0.26372535242	-1.35742667939	3.82276283905	0.577483921335	-1.20241964837	-4.62695863394	7.3084188183	-4.97254543783	9.75515503632	-3.02136414836	3.14480455159	1444.76454694	436.281389463	True	
0.414984251602	1.198274392	2.80395719108	-2.37139467237	3.46946816976	0.570714821859	-0.95991317463	-5.96346422232	2.14844604239	6.6324226905	1.45961887807	-1.96387542419	3.06582800332	2207.25346979	431.918575568	False	
4.05196016139	1.79963974454	2.2825625444	-4.68371726326	-0.339224943642	4.08336223637	0.622629793102	-5.67283182765	4.89247660869	1.55765900233	8.61691287647	1.5014792225	3.33531232621	2137.52858437	431.918575568	True	
3.29969084889	5.80270004389	-6.05704351066	6.74931879734	-0.808644110585	1.77016569256	-5.934028206	0.890487532684	7.04522403939	-2.65323679723	-1.56600926152	9.24424605027	0.42051665071	1914.29252309	427.599389812	True	
-0.435634378425	7.96795414497	-5.9454733841	3.50925961395	5.13386350473	-2.7383140738	0.618115015212	-4.56233264919	9.4807081461	-3.77771287214	5.0886950417	1.25517196201	1.47126662265	1974.90270679	423.323395914	True	
9.05019318636	0.705111340275	-4.7368049941	-1.96388757294	5.4387374878	-4.17411214139	1.23231628452	3.50257841044	8.60092150202	-4.15239449633	3.86399238011	4.37210002384	2.33090923784	2390.02167854	419.090161955	True	
5.82882267495	2.2039841824	-2.78006097156	-3.11451342124	5.04550207163	0.2097686587	-2.0117927325	2.20424042432	-0.469522382745	-1.74231369212	-2.21180993137	4.76183661388	2.06013924379	1434.77984704	414.899260336	True	
6.88224391065	-0.6674010825	-3.11984035818	7.22041445469	-0.460853705147	1.04796096024	-3.71731725046	-2.33107191738	3.14427298168	8.22216425572	-5.45303062621	9.47365684155	2.1722428514	2267.71072895	410.750267732	True	
6.02806197475	-4.31046784403	-1.69647415703	6.97515796333	1.77811669817	1.17668438197	3.07871438393	-7.49463607582	3.78071366598	5.70402918806	2.42706521237	7.04191838357	2.68079932392	2798.75537103	406.642765055	True	
5.38117069089	-3.45394708683	5.2570727969	-4.52500864351	5.28246141807	-0.935467546854	-2.30529705429	1.71716296923	-4.74463056503	4.86606107472	4.54663625664	7.31386119674	3.89480239573	1156.25788299	402.576337404	True	
2.93865326256	4.46845850739	-0.918312169572	-4.80284594428	6.75324315303	-6.28052348659	3.25157015952	1.72454374241	-5.05330349703	1.37315883651	6.60996577378	6.63630150763	3.37220876678	1163.8114871	398.55057403	True	
6.9532889587	-0.612922325085	2.15673079934	-6.87011384925	4.81543644455	-0.943897342017	-2.21257412953	2.2587376339	8.77673210433	-3.0979391389	1.64181675908	6.48786241594	1.9493652338	2062.06687975	394.56506829	True	
2.91530009295	-2.64281328287	0.203960109901	1.46771648686	2.71901534679	2.07513078719	-1.3710847014	-4.83033249197	-0.670010080826	7.25855534964	-1.34994481431	3.72920684808	0.905266491134	1608.94529185	390.619417607	True	
8.32080604781	-1.63439094256	0.526549246088	1.73445283592	-6.77501467188	7.66881682506	1.36788836939	3.1499620658	-1.2958697949	0.0621883783415	-2.3022510621	2.49742396714	2.20925801203	2891.09261213	386.713223431	True	
9.31922515724	-5.69271668855	-1.54892500561	2.8447530266	-0.764010974231	1.33342194946	9.36698336555	-2.32784534758	-3.05731741161	6.91677477326	-0.661133565972	4.598841908	0.278549636547	2515.07346785	382.846091197	True	
5.84401013233	-4.08511250395	-2.25258555581	8.61943240287	-4.81332321571	2.31875620592	-2.24326775463	3.85675977707	-3.3854751899	3.17255545999	0.727516225217	-2.85484014133	2.16709092083	1163.60298639	379.017630285	True	
7.19961706081	-4.46781281851	1.77725697797	1.16352205967	-4.69749609736	3.16597255457	3.21935732138	-1.25747245975	-0.628598723914	-1.52926957603	-2.63680384421	6.16744205226	2.63394168591	646.594093946	375.227453982	True	
8.96489380746	-5.09791359339	0.419920346633	0.223092576127	-0.727548603156	9.64005895543	8.19990933267	9.26221596198	-6.95556988974	6.90949012567	-0.326208250627	-6.24538610344	3.76355595093	2900.77690547	371.475179442	True	
5.64003507931	0.569144090961	-0.889556141376	-0.716390631691	-3.5785864844	2.67638402769	5.06920426691	0.438425295881	-4.79621028895	3.67252465994	-0.41978930107	-6.37898725825	3.82498037706	1219.64675759	367.760427648	True	
-0.445950151948	2.21800189941	1.92875213409	0.152892615127	-2.90758103366	3.02293694511	0.147963030158	-4.9345738528	3.6897927985	1.26362897291	-3.27329780092	3.71570915633	1.9597374746	1302.74288347	364.082823371	True	
1.41069452198	3.79207545988	6.80970737751	0.0527572962499	2.72404224238	-2.67202307928	-2.65431973113	3.00810810418	-4.45550350513	9.11055689055	-5.05282768193	1.79617652748	2.98142399319	2397.58022614	360.441995138	False	
3.15315392302	4.3268004344	1.99156814293	-3.24209470059	-3.67036537815	7.62056328265	-2.19700001378	-1.82756791662	-1.1980205254	4.1827934226	3.08263884735	-1.3397493903	2.51285799707	1683.84936908	360.441995138	True	
0.30224761802	5.09108792656	-1.29832683508	2.84206644054	-6.26872934658	8.1410449458	2.97220190627	-6.02418894369	1.51308182637	1.99249926078	1.02107329485	1.51232554536	1.07323802169	1871.30411143	356.837575186	True	
1.4795111813	1.73393617143	2.88797382605	-1.10131125335	-5.29846243397	0.469527218754	7.00296024373	-1.38006084362	-2.47654956967	-0.622897991831	7.72274701208	6.83358854858	0.905050762724	1467.11642483	353.269199434	True	
1.75757586384	-2.28782983707	0.0152947691474	2.59173989659	5.9049456338	-5.7593233972	2.19317019955	3.74835555522	-1.03600058088	-4.2314139024	0.352795740601	6.46192070194	0.563882505928	1396.3111562	349.73650744	True	
7.13724475184	-3.1514158652	-0.88144080209	3.27729424849	0.422124150135	-5.853630023	4.90927182156	-2.0800068955	2.06513344499	-3.23077745432	-0.0354317608289	6.70364106561	1.92653331778	625.801952246	346.239142366	True	
5.52198179216	2.67857490598	-2.48184052166	-4.34469261397	4.21975029069	-0.56368831253	2.64041186464	-2.3246632216	3.49073733604	-5.66391413198	-0.265218125275	8.91578164882	2.69027942888	1034.92778853	342.776750942	True	
8.33147496688	-3.33891798305	-2.69358312038	3.19333436001	-2.77595719444	4.13334306879	0.0770609975549	-3.92808121064	0.308349882654	3.12091026247	1.48650888418	1.59454884284	3.21934364092	1230.74360685	339.348983432	True	
7.02657784289	-6.47356311723	2.92322373597	9.08329602271	0.723361786791	-2.3801246612	-0.173389927053	-1.14774975666	-2.66941585012	2.41620462591	5.99005243133	7.89348259783	3.8658649985	1382.41431603	335.955493598	True	
7.91504023809	-1.4059983422	-2.87015993495	-1.43750431691	2.11479257487	8.74842524598	-0.493790068806	1.6742004734	0.248065049025	-7.00161384979	7.24421518889	3.14851179335	3.34401303541	2231.30344052	332.595938662	False	
4.24907047729	1.68764309398	-3.66728483555	-3.11284504807	2.15570526244	2.10791552547	2.62782015503	-2.26213051802	-3.69679132299	5.72432428545	1.9251867005	1.81561162998	2.23695953691	1795.19062373	332.595938662	True	
3.05899378569	5.02574568902	-0.581381456608	-0.864735733184	-3.63715259837	3.2560384852	-0.575195876271	1.17777419717	-5.73287337224	6.58705032705	6.43687941772	7.66261590035	2.79681475231	1471.8365432	329.269979276	True	
2.00466406852	4.4090535395	-4.02510405748	5.72121522036	-6.7502685418	9.89451804025	1.935396173	-1.66556230518	-5.06442975021	7.14698744462	7.34832510842	8.77516035944	3.36552764693	1737.05359549	325.977279483	True	
7.04117073276	0.544285647753	-4.47531490568	3.88413466455	-3.87137550562	3.49673567488	0.595825734774	-1.5366856285	-4.20390798429	9.21608063861	-3.8362991565	2.10206823129	1.04792170628	829.796623082	322.717506688	True	
-0.0284171586237	8.75923455869	-1.56945660899	3.03424145331	-5.32064179487	3.18462688469	0.0376363121932	1.56089312307	-5.99270891101	6.06283857197	2.77951443526	-0.376340483547	1.26482622584	1349.06515063	319.490331621	True	
2.18821880388	-0.696955642074	3.06371841027	-4.30431590015	6.37144758519	-0.744919590563	-0.686800832743	-4.63505927369	9.2186411663	-1.20619281187	0.228110424441	7.02215018241	1.90183342814	2119.93543577	316.295428305	True	
4.43657851347	-3.09220887189	8.28955525724	-3.41576045652	-1.47496274957	3.42140369322	-5.225867312	0.698181299884	2.05163565172	1.24601772712	-2.30971295829	5.85670297118	0.945517907125	1201.3933209	313.132474022	True	
1.71308185745	5.76736550111	-0.0149123987987	-1.91483985734	5.37810318811	-3.80537266634	-1.38783273994	0.351602636136	1.38581939346	2.22023395412	-5.63370713439	2.85102942941	2.72575532483	1389.95693926	310.001149282	True	
0.858908248913	5.34892295011	0.196739054702	-5.27007636781	3.07558649408	-3.08384243944	2.08670741568	2.09812052282	0.405576065558	-5.01181143255	1.31087131439	9.94916013524	3.5579393831	709.216320248	306.901137789	True	
3.04402080323	9.62856094272	-0.872193929145	3.93837992254	-7.47014614869	3.1230163968	4.65718808132	-3.15896440984	0.283446999468	-1.48907901187	1.98035723759	2.31017907737	3.03227162942	2490.56157098	303.832126411	True	
2.64689900025	2.13608382986	0.242099946762	0.647544242469	-4.79365034551	-0.175786220918	2.45947024795	0.755372164184	-4.19414698041	7.83926052833	-4.24580813807	7.59985533794	2.83966347054	872.125737186	300.793805147	True	
3.94120587221	4.18682617857	-5.04971191557	1.55029860277	3.66459130748	-4.41096358618	-0.715508019297	5.06813916732	-1.61221839866	-2.1822255085	-1.70628602189	1.13696858207	3.98111200155	754.103782819	297.785867095	True	
6.55670398595	0.550908027028	-5.24219646579	1.24516449323	-0.199188423444	7.6617092382	-1.2540059049	1.07861984781	-2.1420685399	-1.0659657391	1.97480957159	-1.92683576076	1.56277122274	985.305191506	294.808008424	True	
6.15557516178	-1.30002417119	-2.48751975669	0.759232358192	-1.82373938937	6.46997298179	-6.38524816151	1.26749960904	1.93216514356	0.247031385138	-1.84694216721	-1.60950497444	3.03339491908	692.835825885	291.85992834	True	
8.11632937238	-1.89195699195	-3.94538602949	3.41348634119	2.00695026803	3.1021885775	-4.74402387905	-1.98443952938	8.26015605034	7.57327612456	-1.63020409697	8.70355586653	1.85920750708	2007.87693852	288.941329057	True	
7.90092489416	-3.99461486087	-2.13414056428	4.3054925626	-4.27423916555	1.01465659186	3.82248260862	-3.12193733662	9.31000456534	4.1427880176	4.40658426297	9.48618453837	0.417324265	1946.10163485	286.051915766	True	
6.00448721656	-0.451746988505	-0.00201448190356	1.74867253896	1.14257787211	-7.35938215937	3.91443074349	-1.80676255829	1.47037386676	4.93351255442	2.38449738306	4.97918845503	1.90629073127	2070.39284083	283.191396609	True	
1.50199631602	5.44777937878	-5.68243503271	5.9767830926	-0.401786702059	-2.2644757774	1.68946984906	-1.22624148655	0.216392131209	2.50616423586	-5.58317733462	0.14671398589	3.38238811013	903.574105029	280.359482642	True	
5.38374235563	2.90116737754	-2.8314640807	-0.826390998664	1.71405351904	-4.07980497631	4.89470458312	0.130533055605	-5.48838894381	4.20313544538	2.47464297944	-0.978330146543	2.58978077793	808.475942352	277.555887816	True	
4.07257398688	-3.65028198096	-1.45762685833	2.58836366971	7.22384685915	-5.30968678013	3.21078292087	-3.89581619426	4.43186321422	-4.95745781749	2.08336784289	1.86840136583	3.7455690872	1461.76728652	274.780328938	False	
3.26607504445	-2.13601968753	3.25821589777	2.38559077818	-5.48641139012	4.03706373574	-4.66146691509	1.23404377636	6.1462059928	-1.99829735881	-0.612141252969	-0.690591165057	2.56893269989	1522.84075244	274.780328938	True	
0.853113959339	0.321513790188	2.55459603082	2.42498816673	-1.60238643864	-3.53904248485	1.81338318899	-1.89238118118	2.75237912413	1.41045791619	-4.7580615927	5.4860493362	0.625431335785	906.082296523	272.032525648	True	
7.43832179045	-4.38719735945	1.89119145693	3.75632902306	-4.42803909466	-2.35516139181	4.44585885716	-1.05482392706	1.56144782724	-3.61387999078	2.00446017668	2.1171119195	3.99764339806	756.683735164	269.312200392	True	
2.44985538069	-2.42071104802	9.06874658955	3.3083895204	-6.80291535903	9.13471006757	-3.64803324874	-0.181550031166	-0.557631589417	-0.088353774532	5.84362728401	-5.55378620876	3.41244723422	2376.74992822	266.619078388	True	
2.22798113752	-0.56852651452	2.80163237578	-4.48095817074	5.23157216451	1.68080016744	-2.31990602319	-2.40457369716	-0.992606651373	-1.03716360666	7.90432856271	3.37244284071	3.3754416478	965.991521224	263.952887604	True	
8.1243522151	-5.5895761213	3.71416692103	-4.37361258551	7.60450622681	-1.30031590448	-3.47612464971	0.650650521179	2.74130956546	-4.09020801393	1.68291873881	6.223356315	3.96411959073	785.3244243	261.313358728	True	
5.7178712538	-4.39537471059	5.48229313672	-0.728135229046	2.15229213501	-2.14753213114	1.56732845795	-4.56005575383	4.55618982791	-4.6739999768	-0.762853695425	1.19437102483	3.64298981596	783.412085487	258.700225141	True	
3.65422637969	-3.25900691971	4.47284891136	-5.70700979392	4.34040322499	-1.6336115198	5.73014560683	-1.19235373421	0.387332747355	-3.20750091887	-2.02512893534	5.06895315139	2.46234529497	1285.16042026	256.113222889	True	
2.36449278017	0.00519263285435	4.28530937266	-3.51227466727	3.52262431787	0.600933040555	1.73654321705	-5.69158368768	6.37958535018	-5.93624257607	2.93571866307	2.57558381991	1.09811059092	1729.70221312	253.552090661	True	
5.24585320905	1.62404982726	-4.68283806384	4.23241066334	1.91577419677	-5.18140749702	4.60124646826	-3.33424980682	3.52937711328	-5.91904655827	8.20274248829	9.72109967445	0.780815494672	766.529225039	251.016569754	True	
5.84511427669	-0.681812286968	-4.86672156971	1.03954540248	1.86212711738	-1.33578883386	5.30609999473	-4.95763549595	3.88768952027	-4.73446754206	4.07017431278	7.77270018065	1.09941920286	867.293856621	248.506404056	True	
3.50956510148	2.73896193889	-4.93633772761	7.77001166478	-2.59894092513	-4.01884489698	8.96142027837	-4.67123498287	-1.43236131876	2.74701387528	8.72627425824	2.32052212495	1.68305856341	1361.14495444	246.021340016	True	
5.36669601542	1.74840791399	-3.67464126473	-2.84697986277	2.74703697755	0.0430999741483	3.51470239583	-4.90079978112	-0.748194805117	8.79340566795	8.40200722818	2.42116791583	1.67415258267	1071.23126845	243.561126616	True	
8.23776920094	-0.99548989189	-2.03087957052	-0.224038004877	0.93137363181	-3.54911527614	4.59411408414	-0.00254950032868	-0.231101586887	-3.66817208318	0.0440488238703	6.66581258069	0.639485380594	548.376556571	241.12551535	True	
4.10093143291	2.78902951185	-3.5072150182	0.532737474326	1.44540496375	1.56300470397	-1.10040505053	0.959124862072	-2.80783315629	1.85887922181	-4.20057850548	6.96844919335	0.588184318815	984.252916463	238.714260196	True	
2.41186783936	4.70101834372	-6.26281364965	3.14247731367	-2.37192885252	2.98091611967	1.20867523239	2.04195109577	-5.19708948845	0.404580793815	-0.238939059616	4.71483669838	1.33303329783	767.867683975	236.327117594	False	
2.47222740359	1.05753542042	-0.768215642984	-1.26463676591	-0.405575246018	5.63396026859	-1.74039154916	-1.85702743285	-3.42737432305	2.60497507766	-0.180639285303	6.65100071102	2.5778210248	810.087314778	236.327117594	True	
3.42105997683	-2.22389360509	-0.13933565526	6.69759648236	-5.85784549021	6.87370393905	0.212870253556	-1.82402363185	1.99696756624	-6.04501052012	0.475774347593	6.84540446983	2.9348864455	1202.7101466	233.963846418	True	
8.87734092358	-5.25898556649	1.99403056296	1.58994188667	-4.763914394	8.16377300354	-5.28718161303	1.30162104173	3.70119824863	-1.44686297939	-1.97153704163	5.53991713728	0.233569619752	1268.64922592	231.624207954	True	
7.65478199439	-5.50819160789	-0.0123224035909	7.49907469446	0.61987739206	2.50284339788	-3.46162627904	-1.00749138888	3.85712580967	-6.42898969842	3.39568907695	5.40391210661	1.3410077174	1497.19594914	229.307965874	True	
6.28734288457	-4.98650814513	2.94201111906	2.27439944256	-1.09197696944	3.42168202518	-6.67964605245	6.43693966513	-0.940659855969	-5.33913658299	5.79153641695	3.71320520921	0.849935953014	1415.49846459	227.014886216	True	
3.03744561355	2.43880813013	0.876840543963	-5.00293897534	-0.68828898323	2.72337345069	-0.565004320579	1.11723932892	0.655705388801	-4.08972931151	2.27493853445	7.71778513651	1.67531063092	654.256717492	224.744737354	True	
4.51533649297	1.680698164	0.630130203208	-2.91970542243	2.33868348199	1.09222891693	-0.159463273308	-2.40204900301	-2.59873994905	-0.562155128426	1.31448539903	-0.163402749348	2.94197601269	587.833127661	222.49728998	True	
2.30096697699	-1.99539445672	6.38082177698	-1.81772040545	-3.91918047361	1.93695301682	-2.83896794888	2.15300012982	0.336708262243	8.80769818819	-2.99068288488	-2.70638832405	2.72943198418	1629.28800314	220.27231708	False	
4.21063427569	-3.93891095075	4.82769560253	-2.78177206523	0.714068617122	2.50320996352	0.510338281591	-5.70176959294	-0.132763688057	2.48707430635	-0.737221798391	-1.92523412885	3.91275759615	885.408594223	220.27231708	True	
5.96479954669	-1.71364264795	2.89511123929	-5.31879786097	0.815040847552	8.36558711743	2.17551083064	-5.8141890721	2.00453095469	4.57221311437	-5.47560189367	-0.816301852522	2.77683720032	1716.73627092	218.069593909	True	
4.55479864613	-2.18404405531	-0.223903932929	-0.213306056861	0.381086652316	7.15829844385	-1.73039809981	-4.17329804302	-0.792339152494	2.19447703744	3.60521408878	6.52479835313	2.81653384939	1335.60753574	215.88889797	True	
1.68009954774	3.1435129562	-4.07086917503	-0.218218396084	1.72146866845	0.564521112214	1.22924536966	-2.5091762941	-2.69866226638	3.21935156931	1.72606517677	4.53009047394	3.40962172483	1129.69965687	213.730008991	True	
0.393239998511	7.16283795864	-2.78865196357	-1.98025710347	7.1138541548	-4.81177258038	2.67603868092	2.49125285577	-3.65641063628	2.19094275049	-5.05601719102	4.96310122185	2.76102090932	1152.89051639	211.592708901	True	
2.02902268854	3.47749076591	-3.33801115871	-2.08291102288	8.69016921024	-4.42749881689	-0.327029095175	0.668341560419	-1.74626486613	2.72255238028	-1.04567588556	-1.45420104048	2.69087541157	829.733504557	209.476781812	True	
-0.125181975384	5.9214811548	-2.50296945671	-1.34850924013	5.61823820271	-1.81641583466	-3.6079483536	-0.178195774875	-0.50474405333	1.85781157659	4.01056976174	-0.514572638366	1.36726573212	848.093922482	207.382013994	True	
0.923888244017	5.52721974105	-2.21118980472	-1.30942053622	4.25146253869	-5.16415018038	-0.962384836737	1.53011431671	8.28357103818	-5.74470599039	0.913982791892	-2.34519600454	3.93645992178	1308.14571367	205.308193854	True	
3.39046575252	4.33694692138	-1.19151088362	-0.44602988059	1.52212918633	-3.76102665317	1.31290715581	-3.31283927329	2.35580870484	-1.47024250803	1.00404645785	-0.619255560917	3.81703709836	596.279285868	203.255111915	True	
4.36568817428	2.10247619433	-0.0458668094174	1.69015447741	0.512684627918	-5.39098414347	5.62048724958	-3.40746081317	1.56495922361	0.905111286648	-2.56868759817	-2.96405246502	2.88606763121	1127.28454368	201.222560796	True	
5.59674925428	-2.65588581973	3.37205384917	-2.08997446797	0.873684315074	-1.58874542748	3.70633514161	-5.8888256485	0.0494949253811	1.86604347982	3.60015057715	-3.15016308498	2.16748999019	570.298183862	199.210335188	True	
2.9817460449	-1.97679149435	3.72507163112	-3.65422340609	2.88572509725	0.623088996475	-0.860412351565	1.33262041053	-5.98246667549	2.91512289027	4.41262617813	-4.55332891371	2.90772421897	919.025382108	197.218231836	True	
3.9698666027	-4.21740884305	1.31899096445	4.50243130274	-1.14061727084	0.893931330751	-1.27324285681	3.56185662151	0.427028550473	-2.9449486766	0.651719790481	-4.14725285975	2.63211228059	1535.24454872	195.246049518	True	
7.77147477131	-2.90902842341	0.472847266398	-2.44506306947	0.26714889307	4.61919050972	-3.79928821626	0.286924747335	1.70456788505	2.43924912588	-0.320844776196	-2.26926823011	1.24099778014	773.759660476	193.293589023	True	
0.0730868277193	6.44839961908	-2.62394563902	1.63258664773	-2.19862560568	3.29568019812	-4.25732405924	-1.15183904402	-0.396188351794	4.4672912204	0.00755883946599	2.19969703566	2.23382553174	907.61440466	191.360653132	True	
-1.09663600733	4.8527185673	-3.32871066031	7.01977429564	-0.164041935732	-0.609509035173	-1.35902656644	-3.04956543773	-0.716977933316	9.42585269019	-5.23562259864	0.749004920549	2.85438662185	1446.18502819	189.447046601	True	
2.10406652515	4.259158531	-4.78058095764	5.30084719732	-5.60262368758	0.6724102069	4.21103788466	-5.2070308815	0.40696597889	7.79987553104	3.35558776004	-1.3099504828	2.33633660678	1159.37784177	187.552576135	True	
2.04497679447	4.64571840458	-3.40217201202	4.81430715177	2.40856599988	-1.8914615254	-3.63862978034	0.740233762117	2.16308103871	-2.01728620783	-2.28401026325	5.14018406953	1.7614595234	1244.03126833	185.677050374	True	
0.591020299057	3.49019033545	-2.42564753206	7.1336035839	-4.86597764614	1.95594878829	-0.017861351962	-3.54969951288	1.38435179865	-1.03552355605	2.27714973961	4.36126727106	3.70839484247	844.214311112	183.82027987	True	
5.36117453452	-0.992055445946	2.39427366818	-1.34378940201	-4.36799322058	7.34709395573	-0.518783457467	-1.49085651427	-1.96746371947	-1.90795176265	3.4010084661	1.92919849173	2.42685990657	807.434824112	181.982077071	True	
5.62498992266	-3.66357213423	3.29343867672	-1.62708302141	-0.949369261525	3.40859197761	-0.161052108758	-0.87986607492	-3.94672047398	-0.348154171932	5.3194054325	6.3325557361	2.26548837331	679.604172165	180.1622563	False	
5.09914400156	-3.76117652669	3.76236092445	-3.41459834815	7.44287210353	-1.2692093023	-0.0630806579724	-0.596267370266	-0.00278572930645	-5.1748928101	5.4046125022	5.75579209978	0.743532758679	1218.87564097	180.1622563	True	
0.774686765063	3.46901193347	2.60166834516	-6.27217698789	6.39412343118	-3.28223762408	5.26878355148	-4.579995908	-0.139146289955	-1.16451904637	0.788601927672	9.32297183565	1.28447429042	950.854500797	178.360633737	True	
0.982427914667	0.802389194121	3.82111383279	-5.02668888627	5.30237656385	-0.887027830141	0.30449776113	-3.25027287827	0.47773289829	-1.31168949216	2.07448217925	3.94774725792	0.39390698967	896.49784603	176.5770274	True	
6.05036384519	-4.48195190288	6.44394809982	-3.34830659995	-1.07505348722	2.69474652673	3.1830499853	-5.37749214424	1.65683137665	2.03926349102	-4.17946908083	5.1636443598	1.22409589235	1197.0303282	174.811257126	True	
5.8580032905	-0.461901875667	1.06240829957	1.67509914618	-0.607462738997	-1.58903353692	1.12733811358	-3.36755245658	-2.36671619879	4.16464439771	0.576546802588	2.04380658073	1.26386191721	935.463873078	173.063144555	True	
3.43978962689	-4.52935634182	1.06067863018	5.46259007762	-3.83752495801	1.0928837842	3.62270183582	-6.01979883585	1.35928344236	6.6569058491	0.782796019641	1.4864743907	2.5493901283	1710.37185913	171.332513109	True	
4.09677189912	1.85721703754	-3.78582782068	2.56918704935	-3.12868811209	2.50175046903	-3.2933149434	1.32971811431	-1.77185550885	6.71720811656	0.949577486696	-6.33324203949	3.10746151902	816.284366774	169.619187978	True	
9.34166484903	-2.72118847757	1.06330701255	-0.00753312243723	-1.54301058571	3.02284759818	-2.98152570986	-1.83400305027	4.1055370578	-1.30842986729	0.0176106499393	-4.96657132094	3.2286186264	743.629837334	167.922996098	True	
4.69955422819	-3.55562510198	-0.641137164301	6.90063588811	-1.34274862044	-2.66433035806	1.08229351174	-3.45843005804	-0.25055656194	2.28461338951	4.16876658725	-4.21837467685	2.68645318949	1179.97794938	166.243766137	True	
6.54068152002	2.09787723423	0.113743316174	-0.197754133614	-2.85622703663	-2.31494891655	4.76541283258	-2.93385588891	0.240173656882	-2.24542746023	2.29499473582	-2.97598401397	3.68231818379	659.79713979	164.581328476	True	
5.8087592323	0.744283862368	0.864063470346	-5.92463246208	3.05114218342	0.468348876955	-1.6672003354	-0.922790027633	-0.536675707155	-0.736954651681	5.69060435049	-1.08810371224	3.02888091751	827.835932998	162.935515191	True	
7.33605940651	1.53344145985	-2.2777749241	-1.15827146513	1.33151905368	1.58247351568	-4.16349090317	1.62532319009	-1.56432146041	-1.48323493632	3.57320221809	-1.23428315411	2.42388776139	471.780160901	161.306160039	True	
7.69503845223	-4.05296478789	-1.70697085705	1.83175076319	3.50068939537	2.81821807474	-1.44901772951	-0.525429412636	-0.488025384808	-3.33404558753	-0.510028873624	1.65685428525	3.10738434997	775.614862262	159.693098439	True	
7.93743911566	-1.3780106083	-0.793531050944	2.56803367222	-1.06180865373	-4.89319559762	5.38788938083	-1.48583567537	-3.27702927582	2.39175954416	-0.640453419128	4.53646033003	1.77213906411	669.839981535	158.096167455	True	
9.06982003236	-2.55263442354	-1.27204386853	2.6325976258	-4.91757445664	3.04078940833	0.467470479001	2.10284583058	-5.84001341873	8.11905241134	-5.61292342431	3.63489752045	1.65001088382	984.929780077	156.51520578	True	
5.82056719783	-1.57955106364	-1.89263257392	2.2943081408	0.0450779522571	-2.27743223049	-0.299643237538	-1.8714984357	0.581283856754	4.18837247466	-4.0405781075	3.93589963507	1.74273282023	687.873203251	154.950053722	True	
7.60137060432	-4.77012059395	3.60831438105	-0.189648549009	-3.98408282142	0.659051581405	4.82584593083	-0.31453456126	-1.97061024119	0.662062794603	-2.34304943944	2.24236299782	1.08116276547	605.629441589	153.400553185	True	
8.3341449661	-3.41912573524	-2.76036755231	7.19035737675	-3.24776476801	1.01377589911	3.65631714229	-6.83965743983	1.77888449617	2.08728734577	2.92241467588	-2.02707606302	1.40777591263	1204.93000314	151.866547653	True	
2.20538454528	4.4774082116	-4.05439714449	2.85835539047	2.55153114828	-0.0836731321625	-2.73928458253	2.88920669315	-2.40724512738	1.03828065347	-0.800503317481	-2.34482321794	2.10490541979	907.058245069	150.347882177	True	
0.927871171447	5.24359362619	-5.35822388385	1.99018090517	1.3671457743	2.03539667909	-3.82108214293	-0.759465636212	-0.197795972728	-1.37782911023	1.63175995014	1.40958010178	2.82977488371	929.29600612	148.844403355	True	
4.97344433966	2.15357421917	-4.5771788551	5.39208560147	-2.08916253604	1.58024133633	-2.64851017077	3.77381160903	-3.89505495107	-1.04664188348	-1.7066260565	4.0494984438	2.81376090195	850.767951677	147.355959321	True	
5.60622813891	1.91834071605	-3.85458452294	-0.229021074533	-2.03083980606	3.50303158434	0.551957005056	-2.25377636804	-2.05760754792	3.33029583912	-0.298895475943	-0.863576388918	3.09366662607	584.787692314	145.882399728	False	
8.22972295469	-1.2298809885	0.550043885436	-5.30246886035	2.42213342196	6.82592430722	-0.738660010249	-1.4132537429	-2.87377977744	4.32114640487	1.12491567707	-4.80848956382	2.33718521184	1180.45455818	145.882399728	True	
8.91090455519	-2.05114918046	0.285310431914	2.05030030098	-3.5984827299	4.20112944021	-0.690128633243	-0.366321091772	-0.822287339998	-3.57073827074	0.0716147500194	-1.48805929697	3.89088260635	883.240424418	144.423575731	True	
7.90497459875	-4.79228300482	-0.297693598203	6.57116410878	-3.38934396438	-1.83290499408	5.16687937572	-1.19350502621	-0.574132283707	-2.37484370199	-1.60655874658	3.44945531508	3.02997059769	682.512085264	142.979339974	True	
4.63372523627	-1.80269151309	-0.210999730339	5.64970473259	-2.71749692089	-1.5599944533	2.98790713285	-4.42365582341	1.03128592552	-1.02548796304	7.72910121102	-2.56036370199	1.8653454613	1094.77180887	141.549546574	True	
6.19789541951	1.55854955337	-5.56653369075	7.69970452987	-3.69019431741	-2.75950549199	7.03824344091	-4.77367883361	0.107653764355	-1.80678587987	6.0350069372	2.45310667922	1.473488392	1078.78467505	140.134051108	True	
3.52263004353	1.98244878946	-5.51266414705	9.75312021074	-1.47395693656	-1.39024394301	1.97182249352	-3.14189543008	2.72100599977	-4.47709716585	1.93254093258	-1.1328793093	2.7360791166	750.498861616	138.732710597	True	
-0.439092690083	8.93630351709	-6.79764683582	8.3127280344	-4.21869063977	3.81841308023	0.105270921445	-0.940258635857	-1.96091725585	-2.27739163877	2.67710915436	3.42565911213	2.722095949	1080.18141064	137.345383491	True	
0.646094497437	4.85293701279	-3.949329652	6.49604452237	-5.62425048376	1.07587723994	4.77251671029	-1.74031342728	-3.37652675625	-1.25076471989	4.31520643329	6.53291327549	2.10168776743	805.429538915	135.971929656	True	
4.04715945319	2.85364696634	-5.53240271006	6.94389536157	-3.4458524195	1.14496453656	2.1292059389	-3.88328857954	0.411893987669	-2.68850131901	3.8908807335	7.98752011031	1.42117195724	551.112471734	134.61221036	True	
3.12418265261	4.66041374387	-4.7508874243	4.06378675773	-0.469242870973	1.26909956988	0.775129517102	-2.0573572247	-3.78282569667	-0.0172207634318	4.01093520016	8.28994244873	1.45901879284	753.209673215	133.266088256	True	
3.42801062191	4.8990507874	-5.96369521697	2.81048888055	0.118120364635	0.405263630765	1.00598247755	-3.59887932245	-1.56146366532	1.30627570331	3.35337889789	9.82027958379	2.1936920123	742.600336301	131.933427373	True	
4.43922317733	4.1942187291	-4.70369801618	2.09735608856	-3.33157964254	3.1760776179	5.33091368413	-3.13191776485	-1.89357916353	-1.88145673324	1.08433733668	8.88466422052	2.1483351323	1100.2299966	130.6140931	True	
5.72747935518	0.551280874111	-5.915066471	1.76806033778	2.78013004558	-0.331287082299	-1.46022881664	4.08026237459	-5.42366938155	3.45968950179	-3.91556279794	3.49132075671	2.27682695871	771.043017968	129.307952169	True	
4.74603704441	2.60001689146	-4.96220503785	3.0617048126	3.93304343019	-4.65164324826	-1.59236424065	1.89909707885	-1.72229682212	3.96189161331	-3.57543905513	4.76828919734	2.45348381449	781.042102057	128.014872647	True	
4.31173055514	3.76962355012	-5.00943831017	3.35328928991	2.93353109616	-5.74159428679	2.5389091975	-1.37279430296	-1.53653564485	1.53931447726	1.98644600795	7.53880759757	2.48881746411	1046.83021157	126.734723921	True	
1.46617985992	2.24903388655	-4.35079568336	1.86212986282	5.81855692758	-3.79818486789	1.55938562294	-1.88845145551	0.207782874684	-2.78062494817	6.8221933099	8.66923318016	2.83145384103	927.180645758	125.467376681	True	
3.07764229567	3.43984074541	-3.93865795432	0.555832317353	4.24255993887	-2.76091467293	3.25798457233	-6.16516316782	4.71883638363	-3.981037863	1.86051854848	3.34739398367	2.61234882529	746.725504118	124.212702914	True	
7.92124644589	-0.265853124012	0.693173717855	-5.40233996147	7.45154875338	-6.76271972114	6.44571333911	-0.0795932580975	-1.56861468518	-2.89195586203	3.6947413397	-1.14097582882	2.90205431527	1152.45675081	122.970575885	True	
7.56382816319	-0.688758304918	-1.92538903776	3.15059787567	0.680635342345	-5.24273362171	4.10484467596	-3.37524175132	-1.2272393417	0.486837846826	1.44183814927	-0.969451583228	3.87261471089	540.512438625	121.740870126	True	
7.55126626169	-3.50099478494	1.99164711166	-2.20275923458	2.98430898096	-1.66653841382	2.81600326652	-2.08190323143	0.621493940222	-4.83511461216	3.08071511121	-1.61040115634	3.94912731327	471.255049645	120.523461425	True	
6.40224352759	-5.28802790134	5.50714576984	-4.95342562836	1.95448853	4.45646505153	-5.53238012232	2.97705195737	-0.945699055055	-1.89079603928	1.77640743641	-1.61712880005	3.00044301312	706.532532453	119.318226811	False	
4.57898365593	-2.33827850804	2.5272401089	-4.36619556756	3.99052281568	3.9839161692	-4.8408735053	0.488494506429	-1.27556258771	-1.54860522962	2.88758975515	-0.325868870915	3.32666834659	887.673271839	119.318226811	True	
7.39862067508	-3.38811456253	3.33910008389	-1.59928397047	0.740132946559	-2.50078941521	2.73076310692	0.081987759442	-1.48290471351	-3.5316254877	1.3966330423	-0.896441337975	3.94300140879	471.031440299	118.125044543	True	
6.5632079883	-2.93171962444	3.33443187017	-5.58565286024	3.33211188104	0.880544600237	-0.908584199375	-1.42817855524	-2.45002573274	3.04188930462	3.68165515739	0.75009678147	3.0486929367	745.465083612	116.943794097	True	
6.27708710122	-1.94204571828	-2.57783458403	1.66150943181	-0.78117394767	-0.0125681828634	0.0414403307767	-2.76982233394	1.75268543322	8.88681287114	3.46627653816	3.4859320748	2.63465882051	1301.48195517	115.774356156	False	
8.0759995827	-1.30757043674	-2.19213341706	0.498895612307	-0.915943298414	2.75099840803	-1.0131257203	-0.0123631062896	-4.21041068729	1.34013023915	8.45237312337	7.95456187944	2.47311552194	572.58838933	115.774356156	True	
6.67975482611	-2.47894258636	-1.28992150377	4.05404058728	-4.10953172364	0.784312328906	2.99800022016	-4.2985659915	-0.444509829005	-1.03372806152	7.90697963146	3.72252747262	2.2137707678	583.117083842	114.616612595	True	
9.73373046816	-6.72589824789	1.45448332759	2.53095785625	0.27243771189	-1.35735934108	4.79400518885	-4.3222820199	-0.0223182683274	-1.80305242885	9.78116086067	5.85429610861	2.45391615169	1055.58190951	113.470446469	True	
6.37871323721	-1.62510376041	1.98913003311	-0.414904966248	2.51207673155	-5.09586430121	-0.841131427584	3.38667454405	0.305744314494	-4.76747509174	3.72158372825	9.47626369772	1.7694709005	831.26171809	112.335742004	True	
8.17752244064	-2.82012273394	1.80590732366	-3.35339986381	3.32696208251	-1.79850837656	-1.75555795912	4.09654270838	-1.8532330561	-3.69424327098	0.743710539937	8.39778152118	2.26717991826	446.265031873	111.212384584	True	
5.58270289522	0.29961317896	-0.500195454737	-3.54091117797	3.18363565697	3.53825942319	-5.38033753629	3.90969540109	-2.08328995332	-3.25137980025	4.21167490836	9.24175583747	3.34306645329	649.337676567	110.100260738	True	
6.63352932281	0.312251463569	1.16815130854	-4.90836697255	1.85711221235	2.74708107129	-5.50663079657	6.80431496778	-6.3985088055	2.96740472428	5.84702972338	6.41674419867	3.31478155099	1001.19346726	108.999258131	True	
6.94024355432	-3.91386935468	2.76158641869	-4.47528526961	2.28512908736	0.478192823062	-1.89412410878	4.07241513193	-3.73228261922	-1.63106339323	4.9408871383	8.43495081081	2.96262454743	585.84804171	107.90926555	True	
4.63858548741	0.967350570822	-0.555719144757	-2.07183971283	2.07972446978	1.71306294977	-3.84778839101	1.67393701994	-0.641226397609	-3.61658132932	7.39526384062	2.6539075694	3.23235192106	624.539311892	106.830172894	True	
7.78082159609	-0.814107236346	-2.42878305949	-0.823742595243	1.21331649199	2.90926199519	-3.9259435723	2.42517448438	0.88380783468	-5.53625571154	7.09561243586	6.20114970277	3.0863323527	524.239422045	105.761871165	True	
7.10022597533	-4.46116443048	0.0561723466388	-0.0667489402042	1.42455136465	2.81595081977	-2.91006795489	1.18661803401	0.765050435308	-4.88971034969	3.3876864667	7.97565301065	3.72920861662	561.881450778	104.704252454	True	
6.59355672315	-3.35963955079	-1.00267595993	1.24775930947	3.34846124778	1.37254426326	-1.74909749519	-4.90014396898	2.34026938778	-0.815685347197	3.97354297167	6.2305340179	3.80502693701	800.527425006	103.657209929	True	
6.73266421694	-1.00414219653	-2.94411333258	2.73733404788	0.486178549552	0.0889004242915	0.283007931184	-1.33659809403	1.24003742396	-5.35291440197	1.73851060264	9.3069425005	2.93728401843	392.770950001	102.62063783	True	
6.29748876679	-2.03168636521	-2.65477650739	6.10946112041	-3.52741534742	-1.58762334101	2.53512447043	1.27948474345	-1.33833606715	-3.66886538961	1.89369468367	6.1872509395	2.36586929177	474.295424003	101.594431451	True	
6.01059049825	-0.984255941881	0.21631358104	0.366326655414	-0.384312783683	-0.726834956064	-1.11573520501	1.25321890745	0.0118100967421	-4.71335072971	2.13529984344	7.80126192789	2.15004238036	490.343123574	100.578487137	True	
8.18737544814	-6.49156902969	2.37551816104	2.56770279442	2.67022728044	0.802459738494	-1.96156024613	-2.14730066051	2.45487216315	-4.18294010576	1.56650613429	5.65400322211	0.241862797477	982.754546046	99.5727022656	False	
8.54761000667	-1.58386688454	-2.08002799534	0.385693712472	1.37669310758	-1.53627598374	-0.678464397032	-1.57647024869	5.53515159005	-5.82860090258	6.30834833149	0.391633816904	1.5500663294	591.325238	99.5727022656	True	
7.02531909385	-1.10255546877	-0.129336309526	-0.499397016838	1.90470970931	-1.67242896191	1.27302332025	-2.62161314974	1.49550602255	-3.97570321191	1.38405865198	0.957654973146	2.24465275532	448.801607385	98.5769752429	True	
7.65306424286	2.20969011876	-4.8075163051	-0.0128683876974	2.40880625374	-3.08221648485	1.74873370679	-1.10867742121	2.70370255674	-4.51329540322	3.41865680253	1.63977527993	2.57748388816	641.233889274	97.5912054905	True	
7.46278208177	-0.766950098607	-4.11022561139	2.29608851587	-0.0715256169137	-0.599440599025	3.40445918935	-2.1819926497	2.19320455594	-5.91875100974	9.95998615689	1.36763974444	3.9138522722	635.164915845	96.6152934356	True	
5.08938774669	2.16898537555	-1.15266962035	-0.582478677679	-0.423343102665	-0.810223525415	3.53408716605	-3.48616976587	2.42338255169	-5.41151800814	8.55885911688	-0.581453273832	3.04627729765	622.655156953	95.6491405012	True	
5.09010122984	2.14121544613	1.00320985362	-2.69879822421	1.13898068055	-0.75800878357	1.11570141534	-0.657885568031	1.28743175005	-5.88125435626	5.37246705366	7.21882522002	3.17586100049	669.855700593	94.6926490962	True	
5.5883296781	0.412436377622	0.51210913823	-2.84217642833	0.133738153871	-0.0408187858115	-2.52277305156	2.25319710394	0.454331829052	-0.276318463424	-2.88462014276	9.42788055409	3.27112663178	605.706916502	93.7457226053	True	
7.83226270015	-3.86444581262	-1.41386933704	-0.537015159119	3.77028638699	0.119606847414	-3.34612319349	1.8018639581	1.59664275685	0.494717283584	-4.98865900758	8.5357890007	3.82883434443	614.502814644	92.8082653792	False	
5.96691113619	0.288080733823	-6.01144694357	3.25599010777	4.08434755236	-0.672555032047	-3.39416850265	-1.12778603587	2.73282310475	1.98675492914	-5.3768506597	4.90597307452	3.57443037682	873.923955441	92.8082653792	True	
5.37293237102	2.96173102124	-2.75913000063	3.64504608629	-2.26406458822	-0.681789481522	-3.13834958977	2.88183650263	1.23522133541	0.48161422251	-4.71395939592	7.54670447963	3.55435702245	818.57154356	91.8801827254	True	
3.47464350028	3.50229666264	-3.07817571128	3.24186207012	-2.83020780061	2.04646944203	-3.40924092367	4.05652254477	-5.17222722849	3.99878619258	-4.08058606919	6.56399214753	3.76827059484	552.271521969	90.9613808982	True	
2.3412476135	5.54013104553	-6.58502898872	7.93357281726	-4.85195827307	2.65649975417	0.603734995234	0.780289216207	-5.38019964181	4.66084803077	-1.50639051666	9.81808732386	3.63998509727	904.26752003	90.0517670892	True	
1.02715051225	6.85367512156	-2.28685102798	2.35297952724	-4.1500502016	3.51510994448	-2.06357700587	2.20470588979	-5.39737079185	5.82767970304	-5.32330085365	8.81046788957	2.85602083561	804.052742596	89.1512494183	True	
1.16610114842	5.93719779018	-3.62650636963	3.66596103298	-5.85061430997	6.09026004237	-0.761683889534	-0.506641434	-4.3035413505	6.16302462078	-5.20262220326	4.41250540755	3.11571427442	770.919732533	88.2597369241	True	
1.68379241299	4.87280074743	-5.55866932239	5.51889622701	-4.78609011349	4.0009817785	-1.11127224996	-0.567757790538	-1.66715390857	4.83264877462	-6.16514525632	5.948363314	2.76930368383	723.846878466	87.3771395549	True	
2.46996275502	3.95795283371	-1.30412883218	0.702129276625	-2.99369168643	-0.308650945603	1.74969751689	0.387972651763	-3.98421019501	7.24722784444	-6.52753747774	8.20219799004	2.93061380706	674.913269764	86.5033681593	True	
5.19972369978	2.34380430916	-0.413374200497	-3.12904514397	-1.87153407119	0.498099286364	2.60114639613	-1.28516848097	-2.2920993798	6.24665303831	-4.28955951273	3.34060389241	3.52921162262	649.85636276	85.6383344777	True	
0.696472829553	1.5906059576	5.09830286305	-2.26959085515	-0.565117358825	-0.492075025743	0.722962062468	-2.84107470623	-0.368541666452	3.47446532771	-4.3267994167	8.13824733246	2.7630967365	756.943321736	84.7819511329	True	
5.19664199884	-3.13333289412	5.77676995564	-5.84128775149	0.108765384628	4.86893826402	-0.328877817641	-0.342158781313	-3.17932087067	4.49479416485	-5.54923790972	9.02219610462	3.35442694103	749.643238339	83.9341316216	True	
8.07623835499	-3.05608833213	3.94687394841	-2.25517464442	-1.48258850754	0.392433221405	1.43407923508	-0.631052042443	-2.47641589253	4.20371461555	-5.77512275379	7.66807365203	3.21217673931	632.866075637	83.0947903054	True	
9.00043506188	-3.10840784549	2.30449129941	0.453449482603	-3.56984958801	-0.266852334423	1.19090109874	1.04086105995	-2.99945145022	-0.871502186411	1.05462891666	5.74963492671	3.82132764848	501.130992137	82.2638424023	True	
9.05029574274	-4.4539121032	1.47070371022	1.56196734585	-4.24587321646	3.46453218198	0.324890554094	-0.255927079547	-3.92888788408	-0.339204508281	3.94516396683	3.80939655272	2.87709332045	635.714015926	81.4412039783	True	
6.19464989052	-3.44293589634	1.1490834425	3.79532692217	-4.29785514961	2.50421557219	-0.516767666912	0.572509490213	-4.33992142815	-0.332845807241	4.50800267648	-0.36032998469	3.11207670336	473.612543618	80.6267919385	True	
7.18462968728	-4.15996296378	0.277387602128	2.22373350827	-3.286177711	4.54005171236	-1.0235920099	-4.10119903271	2.51392007078	0.282963252501	2.12450946682	-5.61647531787	3.03561736957	549.429154932	79.8205240191	True	
6.36439867034	-3.32178996327	-1.11175081694	5.27851131032	-5.99152470399	5.76652657167	-2.56800032709	0.464779448693	-3.46334772258	2.00253034107	0.197502612947	-2.19219212749	3.46702907935	551.637998496	79.022318779	True	
5.07410889807	2.12202828513	-3.6559642901	2.87213359175	-4.86709494217	3.414386599	-0.986592178836	0.567483986585	-3.14489657757	0.689854576826	0.991143629439	-1.6464049737	3.06526135554	482.682986452	78.2320955912	True	
7.13201118244	-0.0836669817367	-1.89577682079	2.46816603638	-4.03094618312	3.11107123571	-1.39447989469	-1.57616867298	-2.34960415084	2.47695457253	2.56280863631	-4.46938181112	3.77806554878	456.098535491	77.4497746353	True	
5.53672184995	0.91307815585	-1.99100642196	3.21105256289	-5.04975614672	1.95175896058	-1.50194983305	-0.492030065134	1.8073868402	-0.12567032181	-2.31614959505	-2.21411484308	3.73892209877	496.409220286	76.6752768889	True	
4.3400966843	2.41118719474	-3.11048463933	4.0340405842	-4.0479185381	1.87719930556	-0.00729219263639	1.15750973995	-2.85177202944	0.813490535414	-3.41283113631	1.95189754201	3.78866908883	562.392503032	75.90852412	True	
3.16740431704	3.93419459469	-2.108852565	-0.190084300889	0.0573284390816	2.66244684481	-0.173554484904	-0.629275753123	-4.94705939822	1.26048077168	-0.737493046855	1.84961917563	3.04496779925	592.08972259	75.1494388788	True	
2.84742660514	3.48635692609	-1.37664203159	-3.74927196604	3.93808549051	1.17990946406	-1.04217821851	0.679156061102	-5.42199863254	3.29035795497	-0.652100792349	1.97857481212	2.92640164141	631.087001219	74.39794449	True	
7.04364308693	0.259089515998	-3.14907805568	-0.662851947535	5.98165309982	-5.04743861045	-1.02986905036	4.27494456944	-3.60504521493	2.50482749059	-3.80699885596	5.25923065084	3.44860957208	809.420241155	73.6539650451	True	
6.04860397142	0.308859572688	-1.84954827443	-1.97285026725	3.0647885493	-4.29431740695	3.08388451507	3.55202198025	-5.37362682751	1.11955963987	-0.989027329479	-0.232840526898	3.18610480775	742.78846573	72.9174253947	True	
6.95685061957	0.764124474902	-0.198380876917	-3.49640179295	1.51104372277	-3.49338707327	4.64058517772	-1.44427525001	-2.66707181791	0.823186640421	2.18897989206	-1.65226381774	3.11140895619	554.17593368	72.1882511407	True	
6.45672637024	-2.73060735518	-1.35477877629	0.387649434123	4.33680463902	-3.06771360834	2.36214753461	-2.60302796161	-1.30201660744	-0.405376467658	0.174713110595	-0.47574006832	2.71385700624	500.849641626	71.4663686293	False	
6.54969139753	0.0994537762347	-2.21468593116	-0.00807928949685	2.81740764265	-1.17667839939	-3.43511035137	1.04365593646	-1.69838419326	0.126975168039	0.542670724908	1.34132770348	2.80224341189	404.225020696	71.4663686293	False	
7.11566986611	-2.51692227773	-2.11396721094	2.07083320648	-0.451704772208	1.09808158542	-1.37849776315	-2.02782156602	-0.73261592234	0.760440243023	-0.351091242407	3.45240592368	3.04921888508	479.634614357	71.4663686293	True	
8.84017967612	-1.01098915956	-4.42797919396	5.15097860306	-2.17889081565	1.76165314359	-0.970777332854	-1.78277857895	-1.51924448902	-0.132447281725	-0.621837921486	2.39672213122	3.25607348352	634.602187194	70.751704943	True	
8.64452506221	0.260131798454	-4.95963460815	2.72035926023	1.10544219872	-1.12584497896	1.86385978397	-0.942845050564	-1.8894716166	1.00375926709	-3.64642278257	2.15844760343	3.12673958139	649.90326181	70.0441878936	True	
7.18902800037	-5.443208689	1.0158911509	1.70943515505	0.759681335868	2.3517510282	-0.823294066032	-1.31543628223	-4.15557568354	5.24099190336	-3.54134944992	2.46616001818	2.90104792532	557.54204308	69.3437460147	True	
8.10434017378	-5.13453347402	1.10181307278	3.74869532322	-1.59113305581	1.07715585553	0.584568090125	-1.68759501395	-3.16373471495	2.69237006664	-2.93265492098	2.80281085919	1.84472978429	499.19597869	68.6503085545	True	
8.25583984939	-5.06432810279	-0.0982287968578	3.20172381556	-1.43050382254	-0.899984337992	4.16538364742	-3.06198008552	-3.09271729034	4.79073178097	-3.12086837078	3.86522349721	2.2215750354	530.41138044	67.963805469	True	
7.16740009632	1.19768832319	-4.15994928643	3.043786388	-0.453933326909	-4.16542002892	3.74174101695	-1.15009369031	-1.86036199181	2.69198230362	-3.56832546631	5.03672793791	2.41072965303	494.600573397	67.2841674143	True	
5.59669047113	1.63352233327	-5.83364449528	3.22081510878	0.0366171927315	-3.67581876018	5.8482527132	-4.1930502458	-0.929756200444	4.59501290518	-1.68349378903	4.4563349575	3.10032727942	865.594890425	66.6113257401	True	
8.61229956041	-1.31959069989	-4.66090496255	2.80078317517	0.857677079627	-2.80828711965	0.270658740822	0.643788805043	-1.81751283739	3.92113112409	-1.51070400541	1.47913529659	2.5569749399	701.542377207	65.9452124827	True	
6.47053856741	-0.336475143615	-3.68931174872	0.789314947687	3.26440485579	-2.62310473072	1.27521660294	-1.92809084349	-1.08913268636	5.25793399144	-6.25094308428	3.25697669032	2.94480077122	561.676216839	65.2857603579	True	
6.62748027122	1.34788111349	-4.13314995884	2.04200467744	3.03085537347	-2.82389439587	0.0760764123311	-3.20340627881	2.1204716947	3.47983113406	-5.60699997802	9.85029263611	2.46685674383	688.932876469	64.6329027543	True	
8.22035764288	-1.7380723907	-2.99960088403	1.58909617953	3.13878933623	-3.83416182922	3.09648015276	-3.45403124257	-0.968340751016	1.53634098094	-2.18781903549	6.538155582	2.38724866537	481.104690844	63.9865737268	True	
7.51294823857	-2.27454861955	-0.601250730381	-0.683782079282	3.67451122931	-2.24524741463	2.42577051932	-2.76979559409	-3.10098419724	0.950165481341	1.6775019388	0.711754407811	2.67753580015	451.127744709	63.3467079895	True	
8.00044841474	-4.32242683255	3.0807902068	-1.84228299196	0.829831831241	-2.55777015078	1.85955722162	-0.691082970474	-2.59599819221	0.706852035234	1.0776503349	1.66225483197	3.38260967756	400.76995718	62.7132409096	True	
7.88586974853	-3.55809057042	1.5351250969	-2.8594647949	2.9930697739	-1.44581251687	0.571565788911	0.542002578138	-4.62747317759	1.80432654465	3.04180050138	2.9538583865	2.76677939712	544.467668853	62.0861085005	True	
7.35964865123	-2.05039996594	1.73829696005	-4.00089726932	5.20145970024	-1.23844473927	-1.14930833794	1.80446760855	-5.39921333244	0.905635881574	0.0562991785667	3.37458819503	2.95763408083	514.322428286	61.4652474155	True	
6.80152570794	-3.56378310693	4.62759436903	-2.94979207283	1.86245668167	-1.86321094819	-3.27579290903	2.5893381099	-2.06883345713	0.819681449144	0.568677195257	2.55666625433	2.2982812848	543.704361838	60.8505949414	True	
7.09615064895	-1.47563590693	1.69047145799	-5.34566086856	5.5519719648	-0.78575227395	-2.32443795757	2.5376137891	-4.2700929607	1.36515265498	-1.65147271395	3.03464765394	2.02269086839	490.332708654	60.242088992	True	
7.46523528076	0.392656674682	-0.595093376376	-4.31120682801	3.99512340564	-3.36099883513	-0.0980915827627	4.02582045632	-4.27500557704	1.50558581419	-1.72889650971	1.82388736276	2.61504488516	530.299015321	59.639668102	True	
7.62375835035	-0.946269584589	0.823943559356	-5.34238942914	5.44580015433	-4.17454535935	1.23623082316	2.53374571981	-4.94753164527	0.451231400589	3.669651483	0.20896625857	2.5479223187	622.236988577	59.043271421	True	
7.88982011071	-0.477167400925	-0.744969847071	-2.9154791449	3.9726188045	-3.20555714263	1.210907715	1.29670559466	-4.09585062757	-1.04540356693	3.88949098823	-1.42970398723	2.93657710222	459.923916074	58.4528387068	True	
7.35479017613	-1.52697410616	-0.83759938881	-2.71426789651	4.71997395354	0.197009628725	0.637191270682	-2.54490569816	-3.8152580667	1.71095115557	7.80951483291	-4.07586939658	2.93412650486	704.469327892	57.8683103197	True	
7.49156929722	-0.64854862378	0.78648805482	-4.05173679673	5.81243570638	-1.15911068769	-4.36967064999	1.47295227639	-2.33980346662	0.516617464658	7.69314571229	-3.44016861013	2.40498158382	841.319779065	57.2896272165	True	
5.64562818655	-1.67492702623	1.95514803877	-5.91192254717	6.99777039755	0.794749723445	-3.63981137523	3.45291210503	-1.03482360178	-3.96307164677	5.81699801966	-1.88559294196	1.72341578917	900.722448487	56.7167309444	True	
6.34747969398	-2.10012462047	1.49306695522	-2.17668224151	3.38207081501	-3.38406598834	-1.09841852002	5.53587860404	-5.50055145204	-1.04246151795	8.40522966135	-2.04068868503	1.83236861385	582.618860584	56.1495636349	True	
6.68070467935	-1.09595945268	-1.36706533772	-0.35631898858	1.32851871878	-1.67309492001	-2.54666574243	6.49292442178	-3.17824084002	-3.12397576561	7.74610078089	-1.8707850706	1.41388641973	540.373408722	55.5880679986	True	
5.96306987702	1.85051775573	-1.51226589224	-2.3558959623	2.56522936829	-1.99221285132	-1.92618112603	3.187102451	-2.54006453623	-1.27193687833	5.22108547777	-2.80195431922	1.94731149836	420.256738053	55.0321873186	True	
3.29823246089	0.700718811596	0.829695897822	-1.85604890688	2.19651520045	-0.138710741932	-1.11656448322	0.340517419874	-4.86544418758	1.58544091157	5.66259322902	-0.466153865598	2.19693868444	714.987676298	54.4818654454	True	
4.47184326135	3.27856408545	-1.33968792446	-3.15942384239	0.657036141217	1.76307674728	-2.11169791308	2.71402535315	-4.92827447106	1.43048776917	7.22721948931	-2.99586648545	2.88524143416	638.321861797	53.937046791	True	
5.70307671459	1.36762106282	-1.81725371817	-0.485553133845	-1.53975177484	0.0524921751954	-0.800064485503	3.76702811068	-4.24550014905	-0.927241529364	6.25685648938	-3.91857362752	2.50023073817	397.031006865	53.397676323	True	
6.34620728375	1.95856822925	-2.19794236548	-0.38077877831	-1.42390376497	1.93415391923	-3.3074670659	5.00400165128	-5.33108792924	-0.399300466855	4.5864800878	-1.697948035	2.8251372536	491.542462996	52.8636995598	True	
6.15676369008	-0.881244213187	0.87835081915	0.246583150267	-1.84024639802	3.01941898814	-1.3104771239	-0.898832795521	-3.42093679519	-0.424201675821	7.91189437497	-2.43034962893	3.85845162885	547.869391652	52.3350625642	True	
7.82413365999	0.397655427458	-2.66901588058	0.210495403876	0.173995319814	0.955390882956	-1.82314055557	0.435424949419	-1.02624695941	-2.84012917002	8.39192524944	-1.98844370086	3.37904323872	463.138384284	51.8117119386	True	
7.21439902519	-0.753493683612	-1.15239708951	1.69897306686	-1.31364368764	1.73867350574	-1.22225506632	0.0124097775554	-4.78317627775	1.26247720345	7.10264653811	-2.63043617166	3.3838284855	522.867067928	51.2935948192	False	
7.13245660336	-0.832339649705	-3.26952233164	3.55732683684	-3.51505381677	4.51681884338	-3.28271263079	-1.88530670536	-0.115756934753	0.813854225265	6.417570108	-5.82104498428	2.84946597195	528.285621475	51.2935948192	True	
6.88654432033	-1.56312375559	-2.40578455536	2.95898945403	-3.99567838053	3.80344699823	-3.39400692173	0.12363715514	-0.444707145227	-1.12133356445	8.3405700219	-3.57785890735	2.75642911389	523.37172468	50.780658871	True	
6.94216218534	-0.0926141521319	-4.35747212234	3.78023100796	-2.84307988301	2.04058497546	-1.7462376396	-1.06800818918	1.06023027367	-2.35820339965	9.13606014783	-4.80486273879	2.25285591978	475.113224596	50.2728522823	True	
7.58203469895	-0.662071994004	-5.26775267047	4.8101430014	-1.72203890566	0.799661915219	1.12368825785	0.927628515784	-1.63683036875	-3.26055182089	5.01862283729	-1.7155954983	1.40497401896	571.937831303	49.7701237595	True	
7.64506698031	-1.13739425115	-3.30384528376	3.84761748777	-1.67604772645	-3.80359394993	5.59213099933	-0.0436025152983	-2.19339820187	-2.31908943662	8.23450188591	-3.04707762664	1.55264091878	681.344137833	49.2724225219	True	
4.65440863311	-1.53418757737	-2.11162466973	5.11168551686	-2.71705912762	-0.66342878261	3.86667509264	-1.98317329943	-3.22667230386	-0.576301971374	8.90519544729	-4.4334656293	2.05122907403	642.608555293	48.7796982966	True	
5.83523095657	0.27252031281	-4.04141685639	4.26494858585	-0.0336137158117	-1.89222874968	-0.171000924462	-0.967504312538	-1.58110074683	-0.89427955158	6.52060873527	-3.11249971673	2.22389319963	386.602429192	48.2919013137	True	
7.13778823281	-3.3482859675	0.495340792316	0.838236336969	0.875039636037	-1.15066115339	0.979986254337	-1.7715837606	-1.43319225927	-1.61767754415	7.52672287708	-3.71095059955	2.00107379169	404.579481226	47.8089823005	True	
7.30386473407	-2.86434798748	-0.806481451667	-0.616550652963	0.758875961597	-0.400780203317	2.12088855761	1.01082224898	-4.56252796286	-0.913420482525	9.90465427284	-1.84011010323	2.04622276594	528.204311492	47.3308924775	True	
6.96064085831	-0.741555849098	-0.251470152447	-4.30925595201	2.00344324295	1.75970283793	0.220060953315	0.113359947278	-2.89670132532	-1.41197047961	6.54872348345	-3.20780710351	1.96292702431	465.734635807	46.8575835528	True	
7.28849462475	-0.124120740157	-0.348846685072	-5.1802550302	1.48830045098	1.37547108942	0.632068496941	-0.400069344855	-2.52257150611	0.0972604480673	5.17217918449	-0.614986140746	1.85349904377	539.839543556	46.3890077172	True	
5.92717207393	-1.64648654177	0.993140796699	-2.96081880302	0.568641338416	2.95680122779	0.0443739656919	0.0811064191335	-3.05396998199	-2.28542310391	7.30755843905	-1.81855251495	1.67818858074	607.062291359	45.9251176401	True	
7.58572452926	-1.75625003741	1.78667490455	-2.72533273138	-0.65473182567	2.13316960263	-1.4869925808	0.0676819335295	-0.444595598225	-2.80271582475	6.36750237641	-1.93111341497	1.70822305555	443.545970633	45.4658664637	True	
7.0244961929	-0.53408851559	-1.45511703005	-1.57550580796	-0.78061414551	5.54500722697	-4.74117456162	0.166197953431	1.43574291457	-3.54773342001	7.72975286504	-2.64697020506	1.85771660809	467.758095406	45.011207799	True	
5.74000957102	0.27503508441	0.760469346743	-3.86246280737	0.324705656482	2.98620992109	-2.51017122509	-1.41185893999	2.2662429908	-3.72565246071	5.54886935845	-0.357754505957	1.25387892129	404.768583866	44.561095721	False	
7.25195724557	-1.44895410692	2.2029210458	-4.16126392403	-0.841330840054	4.05035596224	0.781008148487	-3.94169425715	3.64778023494	-5.55731815067	3.87459881265	2.8383316178	1.71231463547	512.826289557	44.561095721	True	
7.31313610906	-4.96534019086	4.04866917935	-1.55479127059	-2.27678730593	3.8256650104	-0.719643095686	-2.48880320625	2.92292062022	-4.67696805678	5.20155803309	-0.18200716522	1.01343713966	452.617121682	44.1154847638	True	
7.63509908408	-2.34245501357	1.89410069583	-1.61117268617	-1.33194710787	1.41555072105	0.257602821713	-1.41178360874	1.7924698205	-4.90467034146	4.69582463182	2.13688192849	1.51213232422	445.625888558	43.6743299162	True	
7.88502361658	-2.56334058903	2.50060771717	-2.34036203098	-1.79278960197	2.35175424213	1.3531089078	-3.01271430873	0.932802718497	-3.75696979095	6.65840077945	-0.914475873322	1.60966320837	448.16462855	43.237586617	True	
7.00429117694	0.0344432131892	-0.337320088795	-1.57906304796	-2.8302404269	1.94873372078	1.70545456967	-3.36866489708	-1.03578886477	0.818409870005	3.59284964401	1.26342833748	2.25861943234	479.15267378	42.8052107509	True	
5.96921234422	-1.4570299013	1.95624280666	0.411116187016	-4.16350752885	2.85559182931	-0.165133614609	-2.43642393188	-1.36437146785	-0.220172533852	2.82073124987	1.79410191161	1.71736507374	406.752270733	42.3771586433	True	
6.76175377776	-0.925806707298	1.83590109042	-0.72226876549	-3.99561177619	3.07802282715	-1.10633107384	-0.552506653346	-2.60293201653	0.615485895297	0.594191029405	2.95784111409	1.82794557146	435.948915325	41.9533870569	True	
7.79632572777	-2.95074553196	1.68186536665	-0.104035298263	-3.58919996197	2.3483231371	1.27111140986	-0.537864042045	-3.39716334523	-0.796990935221	3.80314043039	3.42215729363	2.32840386702	433.911622014	41.5338531863	True	
5.75756511708	-1.58411871423	3.50455555994	-0.880030002094	-4.12845858167	2.06543090949	0.842661308174	-1.47596710827	-1.31102114123	-1.71128615117	4.1365954124	5.57812821556	1.81139514617	484.627851879	41.1185146545	True	
6.74223895181	-4.60992181208	5.1107021817	0.325871698887	-4.76577219761	2.36390058852	-0.204037424574	-0.697290541243	-2.14908326541	0.00373547946045	3.37097231917	3.60872840008	1.93527548057	502.047578572	40.7073295079	True	
8.37960946296	-2.52486725338	1.40954778547	-0.969788431507	-4.43988439575	4.22300733596	0.877820763379	-3.03417423829	0.492466467021	-1.74816513924	2.73797904612	8.11556432285	1.96451697998	604.769963702	40.3002562129	True	
7.03319149904	-1.32603903702	1.32421327052	-1.23988407518	-1.97404852968	0.907630725271	2.70025084151	-2.58638619127	-1.04446722737	-2.59924043038	2.76811198556	8.54921631057	1.44821879504	360.486821784	39.8972536507	True	
8.71330248821	-2.30830273983	1.59845535886	-1.31359230662	-1.93711527114	-0.148385654897	3.4299733434	-4.9039251825	1.13075831551	-1.2353464758	0.647964403034	9.90437231701	1.16393967267	512.687828533	39.4982811142	True	
8.02246596135	-5.12988529072	3.65555326865	-0.983884709686	1.07952472912	-3.21144730135	1.92498781688	-0.947312487006	-0.160470307134	-2.41980340997	1.09607826523	7.89392444263	0.905260726179	403.405551915	39.1032983031	True	
6.52472557036	-3.36422336069	3.25197169505	-2.78974725064	0.677338801642	-2.37984869213	2.62360727927	0.669183010821	-1.4361640932	-2.28057430978	0.698521933053	3.7752360147	0.870929029623	545.254863869	38.71226532	True	
5.74120570502	-1.27323652873	3.59720363373	-3.62930990487	0.569518693063	-1.21454938183	2.29874136507	-1.06644720675	-3.03952170754	-0.217968623896	2.01490471594	4.91850281469	0.736592237237	457.139874427	38.3251426668	True	
7.05266809414	-1.67717443591	0.846496233789	-2.59035052018	1.59468684678	-2.04690473577	2.77441207337	-1.10734947034	-1.42212909325	-2.70596837522	2.83799493585	7.22046914644	0.860160889904	365.520039431	37.9418912402	True	
8.11954613189	-1.69729800652	-0.246110811167	-3.19029249286	1.35278900195	0.718151645147	2.4590096519	-0.595816974649	-1.78739740284	-3.451325026	2.99506994995	7.80349070104	0.640226746817	456.028089841	37.5624723278	True	
7.98558584349	-3.14696797113	3.57038286824	-5.13803144769	2.88716293646	-1.15436912205	-0.347270194266	-0.625416555887	1.64069355087	-3.08572871649	0.971861506964	6.61054044933	0.681393248766	482.569139169	37.1868476045	True	
7.86558978197	-6.22027078617	5.84941458501	-2.865764429	1.01934548954	0.342939958981	-0.973189212775	-2.44670073547	1.00512725899	0.408346337131	0.609065741232	1.840694105	1.16818128154	542.14813614	36.8149791285	True	
7.48355845125	-4.94230193391	2.37784179979	1.24636826129	0.275952281577	-1.24030625105	-1.08720968872	-1.62529265292	0.380044275271	0.220847577233	3.39571740048	-0.529969187183	0.882992729564	481.167801419	36.4468293372	True	
8.16549333001	-4.07630545703	3.6833414692	-0.399460901602	1.69409917092	-4.39450034654	1.31993613259	-1.38739810616	-1.69281929985	0.622478812343	3.71457571607	2.26472711922	1.33404726431	546.202953232	36.0823610438	True	
6.75856047646	-3.5227119232	3.58952167481	-2.18685473203	-0.118610512812	-1.31735018727	1.68655494339	-2.55759330896	-1.47995855405	0.781293072222	3.7913858895	3.25682362744	1.14673115117	460.249715238	35.7215374334	True	
7.56764574229	-5.25653215307	2.1791299024	0.985992990218	-0.560231805745	-2.45202161086	5.36041443217	-3.99378262689	-1.87786295003	0.47049609772	3.41629658083	1.50378941201	0.958219698452	493.928607567	35.364322059	True	
8.22655103967	-3.30724493775	2.47844186023	-0.515606294679	-0.752903923785	-1.31080805561	2.70595459656	-3.55153743924	-0.996151040373	-0.491385351704	3.2997713394	4.14994051727	0.900331630213	458.274975116	35.0106788384	True	
7.31608012893	-2.98257744591	2.53015141756	-2.1509019325	2.59393168011	-3.55905052658	0.246447320388	-0.108744833983	-2.1049517591	-0.026523724344	2.06316760036	6.22555731354	0.439337445646	464.257275822	34.6605720501	True	
7.66855893967	-3.22417695764	2.39481612399	0.493785387604	0.451742527514	-3.43119152783	0.0141064291063	-0.711132876057	-1.58009714265	0.85059488556	1.20573319	6.11627795434	0.887064216517	419.358184782	34.3139663296	False	
6.96748213983	-4.46256321185	3.51794456775	-0.0484309122516	0.357424060908	-1.87620884497	1.33652123216	-1.92108619775	-1.32680188056	-1.47339834206	2.12952980293	6.69174532348	1.72828608626	388.489590518	34.3139663296	True	
6.91571570944	-5.25250527825	3.88526465649	0.588912343817	-0.545708812689	0.527574699812	-0.730644416493	-1.93780338345	-0.735362059957	-1.96430820688	3.43473275577	8.48067692706	2.21184869927	412.261316812	33.9708266663	True	
8.25955707429	-5.63822462223	4.66470520586	-0.589567325543	-0.539639535476	-0.798384514117	-0.822962944645	-0.161157177355	-1.41218420374	-0.738005454166	2.64584462613	6.98139860228	1.57015747517	433.629678896	33.6311183996	True	
8.224808239	-4.35335558253	2.06008573369	0.269688640319	0.130774788065	0.242793001345	-0.00498073749944	-1.43868703181	-1.65487461351	-1.844637064	3.779263279	5.31215271798	1.65143002108	389.697778438	33.2948072156	True	
8.26684316696	-2.46640190627	2.22732385791	-3.21943105541	2.81264984842	-2.37207878867	1.7191411272	-3.06369240529	-0.722295657578	-0.709155769725	3.09120663073	7.10824084321	1.12324211382	439.49008456	32.9618591434	True	
6.80963607794	-3.30770388524	4.39616682019	-4.29639604813	3.74195269611	-1.94208510451	-1.13578529111	-0.98304400335	-0.707448037642	-0.861986316454	3.37791730021	9.32688546913	1.15943997906	437.813977888	32.632240552	True	
5.65850146809	-1.93633027982	3.34462205583	-4.51194018846	4.57505841009	-0.517045208773	-1.97405065011	-0.179447083354	-1.06115918385	-2.43080969662	2.63355979145	7.29325461354	1.19379055476	444.535600736	32.3059181465	True	
7.375182167	-3.09196841303	1.58544663234	-3.40869099708	3.33856224975	0.418520796725	-1.77755270447	0.135719920141	-1.1219043599	-2.59759323987	2.48814915898	7.92300950713	1.04143554841	378.693700013	31.982858965	True	
8.42559024247	-3.10555655243	2.03179895821	-2.04677911809	1.3263895834	-0.847310955919	-1.56011538421	1.07675879341	0.0320628965075	-3.67165376479	2.18936473623	5.58965184086	1.34256467001	398.179135076	31.6630303754	True	
7.76398818198	-1.5332882424	-0.202333296096	-2.27856563599	1.51242320033	1.71636869134	-2.96925527685	0.388383609884	0.0145742053606	-3.11557145799	3.3568958674	6.40719740876	0.971110853841	369.821497578	31.3464000716	True	
7.57263758698	-2.34580022147	0.092676028747	-1.26926167512	0.660745537763	2.97166949201	-1.84612014071	-1.28859823306	-0.513184315841	-2.62110717404	3.53082564105	4.33765796397	0.792907457283	385.308883872	31.0329360709	True	
6.22513940605	-2.02383420105	3.28009567425	-3.34299356365	-1.43665680198	2.54222951011	-0.967445054072	0.854430650992	-2.06618099255	-1.5280755657	2.94853105735	4.24028578594	0.16805939311	488.911258284	30.7226067102	True	
5.74933913578	-2.61010796071	3.73091263167	-4.08513913383	1.21041443936	2.00975652712	-0.638246440123	-0.484869327666	-2.60559631037	-1.81751009932	6.23935773569	2.07246106851	0.628559936772	472.606575862	30.4153806431	True	
6.26640373812	-2.69386162853	2.490442964	-1.54514642996	-0.655549172714	1.47839486368	1.58277657805	-2.20853737859	-3.0000914119	-0.881213458441	7.17071945009	2.19986481006	0.438748970534	480.79086466	30.1112268367	True	
5.68831537787	-1.56504144768	2.71856869258	-1.39966008013	-2.07242428267	0.662334134756	3.2423071413	-3.05951802861	-1.9027501593	-1.17975558799	7.09079965071	1.00855093911	1.01829420069	538.884432171	29.8101145683	True	
7.69376762581	-3.17998096513	1.47698167854	-0.0696703797596	-2.53267413942	0.623299770054	2.70016702532	-2.16172901941	-0.61983489546	-2.92660454591	9.32874941474	2.66332178153	1.56594726051	467.368848258	29.5120134226	True	
8.09853074729	-2.49202971642	0.79261948806	-0.445974529713	-1.8580945068	0.65461213593	1.945914915	-1.55115882164	-2.38480317755	-1.19343429417	8.49591612342	1.4304270908	1.17126113858	453.243813767	29.2168932884	True	
7.55285233189	-2.00803800911	-0.11834585086	2.34904425852	-1.25075427011	0.342642689166	0.520586999725	-1.04458547516	-2.80690879441	-1.768951149	7.29711304797	0.459991463007	0.83250931579	429.866729171	28.9247243555	True	
5.60196482044	-1.11579293148	-0.0692496733029	2.49110018411	-2.00908378796	0.0709264723217	-0.679604979513	1.88193563158	-4.82550959961	-0.378270513401	5.06770461943	1.25935923734	0.851376296101	420.459000218	28.6354771119	True	
7.33209550868	-5.1608751916	0.230869167885	3.13393087761	-1.88729939824	1.87119710971	-0.0435104155332	0.589953359014	-3.20406050207	-2.07383160882	3.16512087422	4.83484940083	0.979029593395	464.803332504	28.3491223408	True	
8.44228403745	-5.04728380799	2.34405470247	0.76452683969	-1.94321822928	2.7888613518	-0.991067686144	1.4975195603	-2.99782696803	-2.1229389813	0.376514263868	5.03815196889	1.09439941621	494.69023353	28.0656311174	True	
7.44937271634	-4.07610808243	2.34035704943	0.422376060182	-2.79921876822	2.60213682774	-0.711828988861	-2.30979241679	1.17835981268	-2.83166310896	0.795161031229	6.38059428627	1.12148390705	389.165516138	27.7849748062	True	
6.74816114458	-4.00681233766	3.78952349279	0.542759827986	-3.19789546471	0.567238680938	0.912967894642	-1.37218113696	1.53915549538	-4.4458242542	1.75993531156	8.23522625589	1.07594283309	387.179788117	27.5071250582	True	
7.98851856162	-3.88375595298	3.61030267477	-0.402471779254	-4.34496594158	0.428542412289	1.73352950383	0.128133217948	0.682231402571	-3.34339904382	1.15534456658	9.75158060781	0.723056192672	559.110401053	27.2320538076	True	
6.4821710077	-4.78411090573	4.13555486335	0.687392565442	-4.79644610808	1.13089620206	0.905340423846	-1.83923604329	0.562381479382	-1.67494493154	2.38223814247	7.95093152962	1.02002812092	521.960527643	26.9597332695	True	
7.48010393373	-2.23434307223	0.579016000851	2.23847489128	-4.61240630711	1.51341100496	1.53564867087	-3.20601367049	-0.948938643874	-0.0477228147228	2.66898832661	6.18019181893	1.21692865262	410.26238433	26.6901359368	False	
6.90476087142	-1.43695091938	0.592088386267	1.3774211707	-4.5185011582	0.347721260751	3.07325012986	-3.71368215735	-1.11821148588	0.900976522025	1.47278862286	6.40280555421	0.99479693051	454.604398708	26.6901359368	True	
7.37407948734	-4.0067198749	0.661156410939	2.96190395637	-3.7173129947	1.07312542588	1.80305999153	-0.293747525207	-1.31971772663	-2.50109764892	-0.292505915587	7.68954646615	0.917337531912	472.444510805	26.4232345775	True	
7.25208026223	-3.29806671585	-0.548182626148	4.27349531649	-3.28260835364	0.237228128354	0.277731563185	-0.768217303665	-1.39212198791	-1.31509852925	1.63234639446	9.75882675353	1.03628754844	348.842264657	26.1590022317	True	
7.98751132597	-2.69019177808	-1.18215445585	2.66394982248	-1.36970670947	1.71057462578	-2.17774766475	1.85766611526	-2.72563853655	-0.616847362223	-1.90529698776	9.04058779583	1.29135105701	464.899315119	25.8974122094	True	
7.03748650478	-1.32521585605	-2.91256656746	3.13492951864	-1.26378746525	2.68428005908	-2.24220626691	0.626444271253	-3.70905118029	-0.564595514786	1.60078613474	9.19498544547	1.64676097068	363.049824827	25.6384380873	True	
7.33503061725	-2.77555170451	-0.492336149207	3.24744307506	-2.60449586098	1.41854254426	-1.55983707362	2.08266813783	-2.91334328253	-2.38219959612	2.83909873998	9.14155661133	2.24918306796	425.238757258	25.3820537064	True	
8.14189424157	-2.52965874565	-1.94943158922	3.95585080765	-3.72590559592	3.48716265953	-3.48481082012	2.83226952376	-1.25520269655	-3.11944584482	0.47244122535	9.75053166721	2.44949445632	424.487591709	25.1282331693	False	
7.39903022508	-3.10799959587	-1.58340621591	2.84392242642	-1.82696925609	3.74485652811	-3.3054959475	2.78708009436	-3.12508017425	-2.26107018459	0.787166968503	8.82863649944	2.56027235269	421.384013188	25.1282331693	True	
8.24547392681	-4.47262058745	-0.472964651294	2.22028146825	-2.15098293887	4.26723386366	-4.22699484153	3.7339127007	-3.80725529779	-0.742087111115	0.211408605759	8.83234361701	2.80166459094	457.058238357	24.8769508376	True	
7.97621698875	-1.66218257163	-1.75713483572	1.25332173641	-1.96991128952	1.49749817424	-3.35844983595	3.81889235901	-3.7417282187	-0.155041613526	2.1975028616	8.91866611563	3.10594220266	481.64160781	24.6281813293	True	
6.8630364207	-0.528320405538	-1.84871040524	0.815674416572	0.190604727548	-0.315141939936	-2.83932827351	4.74256938897	-4.80473660072	-1.20074658925	2.74950582372	5.89430430972	3.40126058369	391.045246664	24.381899516	True	
7.01969648117	-1.30902047755	-2.86350864825	2.96872327668	-0.120340614346	-1.97490674664	-1.8072591652	4.33827364123	-2.67851595349	-2.67047237271	2.20719722386	8.36229502628	3.81947805634	396.281559264	24.1380805208	True	
6.69418768108	-0.883674518924	-2.65897749121	3.18104687738	-1.67412265173	-1.6425424429	-0.133921787383	3.41173605932	-2.24947747393	-3.22761570663	1.53818750323	8.0016406192	3.91840869539	391.034471606	23.8966997156	True	
6.61526503638	0.478021331317	-2.82634409569	3.16658051762	-2.31188765018	-2.44781737357	1.91800674894	3.52280020059	-3.04346847312	-3.1225053655	1.01067527138	8.72915852816	3.88816997823	456.195307677	23.6577327185	True	
6.8006891492	-0.217350020356	-2.95644392964	3.62635048783	-2.86325665767	-1.90320619729	0.424122858115	3.98453366428	-3.19974026213	-2.31015187088	3.48827866748	8.76779223702	3.18979579474	426.107907704	23.4211553913	True	
6.86439572816	0.195885982169	-3.1459563432	2.97789863374	-1.0517140471	-0.436165379298	-1.07118849864	2.72048638259	-4.180734237	-1.60174870181	3.54390150606	8.87456914847	3.37513407955	368.633729469	23.1869438374	True	
6.95494640904	-1.23634432965	-3.32244597689	4.42601228188	-1.09294765422	0.532958112947	0.117561356953	-0.0404441017418	-2.06096955867	-3.18300613561	1.49911503538	6.48301466266	3.02160017234	404.612972861	22.955074399	True	
6.27051817563	-0.643344716654	-2.5251103778	4.85519970015	-2.32966383347	-0.190245607569	-0.456763894974	1.18076789471	-1.40485560078	-3.37318566145	1.07627205437	6.7006446336	2.85497716185	398.997311225	22.725523655	True	
6.49640095478	-2.37397891444	-2.19374868232	5.11218717041	-1.78614379942	-2.57048122968	-0.0949787302666	2.51305420335	-1.34721189712	-2.59864317582	0.211804586621	7.16509654543	2.59957958289	454.888046376	22.4982684184	True	
6.20908605192	-1.78462506996	-0.0819661293471	3.33617387491	-1.95574919942	-1.58932912328	-0.87819977184	1.82499310201	-2.66503919445	-1.34234427947	2.18727319928	9.7530637738	2.42891557157	371.076594669	22.2732857343	True	
7.98067346917	-3.71334996725	1.13959035757	0.563493535364	-0.405996731976	-1.68572242654	0.803727066387	2.2926125242	-2.61228198931	-3.013569507	1.60657676115	8.47357389853	1.9035247598	373.972919953	22.0505528769	True	
7.77427986574	-4.19306797324	0.46841280286	2.69664047735	0.609211971146	-1.27618206178	-2.46896067952	2.98957894514	-2.05341871316	-3.12822567877	2.17321374619	8.84881048048	2.32389394389	391.806814343	21.8300473481	True	
8.48458172443	-4.98107309221	0.808329973183	1.52881033301	2.17787434984	-1.73003222472	-3.64995405383	4.73823294214	-1.20177563715	-3.79317274393	1.88899380359	8.27210057004	2.24877686416	508.747999647	21.6117468747	True	
6.77039151088	-4.64476861239	1.39602626661	2.81883169767	0.380780868656	-2.34817151869	-3.23786855656	4.65704005114	0.126704503044	-4.68978834695	2.44109357419	9.32039046892	1.96147426426	528.734461437	21.3956294059	True	
7.66564603946	-1.4723002804	-0.377326516369	2.1151171552	-1.40963889453	-1.07984538716	-0.751420811753	1.65346963552	-0.431849668963	-4.3209142098	1.81703176505	8.003781392	2.05304904149	371.184065382	21.1816731119	True	
7.90384412802	-1.34274231369	-1.70274162784	1.02312781994	-0.996778349972	0.184171202528	-0.99374588108	1.0749810116	-1.71425784459	-2.30192303014	3.31849239963	5.91819009498	2.06693311644	353.652885447	20.9698563807	True	
8.37369090813	-1.28047011851	-1.73620427854	0.932601947327	-1.54563576964	-0.999010838992	-0.274222390122	3.34469897124	-1.38482041061	-3.32456665556	1.5788109898	3.49278328459	2.49015235315	436.952694014	20.7601578169	False	
7.09544746828	-1.73584819167	-0.17541762517	2.67760622684	-4.46280638744	0.80134062604	-0.606840011105	3.55686245512	-2.4083788985	-3.2972500374	2.15176503012	3.96142277642	2.93693155422	383.309606593	20.7601578169	True	
6.92647732101	-3.65113799017	0.720882947034	4.36773698887	-3.51843082525	-0.193406056193	-1.32298188421	2.94255027005	-2.59129263944	-1.9728837511	2.96193437931	3.1849265252	2.95927571447	423.142277801	20.5525562388	True	
7.09785382744	-3.14396288109	0.0279932553493	4.07936371699	-3.48613583533	1.25004349763	-3.32604128331	2.83978221761	-2.32362984327	-1.40454627027	3.48047529514	1.89770868963	3.29537654442	412.229156995	20.3470306764	True	
8.17648011085	-2.9582372798	-0.531006785457	3.48954636252	-2.31295998252	0.751558735174	-1.47074271887	1.11701402493	-2.4236267131	-1.89984785235	2.35787129715	1.26833012299	3.01002338068	360.584842503	20.1435603696	True	
