Parameter 1	Parameter 2	Parameter 3	Parameter 4	Parameter 5	Parameter 6	Parameter 7	Parameter 8	Parameter 9	Parameter 10	Potential	Temperature	Equilibruim
0.748889773667	2.27043457666	2.18709764028	0.167853973555	2.31211027695	9.27979435186	1.94323093957	-2.54896103112	0.988594917082	3.04837714044	40449.5028227	75131.4800902	False	
2.32755456584	6.10932621058	4.92361945846	3.9954352895	7.95292388801	5.4688392949	4.17148842879	-2.88299621907	3.72438378151	2.66876089851	133912.647833	75131.4800902	False	
1.09604649875	1.45676543436	3.15413953225	2.02462339108	8.80245390831	8.28945425075	5.28069734911	1.69347971539	3.90325643276	1.79763776945	144399.807985	75131.4800902	False	
0.630414032498	0.141075481632	1.2651064389	2.46658608907	1.50605042032	3.42565816853	1.6341573551	1.39878554277	1.43448885657	-0.307335424702	9336.2257424	75131.4800902	False	
2.15797137138	0.901672565224	8.52924573515	9.10298155605	6.76804793022	7.4881783119	4.68122562838	-1.96579617425	4.02526432828	0.100016960265	64448.0178812	75131.4800902	False	
2.66103670709	9.00975079613	4.11332934955	0.828016174134	3.30409547014	3.97128396591	8.82840753917	-2.72228240573	2.62994049548	-0.383363430416	67955.9756837	75131.4800902	True	
1.0828107534	1.07674009219	3.02615334722	4.07426918966	3.64186582446	4.88548930714	4.95893724681	-1.80193374015	1.26642993133	1.89994694093	38779.5263843	71374.9060856	True	
2.04087998894	8.49564991111	0.141026902967	4.92077346234	2.57871162027	9.72343563018	1.64754010605	1.48599205707	0.873816494771	2.05397538058	122253.67148	67806.1607814	True	
1.47577980579	3.67635129564	4.87456248873	7.00123635682	4.47964946686	7.64856696028	6.8345366765	-0.583016619536	2.28813788589	2.89427154497	164302.5014	64415.8527423	True	
2.49528794772	1.78939202543	5.44374205853	9.42472898987	6.78883536213	2.93963029547	1.12090315357	0.728810877794	2.6985571938	1.30947233929	63433.8742439	61195.0601052	True	
2.58470787295	7.06801518656	1.58878585985	3.11978253962	2.54886942135	8.31905693009	4.27304126649	-1.85955341453	0.438368828225	-0.303519929578	91245.3712878	58135.3070999	True	
1.85886109616	0.0705835578759	2.18139326073	5.29169383903	2.78830776432	6.2355328745	9.37234226089	2.32209111612	1.48872008285	1.96234535557	16496.2800584	55228.5417449	True	
2.49485881621	4.15918207012	2.43402824558	9.25426290275	5.59074645569	5.11539449356	5.35676217744	1.99159029701	2.55968825541	2.56548170527	72651.5476084	52467.1146577	True	
0.56879925708	1.34711738974	0.0763338459759	6.53762377042	3.64504394721	5.95225403332	3.67728932752	1.66837340555	2.2631781673	1.61563780461	17856.8472335	49843.7589248	True	
1.78566071291	0.16797510753	7.52708304572	2.18984402668	3.64902269185	8.15848120716	7.25015336743	-2.10360643957	2.87685105145	-0.571472227473	34579.0326367	47351.5709786	True	
2.33748054279	9.20549950174	3.67746467961	8.0981778424	3.94503815685	7.664021777	9.05198723104	-0.874648486166	2.284599705	2.07248741682	69265.8461032	44983.9924296	True	
0.389855272013	4.71545345751	5.70117654621	4.5853827008	6.18492339116	3.64843934537	0.643059838179	-2.76136392706	1.6783187433	3.28689757275	70755.5952773	42734.7928081	True	
1.39575885105	0.86618536898	3.55356440237	5.35858394336	2.7312541967	7.21363447955	1.99421125467	-1.03377830516	1.66687721163	3.2543422582	71300.0030708	40598.0531677	True	
1.76308244092	8.29870469099	3.38829768587	6.07736088299	1.89443572813	5.91265302405	1.69172068043	-1.22149395736	1.30390383559	3.8513631881	98320.9481688	38568.1505094	True	
2.51249664684	5.7152236863	5.80043795456	7.33164130599	1.16376734003	6.2900760205	4.46693760463	-1.70472250948	2.24872377619	-0.255083819481	52169.650993	36639.7429839	True	
1.86821647351	1.09558122205	1.98829539164	1.57658023843	1.01190046468	2.28939267532	4.84368210928	-1.24870096817	1.05077021798	0.451705944242	63099.602847	34807.7558347	True	
2.81281609708	8.17569411149	0.123549902877	2.49437084053	3.73906543974	6.73427273387	8.47172530518	-2.9681538185	1.28258553767	0.404842531814	32914.6673521	33067.368043	True	
1.58009033117	0.295781754367	1.27746126943	7.4194554559	1.167150135	9.49876515533	4.61909587405	-1.94230479834	2.1873977583	2.30539243596	32722.8055159	31413.9996408	True	
2.19357967585	5.56587868082	3.34804612309	4.72228070909	3.34022368117	6.10788842152	3.8364798063	-2.63807567565	1.56066460922	0.0849988305428	10978.7457301	29843.2996588	True	
1.84267203445	1.89902788389	0.65529676483	4.80192973339	4.7776320544	7.67470532964	4.07054529663	2.75575068072	4.08042989428	-0.778729938958	44005.3061842	28351.1346758	True	
0.0610419851591	6.28979617873	4.73616650358	8.34225182138	1.98117258191	7.82942425522	8.14292290078	-2.34335661903	2.94149752726	2.08487308019	29615.3904475	26933.577942	True	
2.78109612761	1.67186162468	4.09487341733	7.4531702563	5.91427458225	9.18569420235	5.60872672863	-2.22019389312	4.40797196802	-0.393101683974	19343.4495835	25586.8990449	True	
2.1925472767	2.48864045119	5.01467470243	4.42852529625	3.46702011182	6.95332649994	2.07855354165	-2.1915127273	1.84446204653	-0.822993424659	32048.2160371	24307.5540927	False	
2.0443226074	5.2172364059	9.50368712847	7.49011599002	2.64300550026	8.22579130506	6.96458605262	-2.49627571816	3.92478842203	-0.203552648122	28898.6654369	24307.5540927	True	
2.31091449182	5.37840191367	6.97556901331	6.48735986525	2.63050985516	2.93000719736	5.44354526473	2.12394968837	1.54567306302	-0.167336658736	74153.7717145	23092.1763881	True	
2.19112841071	2.64255949262	2.64334045773	4.1911834434	0.368222886018	7.06446295148	7.13724270094	-2.5917419654	0.601212549427	-0.0541834434436	57451.2622032	21937.5675687	False	
1.75340287533	2.84660644629	6.71175180878	4.23166130332	7.84303609534	9.74449761494	6.1241525	-2.68835007936	3.62492309835	2.65141446688	95875.2339301	21937.5675687	False	
0.829768256899	0.392798342572	2.40139587273	6.8515962924	4.05981558969	4.95484950051	2.64320669329	2.22263967694	3.56157301943	-0.296465668325	34217.247319	21937.5675687	True	
1.74738537649	7.06718050683	7.22832382457	6.29642186689	3.97846576895	5.38783325136	9.15962109489	-2.63971699478	2.17814414751	1.88068242387	17876.7462901	20840.6891902	True	
2.54665633967	2.22688605854	1.99530574193	6.15632765648	2.93493289224	2.46197990058	7.67964552537	0.310036452542	1.92395826523	2.34416239102	18638.3872392	19798.6547307	True	
2.39888314822	1.43641176859	2.04428727874	9.39577307851	1.79634018507	2.45351675945	9.56081204776	0.0010047626731	3.46959486131	0.778061076081	25024.7838149	18808.7219942	True	
1.85872387633	1.72250011679	1.48657115076	5.6817383897	3.77809598004	6.88228149212	7.87988840326	0.0714858696441	2.99018905334	-0.557281268148	28564.5016772	17868.2858945	True	
1.98458897069	0.978222674524	3.74071117037	3.09012335039	4.46266902889	5.5179585653	6.19701020805	-2.32903065005	3.8763378566	0.145227084958	86048.2399467	16974.8715997	True	
0.803731783231	0.374819956569	2.33407509585	6.96897148515	7.40177303606	4.66314679215	9.91866396829	0.270515846652	2.48506760248	0.118196257583	73794.6275946	16126.1280198	True	
1.42064315598	0.662846029312	2.22620037493	4.12923713823	2.07793396853	8.92470541925	2.58038100067	0.777727214366	0.740486744163	3.30919746223	48705.9849907	15319.8216188	True	
2.42394306396	1.88344308579	1.93642633505	1.44609088367	7.59406510731	3.66762278105	0.615252452842	1.41022108242	2.86861563064	1.28380239805	17637.4313548	14553.8305378	True	
1.82572271351	0.725251830625	4.12519089404	9.75804258645	7.67315735603	5.62877438982	4.25780272844	-2.17361386652	3.70153296079	0.777213608011	12103.9165831	13826.1390109	False	
1.99725226215	2.03957450612	0.996301156229	7.56885294086	2.09496006837	7.07087429321	5.08205532931	1.37414994331	2.16611382396	3.61041205098	22027.9492272	13826.1390109	True	
2.21482749062	6.9515683965	6.82698353363	1.35614110266	5.51426325893	4.18577134205	2.22077405143	-2.95168893616	2.4487884621	-0.292155436695	39259.355744	13134.8320604	False	
1.95262703347	1.56305638327	1.00310728169	9.3955037702	4.36848559202	7.18780045263	3.83827613591	1.72024785097	3.69952329277	3.8047896593	35270.9507826	13134.8320604	True	
1.13965804188	0.498078620648	1.94598003027	4.57426269821	9.89557742598	4.20095068516	1.14289545532	2.53445932877	3.75628030208	2.69763240659	12746.0102231	12478.0904574	True	
0.198140131094	5.1477923874	5.62419366118	7.02989610998	6.58219715451	8.4620069674	3.21651600968	-2.32857306926	4.30296500728	-0.596250780667	51703.1486394	11854.1859345	True	
0.293069465799	8.97833245794	1.5362267619	5.04250391288	1.1276732886	5.48099561115	5.31916000321	-2.81185655507	4.15612199577	-0.425157522402	45295.461542	11261.4766378	True	
0.7765481415	7.62826932007	5.63475728685	2.40474262802	0.431136426343	7.71215212072	4.98970633007	-2.58444825566	0.417573332014	2.1703909003	13448.5612466	10698.4028059	True	
1.48277860705	1.1272716827	5.82341530807	6.46154668144	6.51258865578	5.30967734476	1.62681034029	-2.33254172725	2.69662067661	0.919617340537	8794.68096932	10163.4826656	False	
2.03937386351	0.494225668762	1.32107423449	7.83596986201	3.45299084349	6.08115144962	1.39634291969	1.21957261846	3.22096191805	0.0369897838164	22715.3540781	10163.4826656	False	
2.53916412699	0.889541559421	2.9225492053	4.5324716885	5.55831570367	2.72629091268	3.53890139963	1.69521223901	3.30991945105	-0.437793963295	21965.6148366	10163.4826656	True	
2.41133633859	5.50127333305	5.41112201875	9.28881363027	9.39381519304	7.1116042605	3.44043416672	-2.5852943713	4.49499731812	-0.54535564595	11518.6543573	9655.30853231	True	
2.04399191797	0.654518719037	4.94793367836	1.90863000604	5.32224558353	5.44152358391	3.2104866567	-2.61912392361	1.60045940933	2.19583031891	24538.7488039	9172.5431057	True	
2.44637369878	0.437203595785	2.09509916646	7.87709192106	2.18127076164	3.12297008236	5.54133960314	-0.791256592756	2.82754550939	-0.440275668253	26545.1610503	8713.91595041	True	
2.08102792109	0.969344850791	6.78501733262	6.1314054877	6.33331152139	4.86610758858	5.8534242729	-2.89563059944	2.67739337294	1.88130456907	28708.9236244	8278.22015289	True	
1.77232447775	3.27642740623	4.63601263771	0.30376265229	1.30577745738	3.02350074833	2.35019969774	-2.73624884027	0.380218299264	0.015662063334	35535.4423339	7864.30914525	True	
1.51920090993	7.92515795729	5.83489069886	2.63644693685	3.07190832763	7.11081782169	7.67764619923	-2.73306488305	1.49739466717	-0.546287440382	24443.3089783	7471.09368799	False	
0.780302806655	6.01918210974	7.64690923747	9.067991614	9.86304688992	6.99001136721	2.35054630298	-2.58677419042	3.67921993092	0.418866612815	18455.4928267	7471.09368799	True	
1.11725394065	1.88849493023	3.97818890539	4.49870523921	5.86842760664	7.01885416021	9.264323033	-2.60902924717	3.51664317454	-0.543805553974	24754.8262305	7097.53900359	True	
1.3283379988	3.61332028872	8.46182163898	7.7313850423	6.1227757814	8.54679507833	1.33424297078	-2.7193972835	2.85557052674	1.36729905276	22420.1503202	6742.66205341	False	
0.359367444187	0.671393413778	0.257223097503	9.66678731606	7.02530736113	5.85900211314	5.66549391047	-1.66340746472	4.29652844626	0.222100592138	24512.0464655	6742.66205341	True	
1.69858539257	0.669738970215	1.74004855724	0.406692205518	4.34656672088	5.76319731191	4.39201138479	1.20856212127	2.11022861389	-0.467386109719	12440.0343711	6405.52895074	True	
1.26442658475	1.10176048615	2.23946437064	9.86437402887	8.7211875543	3.52210792382	2.1968695191	-2.21467781035	3.66064634086	1.76061064015	6166.51540685	6085.2525032	True	
1.88868804502	2.5484581498	0.813145335066	3.84482084648	2.36615564546	9.78467953753	9.83056671997	-2.61000031709	1.08708085156	3.83092787874	30133.4837152	5780.98987804	True	
1.65792531024	0.39365774478	2.33638114527	3.1026412033	1.50967293313	3.63445877974	0.634846518017	-0.596059311957	0.872388519917	3.81892666414	10275.052644	5491.94038414	True	
2.75156941531	2.90608064359	2.54490261855	5.72281390831	4.74902332164	3.57154551395	4.04027473184	-2.50392164547	1.93701684679	0.963229713736	7825.25023293	5217.34336493	False	
0.150834795729	3.44662325006	6.21600079895	9.1025681167	0.248390385902	5.32997513694	1.73903639596	-2.48547499541	2.97349697511	1.87862251954	18493.0437665	5217.34336493	False	
2.64871559851	0.458101109952	5.28666317758	1.88262751975	2.5733247543	7.33386931424	4.0738416825	-2.67300010944	1.59400607038	-0.414467705863	16863.651721	5217.34336493	True	
2.79091248809	3.636073179	4.40380899714	9.60906812138	1.60735879614	3.5119337042	5.60755052629	1.26173312277	3.02080255525	1.90231511878	24823.2227544	4956.47619668	True	
2.25705623277	1.35903669844	2.84437342839	5.56535942526	1.30323697376	5.23623900403	9.78299007246	-1.02395647295	1.44665694289	3.61323196003	18913.4157919	4708.65238685	True	
2.72859942997	3.44677301556	3.18644191614	7.43768776817	7.27068387828	4.03399487999	7.82347774082	-2.34044522673	2.85170185169	0.391318336458	11562.3839546	4473.21976751	True	
0.238156838747	0.304596065388	7.20676773075	4.67158634081	3.28686626745	9.58277102945	0.617352547396	-2.49082464987	3.85052830665	-0.524144189165	6950.24824934	4249.55877913	True	
0.523934882632	0.640428351718	2.09618128491	4.86019334806	4.81275312619	6.32429838128	5.96792914964	-2.36839151456	1.75030333575	2.45056557124	7544.97598664	4037.08084018	True	
2.46525205113	1.88436919421	0.137015767259	1.51827715523	1.26253134257	6.51555746646	4.98921795285	1.87958983075	2.61897182187	-0.301548733885	20260.7881387	3835.22679817	True	
0.614982002938	0.148368945403	0.178895533148	0.747821911364	0.0054073457205	4.73683734331	3.27226428411	2.32077644806	0.929547379455	-0.0161545733967	9649.93872165	3643.46545826	True	
0.798619735891	0.501960519419	0.272923586123	7.63475326311	5.18216416658	6.89666474827	1.62098721426	0.194912070278	3.12127212087	0.239120993029	12148.3486049	3461.29218535	True	
1.1368176379	0.622588456458	1.36704702289	6.70690824033	0.778163458062	2.95157336711	5.48240926449	0.0619456461188	2.45751627301	0.0974093411567	14783.4103182	3288.22757608	True	
1.96053561337	1.55289677101	1.18934640431	7.68110386832	1.72541721833	3.78161249652	3.56447422881	-0.648525606381	2.74925768311	0.107947902721	7603.82260621	3123.81619727	True	
0.563327597527	8.86060370033	1.38190241331	3.44455003039	0.92701371978	5.80627308392	2.29108132426	-2.46834978449	0.788113112291	1.25001611032	12382.8037213	2967.62538741	False	
1.41707545356	1.52715790256	0.097302705002	3.63323681696	1.50731465836	4.35981433511	4.77069015651	0.8377898429	0.853873586299	3.51627372878	3783.64564172	2967.62538741	False	
1.38654675265	1.08729217595	0.67137843728	3.1469280175	0.371521592631	6.36388407554	2.3039975636	-0.091763266691	0.543527359426	2.36223490235	7139.1899011	2967.62538741	True	
2.30819100214	0.0285916250569	3.00709164492	8.79008609332	1.18253704936	5.7286970109	7.78727691406	2.39490491308	3.09606613076	3.39972524022	12431.9343623	2819.24411804	False	
1.16742126384	1.5241724564	0.216992621212	9.58186229982	9.40130004748	6.79453289947	1.22440284741	2.92582145087	3.92865022479	3.20543837082	9430.40126493	2819.24411804	True	
0.991414607659	0.88083167033	0.735389174059	1.55295672586	3.49479022273	4.05417431592	1.90935118159	-0.859672802575	3.46617109967	-0.345720102816	8949.17779538	2678.28191214	True	
1.79812001466	0.372318281265	2.34956222907	0.921129956203	7.88971369848	6.47175389551	2.23034616336	-2.19199819476	4.03680870486	-0.463333257693	9034.3961721	2544.36781653	True	
0.382811654923	0.679255336333	5.69763566759	6.98511530395	3.61060462044	8.87371726529	1.29121182435	-2.29999681267	3.25176827197	-0.4540385714	9415.17739151	2417.1494257	True	
1.76843167682	2.21159733268	5.32225870652	7.81106491731	4.80327294379	8.27113377047	1.76793571448	-2.29889406795	3.40220861631	-0.532571137979	8413.21493391	2296.29195442	True	
1.96205902774	2.29859933403	1.42479842117	7.50175983164	9.05366904866	5.72041103155	2.51605206299	-2.1438105582	3.49618445186	0.272641460267	8263.416516	2181.4773567	True	
2.32360444038	2.26520901292	0.550987362279	3.1591262314	3.09342196184	5.45280927486	1.84234467952	-0.268348153899	0.913346106835	1.88881963625	7328.4122198	2072.40348886	False	
1.83959673449	1.28044915756	1.38308213941	2.4579877766	2.08968174165	5.17535700359	3.52439216396	0.929960284561	0.608668479115	0.918642806428	7247.89423591	2072.40348886	True	
1.30928644518	1.00682174143	0.352840517635	7.54175633492	2.24579486713	6.01890979478	0.246942793845	1.052805283	2.39145653085	2.64225223798	5910.26064889	1968.78331442	True	
0.653580319761	0.379122168566	1.14121565644	7.83723360759	2.84394840674	9.03582361149	1.91468966686	-0.0533505085191	2.61083465901	2.11173407049	14317.0377102	1870.3441487	True	
2.45428416686	2.16870709861	3.39572439659	2.63810010005	1.51787671445	6.23995781178	2.88543297383	-2.15883640691	0.492196820262	2.23069955063	8807.51713647	1776.82694126	False	
1.45056711661	0.514974371599	2.21120065817	4.23723367463	0.59135966386	4.66281834087	2.43556665211	-1.76456498158	1.02495043697	1.24131531618	6660.37026536	1776.82694126	True	
1.37257009903	1.79346983859	0.377869625745	1.28823580413	0.514006675354	4.76077123989	6.14034633477	-2.31014353644	0.146088029204	3.92238639652	5566.37246453	1687.9855942	True	
2.71039135017	4.31826401109	0.581277670921	3.44911012294	4.01657592717	5.45327438319	2.69074181529	-2.6494408256	1.33727339559	1.31720168802	11100.8679138	1603.58631449	True	
2.80067626859	1.22972655763	4.09426271488	1.1830043002	0.520143053785	4.51732957504	6.11176039232	-1.99378455802	0.0549656093392	3.15576537176	12704.1160308	1523.40699877	False	
2.06676948351	3.08871581917	7.80492110535	1.8220624713	0.386411411769	5.56279426663	4.93128710204	-2.41772899983	0.277314797049	1.50714123182	5735.99254585	1523.40699877	True	
1.40101968714	0.762432383411	4.29183915944	2.51461257614	1.59629118871	5.65699052055	4.15668424561	-2.23908613777	0.597670374008	3.66729276562	7186.28817524	1447.23664883	False	
1.6719242715	3.17839058968	1.68493968896	5.705808266	1.8061517984	6.01911048009	5.30637175691	-2.36571864344	1.68189507583	3.14965578468	6383.06396051	1447.23664883	True	
2.36426977938	2.10018278789	0.592652964958	4.56394642623	0.963797092354	3.08655527275	5.40973500872	-0.584386688349	1.18453268424	3.82396187101	7772.42223878	1374.87481639	True	
2.48139895555	2.34781909101	0.645319052462	2.97750640031	3.26332343614	5.80593183102	3.7608793057	2.85241433312	1.0973771041	2.20402088886	6046.93176082	1306.13107557	True	
0.674295869745	0.135168665363	0.362236784221	0.589900023157	6.40734098771	3.41165892942	4.73044272418	0.700368103236	2.32542558224	2.95965646086	10766.6970709	1240.82452179	True	
1.60652947836	1.36887922933	0.186360465765	4.91528626572	0.653451843552	5.45902752966	1.24874106953	1.52589569656	1.37105816999	1.04485976747	5308.56614873	1178.7832957	True	
1.23448977082	0.358175814412	1.39059230572	6.18167251512	3.30417070279	6.05121634783	1.55498787336	0.0365676559298	2.00536813061	1.26062564514	5930.33189573	1119.84413091	True	
0.796094640532	0.854806725738	0.202311273973	9.34250601792	0.832428241072	5.00660228505	1.50269636839	-1.64490789389	3.21360144246	0.576571763963	3666.48156243	1063.85192437	True	
1.02341316604	0.970929728671	0.558353424866	7.30867510406	3.13752813661	6.10587238196	0.39477297498	-0.66356519511	2.57495462628	0.222541675475	3534.33949279	1010.65932815	True	
1.26568320245	1.31216648547	0.712100606139	9.78906739923	4.96455319069	5.45596058204	4.96330588205	1.0285289893	3.50016834296	0.561659657073	5480.60364171	960.126361743	True	
0.491757140596	0.607419650007	0.469735457445	7.63256391334	5.02577068954	5.56827389797	2.91640288605	1.74584993034	2.52867812162	1.74069075726	4544.12425182	950.525098126	True	
1.82080423833	1.72283939413	0.409805801492	9.71967460073	4.06402849878	4.88298589185	0.41561778278	-0.294110824168	3.41283899855	2.95145514691	5021.39831443	941.019847144	True	
1.03171518462	1.18326056345	0.254408881704	9.02943207021	4.82955637638	6.96097925136	3.88951107064	-2.0965598124	3.11698497219	2.25478450602	5082.46248416	931.609648673	False	
1.65646439391	2.32571078775	2.39558293745	9.41042852548	4.47342893599	5.72203657813	6.52570578478	-2.41500396201	3.31365108955	1.863144782	4886.48421306	931.609648673	True	
1.07022191398	0.725069618717	1.0849918741	3.96456933302	1.14959238751	4.88126639215	4.93388291128	-1.68839662773	0.989351529265	3.59359196198	3688.02938044	922.293552186	True	
1.32448762536	1.29830837275	0.129153427317	0.874263416925	2.5215028133	5.08314881659	4.06285580752	-2.19824708224	0.718146528063	3.63817535882	6857.43603558	913.070616664	False	
0.771643635949	0.695826306075	2.01501914233	1.81849450503	1.73011217696	5.4024595136	5.83255283773	-2.50384240778	0.442082594195	3.1371979938	7897.76839662	913.070616664	True	
1.82187488425	1.75325886116	4.44220513557	1.46942947911	0.233614315834	6.44630712767	6.55493509722	-2.46429031803	0.0985291624599	2.67440221462	6676.14687595	903.939910498	True	
1.94684030928	2.27506957716	2.64469050357	0.676920905819	3.3832449241	6.06911818764	1.59601393502	-2.47170105287	1.01096788625	1.31033617937	6226.64263707	894.900511393	False	
2.08735374098	0.711859380948	7.38241733934	2.75759915944	0.160511750027	5.61167133795	2.91278235404	-2.2922467655	0.489049495733	1.42624244166	3802.12704772	894.900511393	True	
2.83444033763	3.56310877039	9.46272617934	3.09211151506	1.23666587122	5.90115597757	5.17203279702	-2.29461553501	0.621748739503	2.17713529984	6031.84475167	885.951506279	True	
2.82084824615	3.41013025972	9.563373851	4.11400443605	2.17958235859	5.61837201144	6.93355989656	-2.41987808028	1.13538267741	3.37139600843	6526.39131312	877.091991216	True	
2.90043330884	2.33003222804	7.96544074204	5.75184589319	0.433082703305	4.25920035771	7.04619231688	-1.85052451278	1.60444930236	3.39449828366	11783.4742965	868.321071304	True	
2.74014307921	1.37024693903	9.48347668134	6.78457790464	4.13288957264	5.88190530858	5.36529729679	-2.27325021405	2.30034871607	1.46469651146	6342.10556241	859.637860591	True	
2.58146836333	0.517235921207	8.51710165581	8.90679822676	4.98035491954	4.84070124073	4.78172540591	-2.25305757578	3.17154656334	3.4464586401	5912.79244441	851.041481985	True	
2.7518294593	2.26097107239	7.47355263041	9.09457606893	1.80594367575	4.38292399404	4.20885596706	-2.4142182791	3.13050369545	1.66140287231	7047.99441198	842.531067165	True	
2.22766550965	0.517035309542	8.06098047615	7.02487556132	2.13492494055	4.0730761683	1.59538238386	-2.31497686005	2.19939860894	1.44968775772	5420.13989447	834.105756493	True	
1.84077073236	2.23337811938	2.05921409063	6.06929726474	4.30842343847	6.85598621221	4.56838663006	-2.26535326174	1.98070548281	0.827231395083	6928.90911832	825.764698928	True	
1.36940535395	1.83233290233	0.519030316057	4.52844899409	3.2270114892	4.4654571445	0.486535192233	-2.07785709974	1.35538597138	0.765357348566	4071.93050383	817.507051939	True	
1.74149715268	0.942985026017	1.54844164141	6.15705508165	3.51201639001	4.57337278591	1.59429998681	-0.688814573355	1.91485102701	1.64561210383	4893.98406521	809.33198142	True	
1.90322563672	1.70745185752	0.654591391637	6.8732923383	3.70427683294	5.88111040292	1.54570655507	-0.927543647201	2.25437147679	1.64495722865	4639.7690623	801.238661606	True	
1.59126962157	0.796222402983	1.51149409551	8.58244210602	1.8653985938	5.22302491054	1.66130084323	0.481217499592	2.80977811401	3.27631866215	7266.84118714	793.226274989	True	
1.22923343681	1.02469241388	0.186856775155	9.35225359953	3.25451111162	6.54355250547	0.865897128347	-0.85860543761	3.29869780824	1.62565689444	5925.15109347	785.29401224	True	
1.11739658338	1.14539498668	0.469464649486	6.39540783806	2.94699220449	5.72098476095	1.54928414299	1.3688946054	1.93186998713	1.6691840165	3664.94697656	777.441072117	True	
1.68435554499	1.80657362686	0.700191222603	9.17180347684	2.70177125122	5.65815661206	1.86088402443	2.69974633891	3.27485450163	0.353832131484	4967.15072871	769.666661396	True	
0.554070510384	0.361306677818	0.592507462585	7.16796324518	3.27842954608	5.29070874091	1.34494814229	2.10918008195	2.42271860579	0.434628691206	3043.25267228	761.969994782	True	
1.08670698053	0.642904283372	1.00880079813	9.42891979368	8.12414311222	6.16456148237	1.25583595294	2.90615895049	3.46132679713	0.668266251648	5629.32248213	754.350294834	True	
1.10118246293	1.3957098118	0.0494274623523	6.40753909299	4.70446989611	5.11300120196	2.33566220841	1.51018821977	2.29528690573	0.24998710781	3611.96929614	746.806791886	True	
1.811761779	1.37906334456	0.8454218287	8.74510381081	3.70522588538	4.42742306421	0.813726253513	1.30649644664	3.18059930243	0.0447514088263	4890.72885628	739.338723967	True	
1.94632799786	1.24575287533	0.920520975231	9.38210474157	2.22347005193	6.4666314808	4.07537553365	1.19062428755	3.27287639221	2.33924215843	9143.57034258	731.945336727	True	
0.430784506322	0.391722661937	0.247352304462	8.88899112892	5.80588836185	6.8067471023	2.47014786349	-0.534433787077	3.0739753692	3.28095110097	5620.00841695	724.62588336	True	
0.949317245638	0.908450529945	0.748828922865	9.56962729718	9.61629527344	4.07386389792	3.0042341911	-0.089332676559	3.88177125897	2.19602530145	5258.5969757	717.379624526	True	
0.536815576256	0.221776668443	1.13723892043	7.98789911894	8.14317192739	5.67766115059	0.955980944483	1.76155889048	3.21974056233	2.68586540427	5862.74861138	710.205828281	True	
0.8082358924	0.868562223351	0.185718133635	7.27946303569	6.47969463794	5.04450567965	2.42243112039	1.43890913566	2.65172246794	3.69171147934	3166.06410614	703.103769998	True	
0.748348021473	0.791033208438	0.2684411202	8.80037835348	5.11102219852	4.78353206146	3.57229830154	0.496857308552	3.05722675208	3.35403313302	3453.35503293	696.072732298	True	
0.556583724807	0.426346529584	0.225717755257	9.01227739491	5.81808981106	5.43624174735	1.39197530884	2.91592125754	3.040084709	2.96015383549	4590.59019028	689.112004975	True	
0.787045800429	0.340937169525	0.777936450123	9.64623172536	5.89567484857	5.23036341837	0.248390965746	1.1132154515	3.4065661081	1.9507598755	3313.8010938	682.220884926	True	
1.02001218648	1.16355246816	0.268502733528	9.60244670872	9.27583191746	5.43741681387	0.728967980138	1.68159543241	3.85081083257	1.93541935519	4418.66263272	675.398676076	True	
0.983172732756	1.20791538242	0.307908997149	8.80312876605	6.9731097457	5.44543169469	0.930171756883	2.34877616001	3.14416383781	1.12896116392	3565.79300634	668.644689316	True	
0.685544290198	0.454013216916	0.79953303621	8.63726247561	7.12558804274	4.75477474913	4.11677761002	2.48488042764	3.2397078175	0.694678151301	4780.10650181	661.958242423	True	
1.0655547776	0.594223789767	1.62820790225	8.78191955371	6.83832074374	5.02284263496	2.43022417123	-0.182294710873	3.23592164059	0.539257803728	7217.06624752	655.338659998	True	
1.38153583013	1.02886130942	0.873018689193	9.97614338933	5.01004149613	6.57285760815	4.06055387074	-0.489508597087	3.71580931926	-0.00636739150502	6987.76470482	648.785273398	True	
1.1724201187	0.656881171236	0.939734856136	7.52049727742	1.40964359322	5.63916789958	2.54792124148	-0.54217649811	2.48119569425	1.04261538797	4473.19191273	642.297420664	True	
1.48531499662	1.37808780295	0.453707658827	5.23544076004	4.14620142061	3.99501483264	1.38408479326	0.249502143779	1.74383982121	0.562675975357	4327.56825491	635.874446458	True	
2.07433461254	2.09424756475	0.277127466814	7.90528084629	2.24630419644	5.20306870773	3.26588072943	2.90941244698	2.67582442648	1.0286378305	4600.44079905	629.515701993	True	
1.87949513153	0.605822282208	2.12627921559	8.86840715666	0.845771765668	6.20225635893	1.5644880343	2.49553057277	3.03815357005	0.437799010597	7117.81597809	623.220544973	True	
2.12227788967	1.97057770621	0.625830414826	5.61628338026	0.959908497277	5.29985995087	1.03999575681	-0.0665708534467	1.8071839051	0.186170291984	3998.20341082	616.988339523	True	
0.978129569343	1.06831779005	0.504773817171	6.23988169203	2.67916986151	5.47317446841	2.90727046378	-0.896546107721	1.9346670909	0.472477632853	3966.52409022	610.818456128	True	
1.98686427055	2.35932944163	3.39069502955	8.51990874104	2.72805469705	6.16657866056	0.560584327344	-2.45102617345	2.88843630459	0.275409700786	5652.6582307	604.710271567	True	
1.79572011413	0.620196755434	5.85780332317	7.64567583946	5.23581730769	5.74948708882	0.736100164187	-2.44052145193	2.99311638612	-0.278077879089	3517.26233921	598.663168851	True	
1.60796528838	1.45880955387	4.07578220126	8.04185036753	4.69124728423	5.82876137115	0.646504826308	-2.41999809612	2.64715708006	0.865682237995	4235.86053135	592.676537163	False	
1.69232025858	1.77984134734	6.82813686215	9.43371329445	8.09358902154	5.6375624522	2.38750524934	-2.50764569471	3.51705829155	0.786239055011	3819.52629396	592.676537163	False	
1.8691482222	0.488876528957	7.32894226694	8.77428226494	4.57192249026	5.63903212588	2.25302219167	-2.31779948379	3.01602631521	0.850426116865	3083.32576237	592.676537163	True	
1.37946483862	1.26283431734	4.38312844403	7.6894004743	4.42392201684	4.8717310004	4.81033366981	-2.35980551824	2.49980540081	0.820050187748	3564.25081146	586.749771791	True	
2.45594645814	1.76138926349	6.75497052962	7.45718685879	3.8984648125	4.96749705016	1.93618490645	-2.36347557583	2.53660715936	0.17691496314	3183.71684692	580.882274073	True	
1.72797557854	1.56804277912	7.05373167538	7.59026159263	5.01976402566	4.95575142381	1.92548927269	-2.41482310407	2.50665452737	0.938149347941	2951.0622795	575.073451332	True	
1.94954620197	1.97725460593	6.37145437708	8.75813381397	4.0850081024	6.24096435412	1.76270136657	-2.34143452819	3.44437852356	-0.310071218265	3949.99998408	569.322716819	True	
1.9312125881	0.876328887492	6.12964495904	6.35066149561	0.900589059707	4.70526345884	2.57441562691	-2.39825495643	2.00768052748	0.726252177467	3949.18421475	563.629489651	True	
2.30735126637	1.69161442361	6.87794112061	4.6834994946	0.119148168923	5.72326572133	2.55169227911	-2.31170983865	1.2350074781	0.594859099302	3445.86622665	557.993194754	True	
2.65460907983	2.45947708411	7.33927109235	3.83987806734	2.45705700023	4.60105902437	1.3041829771	-2.3738866257	1.06224467872	0.591393651993	3433.65735681	552.413262807	True	
2.284413031	1.16541649952	8.43094664364	4.11683157846	2.74510077771	4.20396905068	2.61928507065	-2.38496346365	1.23016728879	0.615117815868	3357.28758932	546.889130179	True	
2.85338934956	2.07793053065	7.21807324554	4.33637761995	1.52641563503	5.08600427987	3.53398061065	-2.141491871	1.10010656622	2.72408837694	3725.3080931	541.420238877	True	
2.00258271519	0.756982357863	6.31286335456	4.66106903341	2.03101614789	4.65210005419	2.44422515137	-2.42608593832	1.32530384164	1.95588422892	3078.96368805	536.006036488	True	
1.51272591968	1.05583253229	7.17311422418	4.43703176333	3.82876368246	4.72498250573	2.5045442619	-2.40602756092	1.46225165939	3.3060517392	3421.87127467	530.645976123	True	
1.3787940687	0.531533147521	7.11932698637	5.39949878902	3.62227244688	5.31316423686	1.06800967298	-2.49666162	1.67839078982	2.1786377976	3232.19446991	525.339516362	False	
0.689741423736	0.307341085983	6.57576638524	4.83899488279	2.17326749343	5.64273470125	0.181396376994	-2.39886378705	1.73272403577	-0.220735758397	5879.30560343	525.339516362	True	
0.88010159328	0.638279556685	4.88951278549	8.24162594834	3.78402842775	5.51420554066	1.10490421642	-2.44500578134	2.72676671515	1.22300932718	3341.91346252	520.086121199	True	
0.937586842764	0.539913685299	7.49203291827	7.60198845489	4.98388319886	6.38877690721	1.52756141141	-2.46260687192	2.52916224711	2.47470873025	4018.56840793	514.885259987	True	
2.13725448502	0.681495305417	6.5979251075	8.14190927003	6.6422927672	4.24665948355	0.549808754484	-2.3586430191	2.85339450332	2.43756492739	3235.4249436	509.736407387	True	
2.1520240875	1.7688408484	5.23631578182	6.4194679897	4.28002692375	4.4729654947	0.86472496417	-2.24342405685	1.98073362348	3.33481495315	4140.73232311	504.639043313	True	
1.92171729426	2.15150935646	4.3329056429	7.35273343751	5.67473508373	4.46629556363	0.878870589081	-2.35369105918	2.48683252377	2.62949615236	2925.03872524	499.59265288	True	
2.30275024178	2.55381534172	3.21054872937	9.93041392284	9.04107790077	6.21329864989	1.51414660105	-2.36315386463	3.71666258717	1.5733679421	5237.90651067	494.596726351	True	
2.38926588536	3.12432410369	0.93179247573	9.09886370647	8.44764760615	5.11161943257	1.12370652551	-2.23803216435	3.40706327276	1.13632473922	4696.04231874	489.650759087	True	
2.4751147241	2.62002882877	0.424191705519	9.87468114084	8.58892643499	5.76990388973	4.75879378154	-1.27740267365	3.70337231037	0.98469123164	5609.47843928	484.754251497	True	
1.77777077381	1.8929965757	0.460709280852	8.86149805755	6.8406186344	5.13026845767	0.335764024216	-2.0299379017	3.16598850019	1.79807693675	3474.02079478	479.906708982	True	
1.2094798612	1.22131393042	0.371413735116	6.20124466787	3.69489943028	4.807548226	0.589639801268	-0.132473102597	1.98350429004	2.44749352821	3113.64906259	475.107641892	True	
1.09012815541	0.711496484006	0.93047273915	5.73658180247	3.39215123936	5.10734621652	1.8683007117	-0.581189683285	1.80319882845	1.15245933615	3339.29511045	470.356565473	True	
0.502704895983	0.539602827117	0.433983713517	6.25169421889	3.62578485102	4.70808635842	2.89150378012	0.185618052421	2.06451384531	0.873760354748	4377.66633605	465.652999818	True	
0.9781916773	0.565236521238	0.95031515568	3.60332989567	0.392499224317	6.06577437963	2.70118992729	0.987711226366	0.826911393504	0.828048568762	4033.8698555	460.99646982	True	
1.18076061975	1.20269762142	0.458660583128	1.09507164129	0.127887557989	5.17848614325	3.31368367037	0.654961480634	0.158119833216	0.583925858377	4157.4689117	456.386505122	True	
0.737521686114	0.275384440156	1.03886157591	0.897388762186	0.86011507729	4.84640672332	3.00883432838	-0.532356842798	0.27211473419	0.989702580738	4209.9783003	451.82264007	True	
1.08315922105	0.894119801005	0.675552538217	1.94203899489	0.4545683741	5.37886103559	4.06505834147	-0.580612282479	0.325639396103	2.12673075737	3583.4832171	447.30441367	True	
1.05027093976	1.11618663101	0.828252031151	4.56117230206	4.27967939371	5.43723054104	3.78813668144	-2.15218378783	1.61320617249	2.34015502103	3831.75717616	442.831369533	True	
0.613159536897	0.337349136457	0.728504344274	4.90909557175	4.54129497988	4.84442874189	3.77150956954	-1.31690277667	1.74494551378	0.597969447722	5197.33316896	438.403055838	True	
0.50940031943	0.0403471314163	0.495581811474	2.08948999719	8.02682169571	4.77645984627	2.32596109966	-1.19837276426	3.15745943648	1.81980002289	6051.99872454	434.019025279	True	
0.597381693925	0.446890276078	0.743544535208	2.94058839595	8.76826510017	4.35451656126	1.56784339009	-2.17489324733	3.33473613252	2.68161526114	5914.58251121	429.678835027	True	
0.879467505962	0.710765686428	0.627357859152	1.97354574989	7.98341939156	5.44805295962	0.336203526344	-0.998789856741	3.00771280315	3.70819624126	4537.06841888	425.382046676	True	
0.904128520311	0.464378715033	0.922016081833	2.6582861694	6.86959396095	5.30298465612	1.31801050433	-0.88617644221	2.58589522587	3.75503992052	4686.25430482	421.12822621	True	
0.434690180423	0.264125702442	0.64215152239	3.13295532102	7.9496454257	4.69781564218	1.38917989324	-0.191044980356	3.04483158488	3.91568669362	5062.66770569	416.916943947	True	
0.423735327756	0.0540606131966	0.383049604815	3.40218397287	3.87384929889	4.70469756466	2.79548330753	0.373518364116	1.39990678931	3.55771824531	5438.76423417	412.747774508	True	
0.898550290889	0.657472216309	0.511956053036	6.37054239986	5.28947745268	4.29167011555	0.390928582656	0.445580910671	2.24386660325	3.11405821595	3830.73070326	408.620296763	True	
0.523680006586	0.335720532119	0.362474457446	7.89897224006	2.57236391554	5.57399135151	1.02579019665	-0.87420141706	2.57003505233	3.58811878278	4127.47601294	404.534093795	True	
0.487093380957	0.179310794964	0.655282934279	8.71697904227	4.07231089038	6.62925151399	0.423510917557	-0.326692797484	2.93629589663	2.10416907185	4842.20586382	400.488752857	True	
1.22525687797	1.25701821105	0.453469634082	8.52098097167	4.50961708768	4.47409674057	0.911583874685	-0.820525552475	2.88030599932	2.92941684128	3689.38351411	396.483865329	True	
0.625114467785	0.0590931370197	1.11506963384	9.1206182897	5.16090923367	5.71375526626	2.73475210105	-1.66742884458	3.17182497664	3.43200491601	3680.43960301	392.519026675	True	
0.67665720175	1.42712676763	0.125621892138	8.75034290206	6.78672287531	4.88701267133	2.48848461115	-2.22480334029	3.09012908182	2.51800096403	4104.07160268	388.593836409	True	
1.2939215303	1.20886418332	1.03191046781	6.72750600327	6.10902969866	5.04777571695	3.08290024944	-1.4984056488	2.43070019057	3.55788761549	5403.26480767	384.707898045	True	
0.698225871967	0.808345619875	0.645790670746	5.46318292323	2.4499990648	4.75877484543	4.96675039857	-2.02620434926	1.62990086677	2.42056694525	3546.53340908	380.860819064	True	
1.08779648056	0.464147417985	1.68135999706	3.13823987222	0.243127958649	4.89540439939	2.22222985229	-2.07868487897	0.630140135001	1.86084421339	3615.50170532	377.052210874	True	
0.967085610115	0.975355930421	0.204203688481	2.22762662217	1.86787639847	4.37134665696	2.76954709277	-0.26188800748	0.631420591977	1.10185678812	4000.50678749	373.281688765	True	
1.06784424573	1.17718584634	0.109065048229	4.084459569	0.691492263803	5.5203386565	0.698318251193	-1.8094389114	1.0877451348	1.07903627693	3227.89822025	369.548871877	True	
1.48330212437	1.79144219072	0.133643703113	5.16590016813	2.13319237233	5.5411602127	2.17565980792	-2.18382297092	1.43935739331	0.962524232747	4174.57035503	365.853383158	True	
0.971270165667	1.73602076181	1.26095835883	7.22414838061	3.98407291741	4.52397704657	3.75620007769	-2.37434538099	2.30345997374	1.4244840712	4257.5958425	362.194849327	True	
0.852347670785	0.704606294876	0.702083102577	8.24937823042	3.57515692108	5.87289154651	3.12541758845	-1.67826788989	2.85562915606	2.05672974014	4596.04227958	358.572900834	True	
0.891030514581	1.11668348957	0.156204231562	9.34270965372	3.80258189721	5.73793920663	1.83063597162	-1.59910636868	3.2864149926	1.23038044023	3524.17567198	354.987171825	True	
0.48173649998	0.516372488195	0.526944304202	9.22203637384	3.42099388389	5.36201710234	1.69681113311	-1.29150872711	3.34109451025	0.257850325823	3801.02489338	351.437300107	True	
0.637692392774	0.586067664362	0.287557856186	9.62890589791	3.92236415829	5.09438629503	0.319575988065	0.0408466881544	3.96619443691	-0.0995077770361	3414.33720545	347.922927106	True	
0.675087320741	0.706739083604	0.284259868596	9.44158240285	2.55055915667	5.02661655218	0.605021784282	-1.0880504647	3.65464673278	-0.0166768748094	3047.47156453	344.443697835	True	
0.869624245523	0.64018178469	0.798651645041	8.57646529407	0.376141086511	6.27030560978	2.14817977022	-0.247369211154	2.9085362773	1.25035621477	4133.65348375	340.999260856	True	
0.89347777249	0.754155439352	0.604816684935	9.34310887381	3.19082314797	4.93497549023	0.304603825587	-0.300968282343	3.77771045727	-0.149085861533	3307.08092839	337.589268248	True	
0.653027652409	0.386222880243	0.804876657428	9.90940790887	2.97232714215	5.474623643	0.800633830619	-0.358426772177	3.58407395845	0.335915846967	2953.32320301	334.213375565	True	
1.36077241543	1.29021980997	0.451672178886	9.54454647709	0.368489013998	4.85995738361	1.06447099097	0.549335543901	3.4488209387	0.142049262761	3346.32128013	330.87124181	True	
1.17437099802	1.35978127478	0.103784593731	8.00516627363	1.38195475397	6.01384182886	0.357602840795	0.297159986668	3.3242964624	-0.0213873577418	4348.65781066	327.562529392	True	
1.01160620969	0.798935763548	0.662829358212	9.80206632722	4.5874291608	5.04564100866	2.11312172583	1.7448048637	3.59661624591	0.115269361487	3215.92573034	324.286904098	True	
1.50155682801	1.4509206577	0.444592768135	7.69903430993	4.28526979576	5.13298816568	1.89045535631	1.58761110845	2.60359707574	1.13348404902	3515.17657479	321.044035057	True	
1.51548686688	1.40318074159	0.416169279622	8.34080385961	5.84386765376	5.16477973143	0.416505520995	0.298064473187	2.98758733773	0.477155230891	3425.05187317	317.833594706	True	
1.58860283655	1.5023710134	0.610296850922	8.90656576926	5.16812228223	5.75259643409	0.657692938691	1.26921654078	3.4710869997	-0.0334264971572	3818.66170838	314.655258759	False	
1.87434045342	1.9050610973	0.1533413016	9.79273676675	5.83975050799	4.93715064754	0.0276936501964	2.78503614696	3.56607052102	0.386007335288	3599.96279892	314.655258759	True	
0.895539861583	0.918599268044	0.172401451905	6.85721798575	7.43331056408	4.87480068879	1.76023009477	2.80394290527	2.89746965007	1.54922758716	3935.10224905	311.508706172	True	
0.758165814526	0.680799321826	0.421782266621	9.86593646159	8.79576772049	5.16359493623	1.94772751342	2.20589062708	3.74323129099	1.6434901114	3135.32120442	308.39361911	True	
0.77460268406	0.560607765673	0.658241432807	9.31418973244	7.65335759073	5.39365985736	1.42716489604	1.97554454984	3.40283564426	1.76657592633	3096.75936317	305.309682919	True	
0.56822272156	0.596229199051	0.316917185967	6.9416184971	5.94619077794	5.501998709	0.142933402728	2.47008624991	2.43559341208	1.74323207076	3919.30592744	302.25658609	True	
0.894406196771	0.738471746139	0.739203754701	6.68405507929	3.66096019938	4.57496859156	1.90612077842	2.91679930485	2.0609484338	1.39921815227	3864.43594042	299.234020229	True	
0.727658558592	0.906751225307	0.252560064592	6.60060656723	2.26284228012	5.33989995078	1.69652905167	2.43167513702	2.06609472596	1.5113104603	3393.88350075	296.241680026	True	
0.916455720071	0.908258695261	0.662991789029	7.48415714871	2.95387759583	5.37761220329	1.21754133184	2.91363404736	2.83741397232	-0.142790952116	3673.70923426	293.279263226	False	
0.643716789289	0.653208107444	0.194334800146	6.98066092217	4.18740785762	4.91465333609	4.41754538846	2.20268735269	2.2421963658	1.88078771633	3215.10856345	293.279263226	True	
0.895207472359	0.842336565238	0.51256735869	8.9935794009	5.82003352469	5.22159410048	3.01478952296	2.97114023036	3.10926622479	2.93553114988	2887.79738579	290.346470594	True	
0.716654535805	0.454883783926	0.654454436828	7.24782058944	6.14724365047	4.68756397589	1.29309483529	2.87843646314	2.60824498976	3.24201807095	3279.44480157	287.443005888	True	
1.053396955	0.895890189291	0.718648382424	6.34526324968	5.96617595928	4.63217736403	0.488645284525	2.51319300889	2.38591862973	3.17195637196	3745.69785122	284.568575829	True	
0.841799453391	0.747758856735	0.548907746671	8.73621385674	7.06273803969	5.0923714786	1.17044303023	2.30732491083	3.11858847628	3.71601979327	2864.37853196	281.722890071	True	
0.780998788911	0.798031836382	0.0606711775961	9.08133429714	6.16758126425	4.95495837053	3.17915723461	0.648917281791	3.14025715965	2.57311566856	3070.50273567	278.90566117	True	
0.621147345766	0.310561844793	0.92719932888	8.65223781514	5.2021457144	5.1234379781	1.00327759502	0.770037495999	2.9268344937	2.78591503705	3390.35345455	276.116604558	True	
1.15338011201	1.18705447515	0.162040023755	7.59684045822	6.28878957381	5.6441732602	2.04382173454	0.804508194008	2.66548823542	3.9611880628	3501.17920174	273.355438513	True	
0.759297905606	0.495184125011	0.668639917997	6.58511373001	5.3667672901	4.80461317188	2.08033792647	0.892176029197	2.24992225972	2.67947841037	3362.13545459	270.621884128	True	
1.25904925826	1.36836628915	0.110814964508	8.08695767355	3.5205714428	5.12081748831	4.4296023426	2.32213645181	2.68834016118	2.45081595961	3440.87569541	267.915665286	True	
0.688330957032	0.282375314769	0.639803678314	8.02451082557	4.63399594167	4.90449619895	2.5502447024	2.14696026353	2.71086175318	1.97533778676	3689.31823513	265.236508633	True	
0.839146408975	0.569077103115	0.679388833735	5.9802543905	7.00128635765	4.91873486329	3.10913650348	2.61333886383	2.65029137205	2.76037603829	4509.37706529	262.584143547	True	
1.1726367958	1.06296508818	0.23542903016	8.31033764815	3.38247611688	5.18658641426	2.25944975486	1.8099966838	2.7106157254	1.87460580594	4857.18821405	259.958302112	True	
0.748653946585	0.783540333442	0.326030037236	7.60484973177	4.16303765238	4.88986502193	3.25082990522	1.55575233658	2.49265680972	1.44617839607	3039.48631742	257.358719091	True	
0.931967125113	0.309913098342	1.26676355069	6.57169552596	3.04739659337	5.35627505386	3.80724988229	2.27856418722	2.06690762362	1.91128421867	3697.42805053	254.7851319	False	
0.955434000771	0.822529421464	0.529462371779	6.38052346974	4.46160795066	5.0070369155	1.8873639701	2.9437826398	2.05437118821	1.25960714627	3034.3982579	254.7851319	True	
0.722366680176	0.809038119323	0.0275002857846	6.93126389587	5.05014242364	5.38023452213	1.38154916946	1.61801484664	2.33472095963	1.57133519849	2933.78753778	252.237280581	True	
0.59993656825	0.510429838672	0.351655356337	8.11646667884	5.99320081915	4.6345184676	2.47183649789	0.500829976662	2.82761636574	1.61831737131	3175.99771731	249.714907775	True	
0.612477575246	0.480833030064	0.602421082096	8.63157710593	4.41512419591	6.31869008471	3.66027364485	1.66772972091	2.9247159169	1.42226859874	4108.48339687	247.217758697	True	
0.966492114473	0.876399284649	0.467683703162	9.66789210826	4.22670546082	4.47843667471	2.0716574823	1.34411653067	3.42708100245	1.14924124882	4130.28816297	244.74558111	True	
0.800949466225	0.358294294107	1.03694735257	8.88062012073	6.04691651794	5.23855561812	0.666901691157	0.893139806446	3.37489129	0.0555857891675	3358.58635346	242.298125299	True	
0.803522416231	0.804740132139	0.194232554321	8.62310270951	6.47381332931	5.37565342261	1.32996657385	2.29920349168	3.0455137892	1.37291190897	2832.6468195	239.875144046	True	
0.7624858716	0.47354426469	0.632306123986	8.85925129239	5.92741304877	5.50597768622	0.0975154535799	2.97633437145	3.08516594776	1.55433202373	2943.67638229	237.476392606	True	
0.844577045177	1.01548043245	0.318360599769	8.23414130189	7.05173209317	5.5350241979	2.17904316574	2.18232823808	2.96058987405	1.44538047501	3888.74668509	235.10162868	True	
1.30709841975	0.908926246295	1.11508511699	8.85634466794	5.83636219306	5.26187464472	0.265729979997	2.35481452828	3.04155539745	2.39721274134	3583.60910611	232.750612393	True	
0.78641850667	0.808076597325	0.200262525973	8.67044263859	6.67115465023	5.17254912565	0.276620944224	2.51433470776	3.05555210726	2.87579757192	2696.69358976	230.423106269	True	
0.690292633666	0.0518818622468	1.13267515206	7.01662573512	5.45163502838	5.1189436407	2.01844648285	1.94720669025	2.47150643265	3.38270357301	3971.9050213	228.118875206	True	
1.17205173825	1.24319847564	0.153615694166	7.38296796931	4.41085691152	5.47131936001	3.71008575442	2.05988267649	2.38875100047	3.677616026	3242.24116868	225.837686454	True	
1.37586669355	1.56216033644	0.037047505413	7.86261318616	5.24684089956	5.26138336234	3.21520166822	2.05932967518	2.67718370918	3.56303052316	3078.87790618	223.57930959	True	
1.61813338459	1.7054104053	0.122355854427	6.70756693624	5.31782130989	4.74466113282	2.58522133285	1.69127711507	2.25576031671	3.81711686653	3501.20735765	221.343516494	False	
1.38231625979	1.47996264601	0.0259631604719	7.97238360292	5.72868838912	4.95763411464	1.62091098063	2.72619771043	2.73822199593	3.88064856342	3070.69909132	221.343516494	True	
0.773169714377	0.515415572888	0.697472341633	7.9538579127	4.61196986719	5.74068957139	0.446629018779	1.64109883015	2.66390343944	3.8849744075	3016.20581487	219.130081329	True	
0.914036738619	0.962232730713	0.500425200484	8.47476689334	5.98471685333	4.40675099232	1.8319552143	1.45642451234	2.9431395058	3.84701372567	3455.86663154	216.938780515	True	
1.1916483688	0.969530842342	0.708975378707	8.21324229217	5.92002949773	4.8146625207	2.24431674355	2.41320748532	2.80767867758	3.22293512765	3206.79405705	214.76939271	True	
0.74786973083	0.794293468143	0.0723439296761	9.9065564793	7.87952191554	5.01740757065	0.892803080959	2.79807439986	3.62604397543	2.43320285992	2915.29766811	212.621698783	True	
0.773856650207	0.73404221151	0.184951086003	8.73398650716	7.3105906679	5.53348016674	0.898114503878	2.12452500226	3.21311425883	2.2549409127	3446.60571719	210.495481795	True	
0.917400183556	0.989919777297	0.114545624708	8.34518998958	5.2703603757	4.53085267776	0.629863150467	2.34901081632	2.78015204557	1.87902847093	3463.60332856	208.390526977	True	
1.03486121029	1.15905143795	0.0814295967146	9.87373794161	6.51868715117	4.55291952671	1.18587877013	1.46818319985	3.61476596461	0.451763939446	3002.86247026	206.306621708	True	
0.924382564454	1.07555512933	0.150733193392	8.13711349902	4.59513514609	5.36417037925	0.648121700951	1.49652530919	2.84273163795	0.601281682635	2840.4836564	204.24355549	True	
1.18074451921	1.07350945331	0.416872802519	7.61356655623	3.75794369582	5.63258275229	1.37690774668	2.45211237983	2.79862201722	0.0330643230754	3266.62470996	202.201119936	True	
1.52598665295	1.44256462062	0.658049108442	7.45962192763	5.35792188362	4.37612425087	0.35991952152	1.68151079457	2.53568282856	1.39896447018	3566.95810148	200.179108736	True	
1.46347134578	1.55114726641	0.247351340463	7.428149166	3.90679706102	5.51038313615	1.08478403169	1.60445886586	2.52083342776	0.955966718291	3659.39360272	198.177317649	True	
0.830907129404	0.904313770102	0.0617562693357	6.3959271483	2.6578996666	5.33088231499	0.375550442352	1.69594630557	2.09132136023	0.310923186756	2846.56338776	196.195544472	True	
1.25874924818	1.02150892978	0.814497630535	4.72649835878	1.47315445547	5.14784178828	0.319148580834	2.35540224506	1.40003897817	0.177383337691	3111.8701868	194.233589028	True	
0.904868625983	0.866125590141	0.278185546692	6.37104020074	0.759667536181	4.82024730103	0.661062561926	2.5762110415	2.00346954487	0.700929050187	2973.44361837	192.291253137	True	
1.0169724722	0.908426065141	0.314199733784	7.73837413519	3.3172767176	5.05725884057	0.0148688139689	2.92493888861	2.63237107975	0.51133836374	2881.96528892	190.368340606	True	
1.08992961143	1.27606389269	0.11823717238	6.92952293151	3.32639425263	5.13389497493	1.06733858143	2.84177542744	2.37204693511	0.216080175338	2858.35465179	188.4646572	True	
1.2457426616	1.32707396336	0.318871559804	5.68184288938	4.75409161177	4.36976514539	0.827971488292	2.62140729891	1.94853598965	0.502634980688	3727.7559633	186.580010628	True	
0.879638342089	0.76642248373	0.457116465893	5.85842695907	2.99708621632	5.2315799969	1.2205306278	2.65332411915	1.80144240666	0.988307897317	2711.19452874	184.714210522	True	
0.959003268423	0.792070655945	0.686056271616	5.47485056221	2.67719639697	5.0708860834	0.105581704438	2.74212763718	1.66054562368	0.865091204205	2816.24376473	182.867068416	True	
1.201161548	1.37275314998	0.0680464192139	5.3947185325	4.85414659943	4.97073269248	1.56637468496	2.78885561288	1.9592192449	1.39411933939	3944.3585812	181.038397732	True	
1.13454838842	1.23922373813	0.212242502495	6.96078957556	5.14394009358	4.62333246024	1.80308812609	2.37091907152	2.35875251927	2.06824009559	3037.87629678	179.228013755	True	
0.824532078831	0.725720719022	0.645511455363	6.47687761377	3.16112101214	5.2434536845	2.20809553897	2.46501120913	1.99059658754	2.42278828072	3159.61824488	177.435733617	True	
0.836607114228	0.845353111169	0.246427947934	3.99118207076	1.02520983509	5.0566594103	2.71159726758	2.75738950611	0.999848233834	3.28929553808	2785.36925945	175.661376281	True	
1.12790156425	1.07251411926	0.296709630831	2.6844710991	1.60451195924	5.11974176511	1.96874367601	2.27161754482	0.638340774105	2.8764423212	3305.07378405	173.904762518	True	
0.643032733533	0.749143608034	0.0236585693298	3.36670674263	0.241510789473	5.07166596448	0.354864483563	1.63524532396	0.735296993188	2.62000328272	2809.29929776	172.165714893	True	
0.882741080898	0.647512243075	0.897880181805	3.41940134424	2.3818260993	4.92884236126	0.145736452632	1.17605691762	0.972982562193	2.71241256182	3421.52265706	170.444057744	True	
0.905797223631	1.06836634252	0.0886433859231	4.60315340388	1.67988193305	5.88255984155	1.87426760408	1.19726611995	1.22124693618	2.95071347806	3202.55893777	168.739617167	True	
0.961858085308	0.877294197398	0.442026155562	6.33612711288	3.44427145854	5.13846457283	1.67829309179	1.74533086753	1.97901202442	2.33229845322	2749.82024892	167.052220995	True	
0.900435777539	0.923360821389	0.236733582557	5.11572396066	3.5365705632	4.70929747921	2.44236559766	2.8523875931	1.5432889322	2.6566694427	3055.6884939	165.381698785	True	
0.828657238212	0.830595047604	0.474265162522	5.7171226813	3.35901703206	5.0633531613	2.13303740005	2.96498674617	1.77541322965	2.63543486571	2975.65292627	163.727881797	True	
0.761518166747	0.553469965642	0.59689284494	6.0685970653	4.3429213657	4.67985438098	0.113204206522	2.56687826476	1.96912022229	2.66312270964	2895.88090296	162.090602979	False	
0.796664450264	0.481361896445	0.855276882177	7.33240051164	4.27141346879	4.89598548697	1.70890955155	2.46017778459	2.34179676345	3.00565117186	3600.28389026	162.090602979	True	
0.925580960567	0.73545646424	0.461479222872	6.56762473581	4.56829426043	4.85354814271	1.46586354373	2.00600950979	2.16036689115	2.18134733041	3022.41447234	160.46969695	True	
0.951780073721	0.773692766388	0.713907941256	6.55721652733	3.46396921348	4.90701504652	0.426711042543	1.43295637361	2.07812399045	3.05111068588	2890.41327043	158.86499998	True	
0.903834695638	0.964269907688	0.114688426994	6.67728389752	3.48337361461	5.31185584388	0.443087527061	0.266367229459	2.11306817709	3.13148279169	2671.00170547	157.27634998	True	
0.941923515095	1.02571462726	0.358409674214	6.04422917842	3.36822829474	5.18447643823	0.309394738933	0.160588139898	1.86178976443	3.41141482465	2788.52639937	155.703586481	True	
0.888577661129	0.835186489307	0.30628667935	6.05548871875	3.47245643158	5.58154968582	0.667547909556	1.12065132312	1.92823312243	3.71308134142	3172.57720469	154.146550616	True	
0.973952375369	0.818809818463	0.617900557714	6.76504400843	3.44220028732	5.47574847864	0.105863401066	0.608287204028	2.14855518239	3.89554652474	2831.90651117	152.60508511	True	
0.790201392607	0.627017057084	0.71696765479	7.20261777018	3.31892101326	5.45075375404	0.403520905095	0.34421499043	2.28538854751	3.62849087081	3240.59982116	151.079034258	True	
1.1698025987	1.13789376767	0.527873490916	7.03471819525	4.11169893235	4.70120062971	0.484448125418	0.297182631237	2.25028190401	3.02456861633	3061.13397545	149.568243916	False	
0.871477227375	1.09220474647	0.0950711400094	8.10216043124	4.09912940304	5.28409527629	0.100132850896	0.839141550444	2.73185167221	3.48830967669	3271.86244346	149.568243916	True	
0.878357289436	0.713658527735	0.687104606868	8.18349359748	4.45107734127	5.39535727012	0.565640727274	0.00172882449082	2.74984232193	3.80879263254	2914.30651449	148.072561477	True	
0.739218367711	0.776274912277	0.235012614918	8.90636430184	5.78383631917	4.87545687554	1.0749684948	0.209407572194	3.04998401482	3.75867705047	2947.10429152	146.591835862	True	
0.918047403599	0.876329296137	0.424934684155	8.94787118298	6.76251486127	5.01521703617	2.18908985036	1.03247501036	3.10518619709	3.75064405173	3239.8560306	145.125917503	True	
0.94741467799	0.901166130415	0.538769996516	8.98452367764	7.00653255898	4.9090495002	3.08509863838	1.03539422035	3.15940908971	3.33807014652	3193.88003367	143.674658328	True	
0.976124796378	1.12126291449	0.125596579244	9.59327685248	6.79305378581	4.98929740753	2.19971029913	1.16789186827	3.37178706163	3.75445884547	2794.18913621	142.237911745	True	
1.1051331286	0.905081656739	0.557661261679	7.95340178881	6.68930815936	4.61135384274	1.17194325189	1.43654773204	2.83659389294	3.2832091229	3249.28145198	140.815532628	True	
1.2435239713	1.20385638473	0.538740655054	8.93318208614	6.47856969973	5.18616704708	0.00285181724284	0.619150995077	3.13187210013	3.1418720676	2926.99696565	139.407377301	True	
0.902441682369	0.67815321285	0.704495087931	7.82990217553	6.10947220623	4.8969652857	0.623612970506	1.18935380956	2.75034558503	3.2884391708	2889.43036015	138.013303528	True	
0.9024896244	0.839552801277	0.55364903236	7.61419739663	5.28013973189	4.94593648425	0.566039358564	1.97716133655	2.56578049027	3.09856983907	2736.87207321	136.633170493	True	
0.955216863334	1.02168561871	0.372069817237	7.50594806409	4.65285339157	5.43458900246	1.09470632466	1.82261418325	2.50886382858	3.08353057291	2884.91588335	135.266838788	True	
0.89596968156	1.01878318796	0.0161884032969	7.85417971173	5.13266804252	5.3521502214	0.32445807445	0.773293938861	2.65944963001	2.58671313265	2673.61379186	133.9141704	True	
0.525557359474	0.259994991025	0.555006870757	7.69837022285	5.02769554557	5.23271632778	0.187085223501	0.255455563689	2.55283444591	2.78114559401	3323.56624898	132.575028696	True	
0.884590310408	1.01629413435	0.0795950277304	7.92523477353	6.32759361145	5.60909077197	0.324332037673	-0.0331220784106	2.80366368855	2.84797078367	3057.81446894	131.249278409	True	
0.900126957304	0.921844233675	0.270361632211	7.35830383367	6.70276652624	5.394859225	1.02791042631	-0.582821947633	2.72166845872	3.34850797329	3201.02022832	129.936785625	True	
0.614279408217	0.680070409727	0.0469008490924	9.12922853497	6.72573413672	5.24726127869	1.16294922851	-0.203646718743	3.23494629792	3.25137848003	2915.28435427	128.637417769	True	
0.867398529497	0.95973713026	0.329008783305	9.80050035496	7.74292692337	5.12738471837	2.11784075273	-1.96339469348	3.52273682152	3.03484881112	2809.47799778	127.351043591	True	
0.750188750039	0.786516772323	0.16000426237	9.13285277084	5.73836539038	5.01851584436	2.12245490214	-1.23956974197	3.15501481	2.96573712746	2898.97596413	126.077533155	True	
0.820196872398	0.764346500384	0.457094943767	9.58360579222	6.23901543564	5.58822262301	1.98757195005	-1.83147138762	3.36426019726	3.07250728072	2907.87753357	124.816757824	True	
1.35785082235	1.40130973695	0.553822194654	9.07135829768	6.74974967196	4.86995151126	1.6936499091	-1.96598704854	3.18700397179	3.36463612505	2943.61176857	123.568590245	True	
1.3149493242	1.28151313521	0.967056806287	9.80116113356	8.00925258943	4.42023063156	0.424661998923	-1.9846558232	3.53941144657	3.20954871512	3441.81832366	122.332904343	True	
1.09883194883	1.35878332606	0.296676470567	9.82169854086	7.40873902385	5.26636738987	0.868449509717	-1.90953086186	3.51595104834	3.71999722186	2878.20117942	121.1095753	True	
1.20221620515	1.35749457009	0.0918052424171	9.06222359114	6.43253852802	5.06227429649	0.324771080139	-1.88677396796	3.16022177046	2.81448286921	2801.6265569	119.898479547	False	
1.11088989819	1.35209053374	1.1803965061	8.87406214603	6.48638527709	4.99777629006	0.333007142535	-2.22614422969	3.11451227049	2.5341838553	2800.4895423	119.898479547	True	
1.16800108035	1.39044451995	0.961166569732	8.44031119034	6.47792764403	5.52566187391	1.6590882594	-2.13936212652	2.96317304849	2.84061649515	3217.82330824	118.699494751	True	
0.956620435353	0.999111416071	0.802717620549	7.99902435505	6.08551681369	4.86089855979	2.09005718949	-2.14435470725	2.78282664741	3.44563796928	2789.54381627	117.512499804	True	
0.779351916246	0.628924715968	1.05656978316	9.27790754293	5.75679629541	5.39958562715	1.33632320891	-2.16393562523	3.23352424129	3.79991681893	2888.70837856	116.337374806	True	
0.845130944424	0.693265317222	2.17480250763	9.47890891128	7.01969650513	5.13692647273	0.377186113911	-2.32142545668	3.39467138033	3.36802629462	2866.44291364	115.174001058	True	
1.02555772588	1.32589528254	2.58407224568	9.18959537494	7.24270621882	5.60577713379	0.335677495451	-2.37003291877	3.26945318507	3.59553078931	3045.61072868	114.022261047	True	
0.953378997786	0.927257739167	3.01073251409	9.83937841516	8.31260131619	5.05544752912	0.403522472909	-2.40091201425	3.63728010539	3.73966706346	2915.38379762	112.882038436	True	
1.11832487602	0.849666016211	4.58475831152	9.80655547052	7.31443062541	5.17662827032	1.16427914354	-2.43686242831	3.50529722926	3.39649192726	2556.28982758	111.753218052	True	
1.36238677238	1.12617149747	5.19051351154	9.62105013372	6.80831043429	5.35630523798	0.678943872201	-2.36895824831	3.43363088646	3.38623470281	2479.86580771	110.635685872	False	
1.37515153081	1.03430579296	6.48376731452	9.7101957573	7.8276420388	5.18699876942	0.568837779229	-2.4078090689	3.48880795509	3.21908695779	2508.75500751	110.635685872	True	
1.45592657515	0.46448675447	6.59106183291	9.47866355496	7.39645650525	4.76625135859	1.42593534721	-2.41787741474	3.4020053784	3.306742689	2299.41827111	109.529329013	True	
2.07213639976	1.99603008129	5.75671345339	9.6491168441	7.17192625536	4.81974178088	1.55746429902	-2.3886149146	3.43548269305	3.15331792806	2599.62165454	108.434035723	False	
2.15423076964	1.82123820144	5.28913192272	9.65729010732	7.34963653617	4.64796857787	1.26483882515	-2.35549734613	3.4677057379	2.711410994	2500.36211762	108.434035723	True	
2.07576970525	1.47543266909	5.17150884088	7.88535937635	6.03713985881	4.88643399015	0.333106330996	-2.36235620825	2.73532144983	1.82269571251	2694.194935	107.349695366	True	
1.99346094735	1.21403347645	6.53814503627	8.15118797326	5.72552131844	4.77711744825	1.30669605279	-2.35044090982	2.82092344592	2.03282208146	2507.21967173	106.276198412	True	
1.71803095754	1.78045126853	4.87678685009	7.0369315268	6.19696812637	5.03024291771	0.538035126938	-2.4085804793	2.47889181425	2.27835927961	2863.32874377	105.213436428	True	
1.73213700885	1.16424494971	5.89551055802	8.62995039674	6.08245533914	4.71971485472	1.24052534628	-2.3883551418	2.97080798344	2.41662584437	2227.00154719	104.161302063	True	
1.93955782936	1.38626990164	5.83601366964	8.889486688	5.64446401524	5.02732233566	2.46762526024	-2.36454933409	3.04488082303	1.86710082857	2396.42761806	103.119689043	True	
1.66923051503	1.43524444307	5.17193309015	8.34053703414	5.34296059993	4.9578916438	2.55839267949	-2.36566988051	2.80284149338	2.03539921699	2332.95953835	102.088492152	True	
1.64192533346	0.901651655939	6.83095188454	7.82730264628	5.11251923008	4.97279711604	1.33540866658	-2.39280952995	2.64874314982	1.60532531947	2175.98312914	101.067607231	True	
1.55043991003	0.394601618489	7.30024332029	8.7172561661	5.39739610925	4.95690296313	2.51469208716	-2.42538560489	2.97774899709	1.54398840829	2278.92053611	100.056931159	True	
1.40687715423	1.11081991412	5.90744433891	9.27886187828	5.83349489682	5.20460242173	2.59939689152	-2.39846580667	3.21971677538	1.7511764053	2106.33136645	99.056361847	True	
1.32502449376	1.33968982348	5.48054062599	9.44340588656	6.1458688958	5.27990129694	2.4183826509	-2.43626277579	3.34978747379	1.65656387092	2556.87045916	98.0657982285	True	
1.24075753891	1.06682293592	5.10527244349	8.64597421003	5.51373103586	5.13843653771	2.60804081002	-2.39229148556	2.97910664795	1.52770816864	2181.53826511	97.0851402462	True	
1.33409282414	0.620884130676	6.42537805096	7.96405670989	4.98713474677	5.27886076085	3.47669309352	-2.39261586048	2.69357346013	1.33325389373	2003.56438587	96.1142888438	True	
1.11838251227	0.68273591336	7.58602613259	8.19653341262	5.3771611931	5.86448351671	2.37579807975	-2.39807008371	2.80008291493	1.17781547034	2570.40245958	95.1531459553	True	
1.38967496507	0.618849692282	6.6452129493	8.23933673267	5.13955670686	5.00976131953	3.19322013977	-2.3894400671	2.8244233399	1.0387562179	2128.6548711	94.2016144958	True	
1.51960333614	0.765131948727	6.16562654958	7.76910042225	5.24991246552	5.0877364278	3.12198315414	-2.3839893008	2.68017547587	1.62673455726	2458.49753186	93.2595983508	True	
1.5184106322	1.18931201323	6.36080879746	7.86320659831	4.65817880816	5.48163111915	3.93478637947	-2.37004423264	2.61854285596	1.38930472722	2271.11594234	92.3270023673	True	
1.49937015836	0.586693089102	6.3699030837	8.38726293808	5.12733185892	5.08824881364	4.44553619294	-2.40618364575	2.89627133573	1.99943421049	2417.31157987	91.4037323437	False	
1.53452538036	0.522164572349	7.21432117581	9.61765175351	6.3120490771	5.34901601714	3.61261610161	-2.37752042824	3.37972939355	2.13308532245	2137.04955645	91.4037323437	True	
1.43686216793	0.396153338052	7.19830556469	9.39276660248	5.60675027147	5.15564305685	4.78017360352	-2.40733623517	3.27742143581	2.35366580071	2251.95366447	90.4896950202	True	
1.29419422707	0.739494278887	7.04480734793	8.61104812347	5.00834322502	5.31685757635	4.34920887315	-2.3949892191	2.9510775735	2.99939058944	2323.22698494	89.58479807	True	
1.39358770214	0.529992635129	7.27269273412	7.65859587406	4.84992399869	5.01761049984	3.60004521623	-2.37134549411	2.52982108686	2.8896648026	2350.06265117	88.6889500893	True	
1.56598930345	0.394457035708	6.92092188926	8.72742297982	5.59848830492	5.09177647731	2.2269012411	-2.37135559585	2.99896610162	2.92100016907	2092.53065665	87.8020605884	True	
1.57488211231	0.542100171839	7.28398172888	8.6232411266	5.28360024333	5.36854179581	3.54903585741	-2.35157712527	2.92437757658	3.1592856536	2426.25520085	86.9240399825	True	
1.42140630259	0.156366248601	7.09240909347	9.61014507412	5.92338212119	4.86471047017	3.91908489986	-2.40114666498	3.40447547347	3.44214136433	2440.00781061	86.0547995827	True	
1.55903371296	0.887318479437	7.31242143383	8.75469880886	6.49721832586	5.21614083467	3.89950496847	-2.36505066553	3.08502184758	3.85408162786	2351.42315828	85.1942515869	True	
1.43074961137	0.98671308107	7.50319292398	8.60663850138	6.33722356918	5.06863048715	4.59497468028	-2.39576587299	2.98155604824	3.34554589383	2576.49908574	84.342309071	True	
1.20058719208	0.754890398819	6.47374846188	9.05020612402	6.51067870906	5.19877083986	4.92098987351	-2.4275775465	3.19820660716	3.54786450774	2495.21813921	83.4988859803	True	
1.42972795754	1.12588024719	6.45529040178	9.43507789745	5.89965154955	5.48863734956	4.60093524164	-2.37880408058	3.27446108644	3.80245424613	2380.48570801	82.6638971205	True	
1.42672407111	0.868412188253	6.2094906015	9.41535766534	5.93603342985	5.18503398787	2.80875516173	-2.38178649137	3.29882582545	3.77838849363	2050.15107281	81.8372581493	True	
1.45525509248	0.762060211352	6.28267338164	9.0835319311	5.82433125052	4.93700969935	1.52230141258	-2.40562214948	3.1587093043	3.28587962424	2143.63372905	81.0188855678	True	
1.60453334501	0.700596339672	6.60617459328	8.81035246338	5.96116134692	4.76980836772	2.59706650353	-2.40535232612	3.07875184764	3.10792314846	2216.27535408	80.2086967121	True	
1.50763619208	0.868203243212	6.21887237452	8.89359821923	6.35051276463	5.03294751157	2.61714446525	-2.40289736103	3.08324793758	3.3275578866	2078.78252358	79.406609745	True	
1.49220992826	1.08282021508	5.77122141263	8.62384457753	6.65185125878	5.09827757665	1.75149652882	-2.37722062852	3.0367887385	2.88617819299	2144.5261344	78.6125436476	True	
1.46368880585	0.983448400467	6.1288637609	8.11297646235	6.18471791528	5.17614240913	2.2726317723	-2.43934563049	2.8579793154	2.11642183018	2397.24363998	77.8264182111	True	
1.41749434575	0.982568302186	5.8157186373	7.55264966826	5.9195340193	4.94835523434	2.05153642857	-2.41063906774	2.62148891015	1.9532590323	2261.32608167	77.048154029	True	
1.29573700966	0.83527619701	5.9186265727	8.57066256241	5.8462508896	5.25022601781	1.40098703089	-2.38966653921	2.94615306951	2.29739286015	2108.88741521	76.2776724887	True	
1.39201297706	0.315554473794	6.80060068859	8.79713627306	5.89148126913	5.24682856687	1.89169248929	-2.40101599117	3.06724143113	1.2987601062	2075.41609784	75.5148957638	True	
1.60288829115	0.451149377391	7.15688386591	9.561182477	5.90076712692	5.58611891004	1.95926767417	-2.38379676293	3.34311479452	1.28450062366	2457.09974162	74.7597468062	True	
1.13205503679	0.526848257532	6.73005212678	9.3873513574	5.58705897651	5.67391587757	2.76193622407	-2.38723288897	3.28572467921	1.15778704866	2234.12276365	74.0121493381	True	
1.30866743651	0.818699760501	6.63092022499	9.59902431319	6.74448472198	5.38038967885	2.91103061106	-2.43380343856	3.41017802874	1.18989009681	2108.01727912	73.2720278447	True	
1.39897943923	0.746066309988	5.93983540779	9.98897299598	7.31276066216	5.03470715683	2.34852451575	-2.40717454149	3.56493764218	1.36999440799	2047.17992699	72.5393075663	True	
1.46947951849	0.99732899594	6.23029832609	9.92132676459	6.89492003513	5.24029979242	2.79979837427	-2.42461593508	3.538237035	0.702574859174	2101.42450503	71.8139144906	True	
1.66653287268	1.03199686126	5.85261238179	9.40944702037	6.89741253251	5.10915439169	2.64039728859	-2.38632154817	3.34999723786	1.03464588246	2090.08280731	71.0957753457	True	
1.42608214953	0.628486280174	6.46886486576	9.31529446924	6.36745585403	5.2750212746	2.04021478435	-2.39728260968	3.28533874857	1.53647723227	2020.51871197	70.3848175922	False	
1.34316572061	0.434178817664	6.03813988283	9.65617356757	7.00650732677	5.0747309997	2.10633303762	-2.42014956735	3.45730644773	1.07406277902	2186.9434643	70.3848175922	True	
1.22586455749	1.02663664943	5.62541260875	9.84703110663	7.31504955517	5.27314267016	1.59567158867	-2.40474949873	3.52009125694	0.72869255297	2254.76215781	69.6809694163	True	
1.37959741391	0.933826324466	5.61848122763	9.69342664543	7.61359833132	4.9674813147	0.801601263678	-2.37040725967	3.49389181442	1.07841750165	2375.9573139	68.9841597222	True	
1.39418857628	1.29369550537	5.781485665	9.51866906116	7.27088416647	5.32471453718	1.3480376169	-2.42319650241	3.40719479872	1.19677144938	2231.79408106	68.2943181249	True	
1.2953198953	0.750369545491	5.94191609263	8.76095780437	6.38754334765	5.02021729975	1.32853154648	-2.43721819669	3.07345557416	1.49231936007	2253.51224613	67.6113749437	True	
1.46970326248	0.898575813497	6.16532448106	8.26013474842	5.00113018267	5.10738805693	1.96094232564	-2.39101052301	2.78982507308	1.26646393843	2048.07431622	66.9352611942	True	
1.56334045654	0.850648707987	6.53206293207	7.88609768985	5.57201374297	4.72035293812	2.6879658751	-2.40753125147	2.66315504955	1.35639801836	2286.18984879	66.2659085823	True	
1.70842078641	1.00041495298	6.21813816862	7.90837193809	5.36515674083	4.87361986169	3.55091694918	-2.37496550335	2.70820473936	1.1414721392	2151.82061292	65.6032494965	True	
1.62826725486	0.904994388313	6.20413556949	8.08036813403	4.92053995689	5.21336919884	3.14337098901	-2.38918628194	2.7230339179	1.17964992941	2095.29421222	64.9472170015	True	
1.57527043781	0.695921113495	6.55387416152	7.80395707906	5.36969540602	5.12788038252	2.99202284967	-2.39613300682	2.69048906882	0.824624589082	2142.0125843	64.2977448315	True	
1.55171616473	1.14877861826	6.63784448807	8.39647182755	5.81123564628	5.33583565533	2.19836418102	-2.4052281884	2.93029494425	0.868494691878	2159.17016003	63.6547673832	True	
1.47843036865	0.883503842938	7.11078154516	8.02253085775	5.34621408349	5.4669431898	2.75431818423	-2.3872293131	2.72848793415	0.887908159551	2179.91090801	63.0182197094	True	
1.61026380058	0.637104612214	7.93236694771	8.85886708632	5.85132989015	5.27936924307	3.05760693771	-2.38363310303	3.0653021678	1.24504496249	2238.88238027	62.3880375123	True	
1.49846689985	0.892597821334	8.24377170998	8.47960784885	5.07899807772	5.27947246359	2.90631295627	-2.40767270352	2.89714443435	1.44548242034	2686.20721637	61.7641571371	True	
1.58143059186	0.847303851704	7.57961027989	8.8901540048	5.66909210825	5.74104706003	2.2535799176	-2.39136628028	3.11098399197	0.795097108473	2420.76081334	61.1465155658	True	
1.75678999535	0.927832837788	7.55318280806	8.15185603977	5.80023044024	5.04510854391	2.22328889645	-2.40578955496	2.83053295616	0.653920369605	2179.60650258	60.5350504101	True	
1.67919316176	1.19226757745	6.92318968923	7.90037187359	6.06454072238	5.01934018543	2.54062150711	-2.41813463528	2.77282186558	0.5722391722	2212.53334178	59.929699906	True	
1.87575597156	0.67287886559	5.96749148872	7.87694874574	5.292208426	4.68006312262	2.60532541098	-2.38025057978	2.68698141147	0.751458985844	2461.32461046	59.3304029069	True	
1.53521337945	0.966990843146	6.70415188084	7.7603858133	5.03226825745	5.43828320593	3.32207647787	-2.4284382919	2.69413469228	0.31390470143	2312.87585509	58.7370988779	True	
1.3475487442	0.754460225986	6.90518030645	7.3981739342	4.29470694265	5.36960253727	2.98930669682	-2.40113214236	2.47758589404	0.631546364502	2105.77629687	58.1497278891	True	
1.33305553176	0.647024929222	6.78412567905	7.53276002072	4.67846088862	5.32948369258	3.2492883376	-2.40464691672	2.52776093604	1.17423863241	2043.7224134	57.5682306102	False	
