Parameter 1	Parameter 2	Parameter 3	Parameter 4	Parameter 5	Parameter 6	Parameter 7	Parameter 8	Parameter 9	Parameter 10	Potential	Temperature	Equilibruim
2.68789179317	8.10605236312	5.66251391862	7.62303042927	0.321915384992	0.35409624328	7.93419095483	-2.70120727887	2.19453734956	0.697619348633	53163.5310969	46650.738021	False	
2.45041835605	3.51335297323	7.10309225576	5.67221745337	1.4406230755	6.86736561602	2.51296919214	-1.51662392835	2.04225932007	0.18011880011	96331.5979047	46650.738021	False	
2.92856523173	6.28909969153	3.53098836713	7.25906003425	0.46211561609	4.67719552568	9.21002055855	-2.9564925164	2.38556719708	2.85266219195	24750.5051603	46650.738021	True	
2.04310613771	0.733905673091	0.435632877042	7.50101173775	1.46181018828	8.52378051313	3.68705005732	-1.13925809717	2.748800911	0.0845342094966	30894.7065856	44318.2011199	False	
2.83797715209	1.08208507657	1.33373662341	2.5342733616	2.08475229099	3.10835933765	7.62019476481	-1.16918278302	0.42285627422	2.15851830206	36050.1849115	44318.2011199	True	
0.384027312105	4.82319161721	3.27093391352	5.79214872618	1.03489141807	5.33586252756	3.60005509317	-2.78962375343	1.24831646831	-0.275080020851	57944.4347319	42102.2910639	True	
1.70964213781	0.358049371974	2.01698926932	2.62463168162	7.93204152287	4.39230955259	2.69547072671	0.232948981954	2.55277782034	2.36021884891	44802.9812908	39997.1765107	True	
0.50006894632	1.71341613861	0.715308841498	7.48139180807	3.68810341843	5.7078706163	3.07152166678	1.17368930808	2.3688846608	1.79779528566	47710.3992578	37997.3176852	True	
2.38287294352	0.664805067442	3.91912532364	5.93709140114	4.23781469333	9.02916825281	8.86900323592	-2.07654875886	1.79983160018	1.71286812418	30740.6433195	36097.4518009	True	
1.07035494359	3.49387459674	1.73222375898	8.83975699335	2.6158236039	8.128353784	1.05118899824	-2.36243778431	3.12633456973	0.277903777158	15358.8428755	34292.5792109	True	
2.40503645733	7.39786584325	2.84754926746	6.50399444373	4.06794311204	8.510050075	4.45490851368	1.09972396617	1.41360893122	1.64096855733	95172.4004967	32577.9502503	True	
1.4099776679	0.418945563325	0.488879593292	4.66262083063	5.90628608139	5.99274744089	0.243358277291	-2.30969853363	2.74040350824	2.248745572	57751.702144	30949.0527378	True	
2.48861783284	8.40668523832	3.4987426375	6.11896041666	1.81236575551	2.15620681205	8.70948385655	-1.07703497194	1.67928118638	3.44085718416	85148.7411798	29401.6001009	True	
1.04350598584	0.490546864661	0.921947727541	7.92457580024	5.59620409823	9.78708815291	5.84942869482	-1.00807038663	4.82535961221	0.0764759980997	44296.3338581	27931.5200959	True	
1.69037424282	1.36068407711	3.43061931306	7.27578192	6.60226125766	6.94264783463	0.0435374682547	-2.94435784015	2.89052275054	-0.94430296701	62929.6091479	26534.9440911	True	
1.50301279625	2.56703905484	3.88425668406	4.27105980776	7.0121184545	8.21045332334	9.54735308846	-2.39430711653	2.19238982799	3.35742808632	37187.939786	25208.1968865	True	
0.197312197138	7.17236680132	3.08146893812	0.939594015024	4.60014410269	8.47032256561	1.19681535145	-2.22204879449	1.44804826659	0.8272304879	65318.8861636	23947.7870422	True	
1.9690502289	7.08886520881	5.6177463594	6.94120564842	8.56155560786	7.68335041633	7.22760262435	-2.61285313295	3.886750926	0.318867194206	44820.9061246	22750.3976901	True	
2.2597496846	0.929660801601	8.60440920705	7.01174883376	2.71442766648	7.84861457268	5.96459381753	-0.61154567708	2.31287493648	-0.526136975256	103597.795884	21612.8778056	True	
2.8937697782	1.59535106778	3.33063266637	3.50687477933	7.73923779675	9.77341132588	5.96439489343	-2.15141393281	3.38475130315	-0.518044136384	29560.0226896	20532.2339153	True	
1.21854082024	3.72079557367	4.43837176925	7.16676679498	5.4558871566	4.09169181954	3.36159534498	-2.76085745218	2.35584052444	0.0910276016623	17392.3184096	19505.6222196	True	
1.19388100138	0.174354973196	0.273394076859	4.46561275056	8.02683708122	4.1786908648	5.17725032241	-1.21026107559	2.66449203811	1.42094459391	47997.2823058	18530.3411086	True	
2.78311677952	1.27653656685	1.26178735161	6.32243329575	5.47672899053	0.850776359982	2.42855815126	-1.67812083614	1.75142242969	0.781020542317	56623.3171609	17603.8240531	True	
1.0256549814	0.288320744244	0.715978070548	8.52820985258	4.96996324163	6.82648016581	0.918926711963	0.0549343308465	2.52626251117	1.79645519715	33225.1825053	16723.6328505	True	
1.58695018622	3.25402685953	1.22471667873	3.59155343864	0.585358457535	6.56005916803	1.1648607047	-1.97561560841	1.48204154237	-0.525727851075	42137.6322437	15887.451208	False	
0.160756574314	0.394517522185	0.347697457752	2.4418780214	6.160987948	6.53278341863	2.38630994812	-0.994710516946	2.92044893863	0.0889399959401	12668.6506365	15887.451208	False	
0.868996879118	1.1273199071	0.445906269748	7.81102134902	2.3483765247	1.99562625348	1.31747106991	-2.13054400099	4.10919149233	-0.190417179516	22205.4863171	15887.451208	True	
1.18054397427	7.17193826167	1.19621062902	6.13135587202	1.78200100511	9.26893908053	6.0065648247	-2.52657780526	4.13858469471	-0.230152324955	24235.2202234	15093.0786476	True	
2.68815560668	8.57715936256	7.80894157415	0.849718418335	1.65016507893	5.54755532731	5.65652598945	-2.45330928496	0.183576314602	-0.282142163232	30054.1075189	14338.4247152	True	
2.63929171265	4.49628051454	7.67889598708	7.97016673281	9.84971006085	7.33661935589	5.27226137806	-2.60181229553	3.9996921961	1.8359920273	17766.6001427	13621.5034794	False	
2.3011548244	1.24746000276	4.23470542002	2.36725606588	1.31904317634	7.27844581787	4.76162105946	-2.40910916721	1.05819900071	2.40195388197	53602.0326578	13621.5034794	True	
0.0296721847658	0.79242677384	5.5553191901	3.99459422609	2.07633985085	9.21110237461	5.93041378519	-2.15168837455	1.23112031888	0.870649748729	37746.2676501	12940.4283055	True	
2.78931756363	7.91135477176	7.65999025547	3.11942861529	2.05774404261	2.39433654302	3.38972169291	-2.74985574341	0.513557509569	2.91568502985	28963.4579551	12293.4068902	True	
2.53536186535	0.738070209919	2.13263341433	6.47123154907	0.51932017654	5.02186568503	0.355908823726	2.55449273166	1.78053223789	-0.369144567388	32834.2366582	11678.7365457	False	
2.70706785324	6.10317994626	1.70795494255	4.52969287549	3.90654346714	4.05661417263	5.68745150838	-2.60204196758	1.32677049658	-0.472224786024	37472.3359153	11678.7365457	True	
2.27786326428	2.38511302653	6.42960141971	1.85392310143	2.43027989299	6.87116788664	1.00782715058	-2.84959507659	0.667461601002	0.354348611833	19358.8316993	11094.7997184	True	
2.01167744394	1.77479543796	1.17296731306	4.20702353643	5.60880638365	8.51090050186	1.82327029869	1.62891919752	1.85570735949	1.13971908808	19378.6544341	10540.0597325	True	
2.22288029392	0.773831749279	2.09531235183	5.9773064816	6.10223206035	5.40176288125	6.13326439042	2.7623826944	2.20066246339	1.13635083318	14210.9141627	10013.0567458	True	
1.15679973265	0.7923361863	1.65530825993	9.59056344403	5.83623897589	5.69211668627	6.5027513123	0.579309563533	3.61935024669	1.43273993224	19173.6717754	9512.40390856	True	
0.726487522729	9.41045653046	6.24869917753	6.89880114167	1.80730383573	4.82108292327	9.05150899224	-2.90904903136	2.12640569707	1.52792576814	22077.6576378	9036.78371313	True	
2.96493021203	3.83129935105	3.24694931538	3.94405087748	5.19844515411	9.12864454633	4.85068234158	-2.27603517883	4.29043130195	-0.571606824075	18050.4793232	8584.94452747	False	
1.18169982895	1.07957634689	6.65861596494	3.2919082197	3.11011474311	8.49947547859	1.79447412824	-2.12756813541	1.17642480745	2.17236194078	27623.230405	8584.94452747	True	
1.94120557755	1.52752163085	1.80300035373	2.40532224668	2.84652621588	3.2895687157	3.86771078507	-2.30497284693	3.32015494703	-0.464523481579	16298.7858269	8155.6973011	True	
2.8496834015	1.01791996567	2.57769550119	3.93059860146	1.71421171592	3.73943519216	1.28212009626	1.00826580326	2.92707828348	-0.251598573417	27423.7444188	7747.91243604	True	
2.52018668491	1.15755974986	1.88667263773	6.5871739251	1.32729338436	4.48184775443	0.595334128347	-1.28271987713	1.85462343018	1.13957915108	14778.9329505	7360.51681424	True	
2.94925826111	2.41978617481	0.843169832462	3.73441179097	2.03077515007	5.43954588334	0.425834440463	-0.184212151315	1.02638402359	1.91391727856	7310.2996064	6992.49097353	False	
2.57764766133	7.69054434294	8.64188879647	8.66991502146	4.75852418949	2.30812200057	8.94508703587	-1.81537672631	2.64076927746	1.44327099522	39812.8774456	6992.49097353	True	
1.87703224178	1.10957095479	0.98017855993	5.2451037626	2.22018777431	7.93404883412	6.62669023041	-0.296798791465	2.10076100382	-0.40947145734	24470.2416072	6642.86642485	True	
0.984825959087	2.64895908763	6.91453364664	5.98706942561	5.05279294938	5.64117324152	7.38299518493	-2.40361543493	1.84024867187	0.500095692738	19694.0058531	6310.72310361	True	
2.7103881419	5.66941295928	6.19507839047	4.01165597978	4.88679680593	7.60521790056	4.50504363669	-2.50230743145	1.90864653385	0.32862166839	15966.2350252	5995.18694843	True	
1.93856096066	2.14547656269	7.4525171261	9.77901468786	6.14386831155	4.79131452848	4.76998560195	-2.60508128378	3.41094694913	3.44352854143	7248.35305249	5695.42760101	False	
2.52373911939	4.49407454842	6.43303382379	8.21435443574	3.51420637827	6.4587397521	0.36638887462	-2.57074659579	2.71914589481	3.06925114876	10845.8429884	5695.42760101	False	
1.30434864775	1.23017644416	0.338856928321	4.92312252338	1.8953378264	4.43207417699	1.63303223303	-0.248573418807	1.82875627128	-0.126163827788	4522.21078085	5695.42760101	True	
0.465689942362	0.625852626936	0.839493489035	3.83654792376	4.82031795362	7.7361022457	2.18636565917	0.443519648035	3.89803426807	-0.293595334363	12113.9669983	5410.65622096	True	
2.65228023633	1.36977857238	1.24215020287	8.69271485999	9.85809514383	4.77200972977	0.951969809378	-1.53774372482	4.28299922325	-0.254516915436	15758.9291699	5140.12340991	True	
0.864328583231	0.688667520643	0.895547414484	3.97250077962	8.73172123681	4.89738371445	8.07522717966	-0.560381979707	3.39645299483	1.53828280513	9761.22209407	4883.11723941	True	
1.63675649631	0.388763607245	1.92118802295	0.582340965211	7.05575981061	4.27576095422	3.63279992094	1.65679379044	2.79603164216	3.67484215689	11315.5918766	4638.96137744	False	
2.13475113904	0.51786480608	9.61162212667	2.7858829557	2.19713161188	5.80332617957	0.669203112233	-2.33030931075	0.71549891357	3.4880051993	7518.46607475	4638.96137744	True	
1.08505287076	3.36408565989	9.54517761312	6.11222642708	1.26027362639	6.1230157023	3.85299074995	-2.32779261309	1.89086216366	2.58484583299	15554.1604151	4407.01330857	True	
1.6800486478	6.30541375133	3.14875130248	5.88652656378	4.49259538608	6.32353558586	3.71212382193	-2.61517889713	1.92227801212	3.38901119068	10516.703869	4186.66264314	False	
2.81790921462	0.200193802639	9.83031684371	7.99934169864	0.708976914698	6.94105193709	1.36025541766	-2.25701550948	3.51713463121	-0.205340072889	15862.0793051	4186.66264314	True	
2.79754528203	0.651634141354	2.48729446695	4.95746687778	8.29810751156	7.35555080894	5.50038264289	1.5663020389	2.98793664344	0.773960152775	27666.6098736	3977.32951099	True	
0.552499338227	0.443191910202	5.24423698861	3.87249584605	9.40377551532	6.7226302312	3.47428547942	-2.40958383857	3.82128506009	1.77658482322	10033.4795527	3778.46303544	True	
1.77048878912	1.67357792196	0.89698867041	6.04376100809	2.23194653209	4.74716600411	2.68768394213	1.59516889291	1.65314088813	1.88046431948	8542.98552568	3589.53988366	True	
1.29655083536	0.857911600624	0.427354410985	9.58082012267	4.86464577887	5.94961546304	5.83696896824	-0.382970137669	3.56038741133	0.0150879233981	11716.9119592	3410.06288948	False	
1.19403185922	0.622264336561	1.39997011776	0.922679864461	9.19966555845	5.17771343276	1.39768601406	-1.54336146951	4.75209107699	-0.502788308147	8681.34701552	3410.06288948	True	
2.56549719995	1.40604349141	2.29665272486	8.3598962223	9.40861239418	2.90527749564	1.14523041976	0.77271838724	3.75299426625	0.595794773325	12500.4988302	3239.55974501	True	
2.50545032685	2.42804490023	0.992136568762	7.34780300069	4.76334339121	5.29418209183	9.56324800036	1.17971543401	2.49194821425	2.30442334543	9522.64473871	3077.58175776	True	
0.997874601151	0.41050104683	1.45385698448	3.46083478927	2.33763347957	3.26616098398	0.453309215741	1.58041088095	0.93311620309	3.22142637257	6290.64565085	2923.70266987	True	
0.758844468114	0.658618629822	1.29738536199	2.59600984361	9.15213352098	7.13414829407	2.56548656015	-1.21257205097	3.49293235723	0.811999847869	14091.146107	2777.51753638	False	
0.224374743561	0.274151571481	0.149826140565	1.51380275443	1.50502016425	5.18486428748	0.373662349846	-2.29399356589	0.576071701771	0.118745922111	9226.48608462	2777.51753638	True	
1.03861610676	1.9668420465	3.2067763771	5.13953142146	7.59452632309	7.16326976917	2.83518759334	-2.42211388001	3.74598739042	-0.50248525904	7557.51647655	2638.64165956	True	
1.64615238124	2.35740467368	5.26490588325	4.22127059583	3.96200308475	5.92133914082	0.730835950559	-2.48307371017	1.48833029668	1.64338130246	4743.08856225	2506.70957658	True	
1.00702109486	1.83954625582	6.61414455454	0.780945938401	1.86135740914	6.37886067774	0.617471758616	-2.31395596567	0.338741062154	3.63617824119	10305.8163353	2381.37409775	True	
1.42904245817	2.2151151071	7.06933746276	5.67148739866	3.04313339861	6.42512340249	9.02314507145	-2.54707187596	1.9011533674	1.29362931674	15346.1574266	2262.30539286	False	
0.755205844703	0.576950607632	0.701818013779	9.78534900619	6.52079490276	4.00054086798	8.01250239632	-1.00933274182	3.4875999771	2.01622610329	6341.80051953	2262.30539286	True	
1.99908438999	2.35047019945	0.161489333065	0.951593467357	3.77554330383	6.84712340407	7.04605318505	-0.459806343432	1.33614353268	2.8241716358	13464.5185318	2149.19012322	True	
2.24945354739	1.475350137	1.98569165404	5.00254363545	4.06901301573	4.46873684809	6.10112349443	-0.851946751657	1.50913925073	3.41903813465	10694.6623404	2041.73061706	True	
2.62341870275	3.42941000249	0.738957478445	8.22132371638	2.43682400791	6.05509873646	6.17480178791	-2.00388340952	2.83809867919	2.77120581105	7918.65778587	1939.64408621	False	
1.81835915851	1.52473157709	0.984403879006	4.95410198094	0.729226610345	4.56304506627	4.19867028224	0.265006357911	1.48057245148	3.65903113549	8127.3150574	1939.64408621	True	
1.68530165862	1.39943939837	0.272791992241	7.33234066504	2.23522113828	4.44156340807	1.33905656532	-0.802528963588	2.41636367935	1.4981272399	7017.79910919	1842.6618819	True	
0.250210093498	0.212219698069	6.02444996604	6.43566542959	4.5370493499	6.51796829259	6.66475208697	-2.36051449051	2.01791276644	1.25648381556	11576.3671706	1750.5287878	True	
2.6369082362	1.57846689325	9.19146065594	7.3441638585	4.3276234499	5.91144826052	2.83903856762	-1.98978421872	2.28097704876	1.78493800895	8631.90096172	1663.00234841	False	
2.83869093007	0.560852859806	9.11583319395	8.72671091887	1.23940594717	5.0991804579	3.88922325698	-2.19405535855	3.00573390975	0.764534864965	6323.79796958	1663.00234841	True	
2.80618505655	1.42482533204	6.13697438269	7.53937823359	4.88763437915	4.85087366186	0.488665196303	-2.32819175902	2.89187895036	0.424039087916	15890.1317563	1579.85223099	True	
2.85983257812	2.30181803852	4.99595668559	6.24640430736	4.94592533079	4.73964861592	2.77376929329	-2.36849603977	2.56953068456	-0.435919469497	5157.54096246	1500.85961944	True	
2.4035824305	0.197252996258	9.08138561122	8.21692437356	7.40779325519	4.07842767095	2.67201792266	-2.35362039394	3.03019223848	0.625209017452	5531.91965216	1425.81663847	False	
2.12212804352	2.80765025057	9.41963353907	5.51753812136	5.13590983602	7.0098752457	4.741847755	-2.46890102569	2.00650092584	1.53960374865	7843.16768884	1425.81663847	True	
2.58714796951	1.77574029563	7.79869136786	5.02564803097	5.25530782569	5.37780208146	0.771209605944	-2.37247108298	2.01580622767	1.24260985763	5108.51841044	1354.52580654	True	
1.70724032563	0.658299157254	9.53779121924	8.28528789455	8.27455867589	3.87373157505	2.89035732114	-2.36029904892	3.18009511584	3.29551130719	9487.12860023	1286.79951622	True	
2.43293773378	1.36429014887	9.14320128708	9.93378570957	9.19380741207	4.23164251963	7.03271497712	-2.37664841017	3.77793628505	1.46469859098	5782.15375746	1222.45954041	True	
2.56954329759	0.487301896869	5.98148783687	9.16164015805	8.03271447853	4.32189949516	8.86267967478	-2.50768310454	3.41798165053	3.02363680109	10090.4153888	1161.33656339	False	
1.04968351846	1.56892485689	6.98851733563	8.08603057543	5.51158947568	7.0700503635	9.32373468774	-2.55560538432	2.87639661832	3.52725739812	10962.0221791	1161.33656339	True	
1.82951619517	0.885377897374	6.07441671178	9.73250552317	4.88354667233	6.09029601209	9.8161936833	-2.43535853211	3.34173136563	2.79287384866	7922.36414934	1103.26973522	False	
1.79020043548	0.348511048469	4.01452650558	7.75189016326	5.33152457211	4.55250404427	7.35923294885	-2.37478363088	2.56257445527	1.71377942064	7777.073876	1103.26973522	True	
1.76224890472	0.305230536762	2.23592880592	9.11107348495	4.92666341007	4.51544577487	3.94373567657	-1.57271169922	3.16246258527	2.18311339994	7087.09057289	1048.10624846	True	
1.24061032971	1.41228626712	0.364280411885	9.13526752068	1.65529274325	5.91497589527	2.75771397318	-0.933468870783	3.18692796544	1.64274098868	4702.78326061	995.700936033	True	
0.834908161481	0.621469630484	0.27092613402	8.66270747593	2.45642110164	5.35735413909	0.333486068467	-1.63324497294	3.01593367425	1.46844018279	4913.8703185	985.743926673	True	
1.68034155794	1.60802889205	0.67783088418	7.07655830367	1.55923922908	5.76355477702	1.2548283467	0.390403883478	2.21393126325	2.57085549288	4713.64431031	975.886487406	True	
0.69513595383	0.527716324469	0.748551125415	9.6684520754	0.88557004535	5.9648725608	2.75717322843	1.30322844203	3.35486109743	1.15259760011	4104.3553453	966.127622532	True	
0.618795995416	0.517060299148	0.771387771743	5.43968449122	1.73540460273	4.42762474136	0.773839221292	1.47467886067	4.71250330972	-0.31058066554	7561.24371579	956.466346307	True	
1.01683547858	1.00143703382	0.345174098377	9.50917402518	2.09091262124	5.16970882227	2.75184089717	-0.0743100147516	3.67506780444	-0.105713118491	4220.67038434	946.901682844	True	
0.959039936939	1.02837670191	0.370042383865	7.01048514983	0.275143136985	6.53686507409	1.99696155674	2.53466013753	2.55347520699	0.0310333927975	4497.75847375	937.432666015	True	
1.19332321167	1.42330311279	0.0581122318163	8.73576438607	1.40206725097	5.39367068346	2.33791947098	1.84101768805	4.16130419077	-0.190801139751	5350.40323711	928.058339355	True	
0.708641223546	0.239476581329	0.767856028937	6.58597278253	4.06532801212	6.75863484997	1.71650002347	2.59259742627	2.18337392262	0.901264996523	5965.4066356	918.777755962	True	
0.480522073617	0.460422310418	0.347752056942	7.25465783478	0.394544292096	5.60589017866	2.24914841065	-0.574979073324	2.95307570555	0.017091735546	5668.65783517	909.589978402	True	
1.8016972854	2.37484045454	2.32491425586	7.65036719162	0.800399046841	4.75437939333	2.0393276114	-2.40965331376	2.64070720263	0.615000355244	6232.21224628	900.494078618	True	
1.66882513834	1.10805832712	4.81568282298	7.03842533798	2.15791876888	4.14670926588	2.20835524996	-2.28727494268	2.15146610024	2.21157363285	4961.41143416	891.489137832	True	
1.66019411867	0.543047483224	3.70957694319	4.21379948253	3.91538160333	4.42431801829	2.31371090761	-2.24987079612	1.47094301344	2.74430487134	5830.19882499	882.574246454	True	
1.44651095957	0.906056218968	2.05750811497	5.42012688026	2.5444660623	4.02252157131	2.02797072277	-2.32730375995	1.56939295338	2.79517234301	4678.54524118	873.748503989	False	
2.71162836606	2.9121190388	3.17793135405	4.27312073965	3.56446474734	4.77668576663	1.10395383403	-2.29658050441	1.35863608007	3.64149550041	3743.99979066	873.748503989	True	
2.57506738083	3.45076000216	2.3220835088	4.83565569721	2.82781615986	5.77507613685	1.74295695428	-2.31952663335	1.35958647084	2.48059907467	4875.40088418	865.011018949	True	
2.42600642684	2.46683888931	1.0154685438	4.72884779588	2.93507629462	4.95925456582	4.94151562907	-1.16119635679	1.31480614705	2.39499010198	6440.56471847	856.36090876	True	
1.1448930668	0.893322331299	0.626522676068	6.23326920184	2.75578655627	6.07151164988	0.520298291098	-0.967699335372	1.9935175166	2.90458465744	4445.3901197	847.797299672	True	
1.16890306452	0.929735365934	0.710661036845	1.67383525911	0.790016598596	4.96415928128	2.46330863042	-0.0656603665671	0.359279343926	1.3806201507	3738.64365388	839.319326675	True	
1.13144839117	0.959697961869	0.510979668872	6.77742120617	2.82738428998	3.97452478986	1.00167264402	0.660946252787	2.20210965457	0.980776567267	4682.16017415	830.926133409	True	
1.92603285579	2.09457800788	0.372258564013	6.93215181226	4.41087247554	4.49123488624	0.0745448649287	0.716152973827	2.33531398615	0.373086254079	4032.59153728	822.616872075	True	
2.64789747427	1.98490387965	1.40348210943	5.96654844075	3.49044168859	2.89447499989	3.74448931777	1.32699951616	1.89100391292	0.248966956065	8926.22677157	814.390703354	True	
2.2421032542	1.45752433714	1.68981885704	7.17337708791	1.15796606067	4.61208488288	2.90998494178	1.73121081047	2.25333805745	0.342036340943	7801.83420086	806.24679632	True	
2.21738656174	2.23943317667	0.544588443522	8.04032805259	2.59792301981	6.16957943456	5.78855033038	2.96654250725	2.72370727143	2.63074264074	5676.55408316	798.184328357	True	
2.43939452164	2.98115323269	0.032132029699	5.10273510448	1.47226384317	5.83078982516	4.64686819097	2.90057736291	1.37919691026	1.0304109325	6603.73459343	790.202485073	True	
2.91611956685	2.3675138534	1.32889448431	4.12075610575	2.15926762762	4.8137090148	0.18300359105	2.10630719259	1.25578798528	0.104020620438	5490.86080578	782.300460223	True	
2.03893571623	1.8050553495	1.18644207593	4.42448632417	1.51103000483	5.42231987864	2.42796808325	0.518641404011	1.22755126882	0.63286376162	5575.38774996	774.477455621	True	
1.198288663	0.927949559114	0.868106101871	0.939582129829	5.19398102212	5.06524806409	2.4786282713	2.70660832667	1.73634919465	1.86357426943	6178.1471965	766.732681064	True	
1.47813824196	0.359330158969	1.73178104581	1.54343410984	3.58638484153	4.47755310495	2.8862642772	1.30455169681	1.21356425934	1.45991628279	7228.6437754	759.065354254	True	
0.342597195934	0.471837017589	0.280343634306	3.01814831009	2.83793314111	5.05022486265	2.97610743793	2.79421789014	1.10987799675	0.965380451313	5699.07074727	751.474700711	True	
1.27548417331	1.32366733862	0.477118866682	7.73755858313	1.42293074341	5.58685864801	2.3529423842	2.15010947079	2.63607579233	0.248518052419	3550.81329195	743.959953704	True	
1.49858264777	1.65386532828	0.282960971325	6.45523890681	1.67732551876	6.1006047557	0.520014357003	1.77075731516	2.1645021715	0.794301331509	5857.24353729	736.520354167	True	
0.806401303219	0.617167008068	0.647431785394	8.15645314766	1.73382146121	5.46511304611	0.734683223479	1.89884727522	2.74736099623	3.49268342328	4328.06518725	729.155150625	True	
1.02197693932	0.335712071287	1.57897629201	9.29495312614	5.77666005941	4.86498177993	1.1127998876	-0.209188759286	3.24233579547	3.16304350274	4209.80125671	721.863599119	True	
1.39979143753	0.479604167742	1.56658138772	9.20277301193	6.03499006473	5.01347091411	0.139440031634	-0.16023739036	3.20828494424	2.41039879613	4265.1169877	714.644963128	True	
2.29144656892	1.13849489154	2.10595047181	8.47726622017	5.25342811453	3.91388221606	1.24303772996	0.0924053846735	2.92156490618	3.41361023906	7242.18709673	707.498513497	False	
2.75720723737	2.78610965286	0.390668010469	7.33301420035	3.60765269021	4.73933688678	2.09063172715	0.983862996079	2.30539265757	3.20426085208	5574.35499892	707.498513497	True	
2.8918972722	3.32272777999	0.636205625308	8.02978099665	5.49614676917	5.2873676009	2.97322891625	-0.928589413079	2.77609606535	1.46992857083	6234.4936814	700.423528362	True	
2.83345691417	2.80520574633	1.69579365649	4.84279620656	2.37216022941	5.3016572057	2.51113250432	-2.08958082623	1.57221022535	0.0265000312711	4909.34201722	693.419293078	True	
2.8203257218	2.45741648662	3.78095158059	9.03040756534	8.43192823094	5.17994622504	1.65851990707	-2.35160277644	4.02827796265	-0.385805001459	5313.29360814	686.485100147	True	
2.71881251904	3.17195331595	5.17699122555	4.93341056883	4.70017099522	5.51624401813	3.23179847662	-2.26476905279	1.82686555181	0.323329838625	5771.7573649	679.620249146	True	
2.78052465411	3.06028789319	2.00832898779	6.26492967835	2.88587607751	5.13902747536	4.24022050354	-2.1646211959	1.98774774291	1.28367913032	4662.48891592	672.824046654	True	
2.5286402744	3.54309602062	1.88516789531	4.98345242707	0.519523983529	5.69871710062	2.89295817179	-2.24191264815	1.3538265421	2.00139564371	5282.71509345	666.095806188	True	
2.82596290315	2.83265895869	2.17690581729	5.62631489641	1.13710105344	4.4847695682	8.01612774667	-2.12769859141	1.62714026737	2.99223572068	5652.09082133	659.434848126	True	
2.48707250795	2.99305635526	3.66926622695	5.44779736413	0.302453784938	5.97665813474	8.7749075138	-2.40854899673	1.54091611629	3.82008137983	6366.1357811	652.840499645	True	
2.27711659429	2.15106222636	4.59552997412	7.19203645888	2.87066202287	4.32761351683	4.18838279873	-2.38357293218	2.21264828993	3.21213095192	5311.03579987	646.312094648	True	
1.82312157119	1.46013770342	5.04062843283	8.47710549743	6.12675711732	5.05069495422	3.21755278112	-2.446664277	2.90478808985	2.55457601827	3090.28270224	639.848973702	True	
1.93049844087	0.527729078452	4.66292252856	9.28883386562	6.25745591968	4.57046823153	2.40554245131	-2.38326225292	3.34773886411	2.10764270658	5596.13599138	633.450483965	False	
1.14786508855	1.00493295584	4.95749260278	9.15139502256	5.10296386783	6.18648940438	0.360192235786	-2.44040225678	3.19100228741	1.70285619552	3419.32324576	633.450483965	True	
1.71017266545	1.92584564249	4.71439325571	9.45872135849	6.27574228628	5.52844803251	1.64159748851	-2.33539162995	3.24849630437	1.59300750292	3634.39023826	627.115979125	True	
2.79501315864	2.42825393827	4.9780542273	9.93897418164	6.08713986662	4.74277020395	1.08552716064	-2.08723316206	3.482950455	3.09883047422	4256.7018228	620.844819334	True	
2.74998641878	2.52121179323	3.70218292278	8.35487720925	9.18455157463	5.16496376177	0.124489281551	-2.39431496031	3.53753785881	3.08893954345	4801.60182462	614.63637114	True	
1.90062762729	1.98354020592	3.22673923146	7.98653302674	6.99117474273	5.40554357449	0.135757558208	-2.3139285818	2.89149578728	1.01865648893	3672.11975911	608.490007429	True	
1.49000659865	0.639549803529	6.95866771809	7.18779276058	7.91007849764	6.45081794849	0.600097764766	-2.36741846125	3.38556062907	-0.211464370262	5372.807197	602.405107355	True	
1.34323992739	0.743903872877	6.35000915504	8.34149648054	6.12791300488	5.82062852974	1.4697787479	-2.34963942624	3.02017924655	0.0888473933088	2940.03100661	596.381056281	True	
1.6202200111	1.82905524573	4.14454416869	6.9923126039	4.46688194515	7.61274537547	0.0199814428331	-2.43451732659	3.45259143386	-0.411552688601	4193.08311431	590.417245718	True	
0.973540516233	0.37777395299	7.44345344702	5.79870192731	5.81920356328	7.02593064232	0.0228976781798	-2.43457466519	3.00564976878	-0.367761315745	5479.14710466	584.513073261	True	
1.39929149079	1.90650251797	3.48412106606	8.32331105982	4.17985810512	6.06844310968	1.77897873634	-2.42027183693	3.73411994709	-0.426116400781	3652.27700653	578.667942529	True	
0.893989982242	1.10449373043	4.39420812482	9.58965869286	4.77056804107	6.64973988907	0.727726665486	-2.4201569665	4.27023235708	-0.54957527541	3919.28494053	572.881263103	True	
1.41447656502	1.79801482706	2.9699230758	9.49469696183	4.06310596758	5.56056942596	2.67664547296	-2.52781145444	3.89477460988	-0.378637067749	4934.62828005	567.152450472	True	
1.20881787864	1.89004994946	3.6675507008	9.75555502693	4.79823939684	6.77187632658	2.36167909762	-2.50322525772	3.89826623418	-0.110687985873	7084.39937529	561.480925968	True	
1.46520994149	1.48912708473	3.11875024875	9.80155972524	7.11018604491	4.75236726503	3.86580633428	-2.30217244025	3.50388011303	1.00349993749	3254.72197421	555.866116708	True	
1.51345359923	1.69251225061	3.22348142946	8.60701558156	7.50973332538	5.45052733812	1.22218265346	-2.38770710371	3.17171589372	0.813294179743	2947.81318033	550.307455541	True	
1.89121969067	1.53156692225	5.45471896655	7.13049220135	3.49556624562	5.47894852211	2.78956326083	-2.36133557985	2.25127088585	3.29188948795	3012.8843735	544.804380985	True	
1.94282760753	1.01385995983	6.08972882985	6.71251718444	4.61104215724	4.51562340523	2.81014256316	-2.36892329046	2.15467582931	2.9360311057	2547.15363812	539.356337176	True	
2.55107361021	2.52980613582	4.55792586103	4.9804946844	3.89094755877	4.17285017898	0.932868215225	-2.39822116477	1.56857093021	2.14522924507	3464.29001542	533.962773804	True	
2.20441892313	0.607967720184	8.38102124262	6.68741489864	4.41874570444	4.28299965702	0.920114207047	-2.3797849726	2.19990770646	2.49417248493	3002.69192789	528.623146066	True	
2.20844703243	2.05968334131	8.66384845144	4.48908038893	2.42304502955	4.76997119279	3.7728508085	-2.35587648841	1.18478811926	2.94515566647	3646.78946304	523.336914605	True	
2.8700460794	1.58490052929	9.76857647883	6.28554696539	3.54498730192	4.83106686725	4.99123491958	-2.21919341355	1.92351532037	3.925741237	3971.73761913	518.103545459	False	
2.59571454689	2.15398739675	6.95705616016	3.83330358207	2.62392264957	4.65480911798	3.14933508354	-2.34377696445	1.09944199599	2.5312600749	3248.91862698	518.103545459	True	
2.47749447591	2.05451482089	4.84382788611	4.3359641908	0.987678483275	4.61630504076	3.84061225991	-2.21492971673	1.05745219128	3.05963387301	3580.79220797	512.922510004	True	
2.40686543259	2.51850714302	3.45038259413	6.06931102455	3.47602362946	5.2707645043	3.19114392203	-2.2623057126	1.88101708177	3.46316657158	3530.98148702	507.793284904	True	
2.69589742898	2.5161746721	4.09532293569	3.87676289743	1.40737961832	4.47383103547	4.49898345777	-2.28656783984	0.963479940918	3.42867328799	3661.07128609	502.715352055	True	
2.00019285121	2.82370758777	4.64261019648	2.96152646337	1.30016670402	5.60818598617	2.56193507393	-2.35779785147	0.636947899228	3.3054172584	4025.1576684	497.688198535	True	
1.67317501895	1.63514309882	6.48623197264	2.58425121637	0.441129582295	4.7123106714	3.36731384939	-2.43327983206	0.387627926796	3.42707864931	3303.60263445	492.711316549	True	
1.71500638644	1.03987364331	8.17454876159	3.33545717573	1.39647048355	5.81006143781	3.53891905055	-2.41391937595	0.755855531729	3.36694510085	3235.17466539	487.784203384	True	
2.03373598515	1.74638257957	5.72861801104	3.92979853435	0.293133987702	5.44411503291	1.98724369716	-2.41569174062	0.902936342015	3.40510171385	3074.75996581	482.90636135	True	
1.61466953494	1.96286000989	7.3849444736	3.85738745204	1.37394926006	5.88736466785	4.344383467	-2.41690140437	0.959574007008	3.58063149262	3571.59554149	478.077297737	True	
1.68404276258	1.25730217076	5.60990702675	3.72803899791	2.3134594401	4.48724250156	5.86017487238	-2.44091435628	0.945654166986	3.50041278813	3967.01708548	473.296524759	True	
1.02879638457	0.683229113867	4.91963085248	6.52183304057	4.19781891926	4.6556950668	5.80420666443	-2.42411820144	2.09039209606	2.96826969646	3844.60975147	468.563559512	True	
0.47958820768	0.19859790229	5.30372160866	7.00567557647	4.06641429743	5.49168632983	6.15862965964	-2.41935235234	2.29453775084	2.4163324659	4874.67755536	463.877923917	False	
0.933287157555	0.635865790967	3.72825555579	6.65727583595	1.66218168416	5.89992774914	6.14440889646	-2.45406559666	2.15341753087	1.23379375706	5366.94103874	463.877923917	True	
1.4936332475	0.275231326977	5.98217245521	8.09510768558	2.88717035141	5.03154147392	7.58041247298	-2.36782815042	2.73614641549	1.96197276375	4732.0918833	459.239144677	True	
1.31323445135	0.667135805372	6.51153558881	7.32133956096	3.25672046994	5.70536563691	6.04336368757	-2.36339515118	2.37313933734	2.14507313878	2822.05429239	454.646753231	True	
1.00425329203	0.148402579775	5.78334206566	7.45810961111	3.3740937886	5.71983145448	4.17662466036	-2.36987542288	2.47677216629	0.852595887618	3204.3156785	450.100285698	True	
0.803557137686	0.0819806757362	7.76768893048	7.36484720045	4.29296656905	5.39816499017	4.88795704069	-2.40641288857	2.40328937308	1.87919301778	3263.82838078	445.599282841	True	
1.29153088435	0.865764390718	5.35832863793	8.10553608154	4.08478693845	5.8782115216	3.44709426584	-2.42429276224	2.69871534027	3.78017598275	2982.54148734	441.143290013	True	
1.3699096152	0.784473630034	4.78712737403	6.44926257273	2.84841143972	5.00453341108	2.8845474765	-2.36463075333	1.93508046541	3.05198123	3191.37490439	436.731857113	True	
1.51742921586	0.941782830796	6.46227212644	7.26198583606	4.02039130921	5.25551947297	4.04125262944	-2.3467354158	2.27619788186	2.59739144973	3425.65979902	432.364538542	True	
1.52923892218	1.35917860736	5.89479553491	8.00724958688	6.05533159407	5.1437261711	3.60988975698	-2.41569073963	2.75393633142	1.9675055807	2282.58509929	428.040893156	True	
2.1387756338	0.879710672271	8.08694612109	6.2666195413	3.97307662373	5.11870826992	3.42989372843	-2.41247497821	2.02936284786	2.20616272033	3093.91151283	423.760484225	True	
1.71623585011	1.03229271915	6.59597055969	6.53753585005	4.2804486724	4.93790602344	3.7553480976	-2.28800334919	2.07968926925	1.22857857544	3284.98600958	419.522879382	True	
1.87694135306	0.87875523865	5.94621959272	7.33886636414	2.83021753964	5.06866461166	0.194863288563	-2.45975241963	2.40330483533	1.60109247689	4012.50169611	415.327650589	True	
1.52090508211	0.222162045998	7.45217177523	7.21477041356	1.81113755767	5.6143204739	3.07437818908	-2.39688367724	2.28934776556	2.0716272885	2912.74359749	411.174374083	True	
2.29352762443	1.95112392533	7.33675606191	5.35762999029	4.2903817006	4.83285378128	3.53656372459	-2.43730586953	1.68448737773	2.28738699671	3794.76884021	407.062630342	True	
2.23230206218	0.0540424160055	9.2351413376	5.42154637559	3.87367242356	4.7039562612	2.30208161739	-2.45676391908	1.77713027791	3.31332949367	4614.42362404	402.992004038	True	
2.73737962368	1.26494812165	9.55741978396	6.83780344561	4.85652084444	4.84527981319	2.71224007313	-2.35099183788	2.24780896725	3.39788895201	3681.17554121	398.962083998	True	
2.3408988703	1.4571107197	7.41908559131	9.39819644779	6.01131503162	4.6382277528	3.04257582103	-2.26645136026	3.24391907487	3.84829521874	3818.96507774	394.972463158	True	
2.27761766226	1.14693363634	7.87104235024	8.84746885472	5.33593670939	5.75209257735	1.46626911441	-2.22426135629	3.03316204823	3.60447530017	4148.89761999	391.022738527	True	
2.02976514397	0.764410559343	8.86584209294	8.12620535875	6.67113416117	4.67868135856	0.673063748804	-2.32463159806	2.89773460252	3.17768083979	2922.2056408	387.112511141	False	
2.13947995833	1.22023362345	6.9020400628	6.9516509025	6.37289106152	4.77411612814	0.170087337359	-2.41476274827	2.50854471499	3.15023155982	3420.93530886	387.112511141	True	
2.65009104307	1.40816473572	9.96017997674	9.87223247689	8.15286832017	4.64185585808	2.19457303085	-2.36022539562	3.62763524258	3.00703352212	3224.33226614	383.24138603	True	
2.21205515891	1.47481330493	8.86183765963	9.40518288283	8.67460774612	5.22688393339	0.696587781299	-2.38946641822	3.62512256929	3.38704781137	3433.29968527	379.40897217	True	
2.75764483964	1.98109215304	9.6685113869	7.59949946524	5.80049096339	5.10697496345	0.884046429954	-2.28532119149	2.62349809744	1.69577056755	3313.82375675	375.614882448	True	
2.41225100361	1.24797780165	9.70892107982	8.60988171926	7.40974378209	4.08263916802	0.05437008236	-2.47322588266	3.13942015115	1.30624635566	4320.66275135	371.858733623	True	
2.25616203775	0.889722649332	9.68533746206	8.74110943079	6.0233021264	4.79044253822	0.765956862217	-2.28629138982	3.07143134505	0.960943713367	3658.17043411	368.140146287	True	
1.90234830659	2.08911028543	8.3512192954	7.59883386342	6.31712111439	5.18793441129	0.451759419615	-2.41036865719	2.66616072071	1.67394821482	3170.9913925	364.458744824	True	
2.03975440076	1.52978768471	9.05220428811	7.63248258514	5.7669192169	5.33444205405	0.691664836758	-2.39873244985	2.67652531901	0.221264291867	2733.11391963	360.814157376	True	
1.67049660352	1.0032011071	5.82080956964	8.88082432477	7.17953952152	5.84245381363	0.705061133761	-2.45487326839	3.32005867291	0.143542924293	3518.02065726	357.206015802	True	
1.9657199058	2.28466416197	7.96531494888	7.95747925744	6.54332558697	5.62327536087	0.117808286833	-2.37546769087	2.836576744	0.302233072439	3882.72401418	353.633955644	True	
2.44923356887	1.62264096504	7.99613065828	6.83526201284	4.93260594932	5.49160343157	0.814854700834	-2.37152672231	2.322003056	0.16936550507	3362.84551768	350.097616088	True	
1.85907615199	1.946291765	6.23783907269	7.84639537093	5.43310328102	6.69093821902	3.59052146996	-2.41663389788	3.35291440639	-0.465953258071	3861.55988552	346.596639927	True	
1.5794503944	1.27687714975	6.28853388999	6.58193470963	5.12790072284	6.87249145878	1.59324883882	-2.35218324028	3.15661834231	-0.5073313337	3991.7484496	343.130673528	True	
2.18021995973	2.18671731153	4.5577200414	7.62990508096	4.22007770929	6.2511499736	0.697653878576	-2.42532558919	3.05366686369	-0.328315264591	3452.03767046	339.699366792	True	
1.34244273859	1.02051323946	6.09322547382	7.33105274819	5.02830868303	8.32393539789	0.438031199091	-2.43010972666	4.04727459164	-0.550202572163	3732.47852914	336.302373124	True	
1.30884601524	1.33878849473	5.85562348681	8.7818347364	5.49526650367	7.86633129897	0.300711363638	-2.43207084785	3.95840124215	-0.556458388117	4083.7741318	332.939349393	True	
1.66041618893	1.61365206613	7.05584765162	9.52080756927	7.14165401853	7.42609163333	1.9469622719	-2.44996473271	4.91354238224	-0.542534385943	3812.29689315	329.609955899	True	
2.14661755529	1.85247132486	7.44051288469	8.91726751264	6.87789409591	6.88100156395	0.614555796624	-2.44963611552	4.23507426042	-0.506956005128	2676.98648918	326.31385634	True	
1.75832240478	1.21608936357	5.82531993968	9.00061670886	5.60500307391	7.10071905388	2.19990269526	-2.42699326578	4.24997587749	-0.487877087099	3847.93510067	323.050717777	True	
1.60960276276	1.89189141812	8.13758910195	8.38766746933	5.38444008356	8.82526775455	1.98563520964	-2.45003173498	4.73002819982	-0.525320943912	3248.60716106	319.820210599	True	
1.97850700709	1.80833613225	7.55685897704	6.67744247421	4.77428363389	7.87487852702	2.3553636216	-2.39191900364	3.70651090728	-0.511223550085	3454.95887089	316.622008493	True	
1.80462631316	0.987544704263	8.0064191645	7.50113564029	5.42472420801	6.73780314628	0.531523155585	-2.4732785216	3.33371901744	-0.467773870943	2674.46964514	313.455788408	True	
1.20176600269	1.33016320976	5.01935708287	8.40859339766	3.9064554308	7.22746455453	0.829113193517	-2.41132659834	3.97772042189	-0.48603084033	2945.67453047	310.321230524	True	
1.67311876363	2.09728652485	3.51898334509	9.67776379737	5.20714206334	5.75978811021	0.929123529347	-2.37040609242	3.78456136513	-0.316537376387	3193.45168088	307.218018219	True	
1.60459325786	1.95430253383	2.4069720158	9.80784792388	5.14638973071	5.84758677755	1.23642235432	-2.34827487912	3.74003963082	-0.23446300508	3166.28727094	304.145838037	True	
2.01438201335	2.20979968177	2.91766015655	9.99130549852	3.45757641017	6.70590968738	2.06446286441	-2.44661182397	4.23099578392	-0.411055877834	4048.57523505	301.104379656	True	
2.17716866874	2.28147933917	5.87282671293	9.75869544141	5.22794015595	7.27879227153	1.3389968876	-2.39407437302	4.36614769065	-0.467477875506	3609.772403	298.09333586	True	
1.27276864826	0.967117711605	6.97134483768	9.57993040758	5.25303974118	6.95663035674	0.887333044775	-2.4498856263	4.10930290576	-0.468605334225	2660.64353323	295.112402501	True	
1.55521942742	1.46554040452	7.13060386456	9.96062392762	6.69435967609	8.47167158457	1.34037302278	-2.51928640661	4.97064441306	-0.49573322363	3853.68863085	292.161278476	True	
1.79725408236	1.53414749542	7.57808286108	9.86171899085	6.76061398647	7.40043313303	0.38690834502	-2.44859588288	4.60425854572	-0.476615865963	2572.00752488	289.239665691	True	
1.87083521338	2.17636405311	9.23209015507	9.10236142206	7.70287284879	6.40171336704	0.862170744164	-2.4192784049	4.09267126015	-0.448392597318	4166.65039471	286.347269034	True	
1.93339562411	1.4904097314	8.18631890876	8.29066342897	4.83277028294	7.70080149199	1.52497651574	-2.41979287216	4.14981638013	-0.556290782922	3081.67453811	283.483796344	True	
1.28639377792	1.07488272029	9.52173256199	7.899831362	6.39162036134	8.75604257054	1.15110618273	-2.43284870663	4.14910844048	-0.469798098484	3829.92324425	280.648958381	True	
1.62728241897	1.05618619538	9.00178162809	8.38811550755	5.18830605001	8.36172191669	2.53350385572	-2.47366981899	4.56757724662	-0.548263847263	3500.71522034	277.842468797	True	
1.17902891392	0.0742373288408	7.96386070452	7.89311556715	4.39538390386	5.68295768732	2.49561222134	-2.38142737785	2.84231055391	-0.147766464117	2696.91015363	275.064044109	True	
1.16724682025	0.11788066796	7.0527459524	7.4944134313	2.91668939794	5.5850675402	3.15981736843	-2.37020340285	2.45348456566	0.689787775753	2480.21730042	272.313403668	True	
1.34004888604	0.809130413897	6.28230181268	5.46345636082	3.81850293106	5.1900309458	0.695655590555	-2.41209627017	1.73634274439	2.07010145612	2456.11672443	269.590269631	True	
1.42129977728	1.04255831151	7.43758965825	6.2082223232	3.37717077835	4.71788765793	1.63281385246	-2.42426801419	1.90295524968	1.73222337938	3207.81263695	266.894366935	False	
1.84952061507	1.3943415637	5.76554615227	5.93067513288	3.41470601054	4.98363230073	3.26303658788	-2.41119442753	1.83271477003	1.11929051732	2256.70979812	266.894366935	True	
1.88096818299	0.358597831588	6.857924514	6.60112278168	3.41499302193	4.92101202137	3.20160527613	-2.37212296969	2.12099438692	1.56946550847	2558.09912919	264.225423265	True	
1.54808125657	1.35876135764	6.10917032804	6.53918131042	3.66217162595	5.19342196093	3.26665370152	-2.39905747412	2.04988862827	1.23232329508	2198.51576274	261.583169033	True	
1.31730525313	1.23636304973	4.89238053333	5.65007286748	2.63206477271	5.2178219829	3.27317555248	-2.3405234955	1.66427302802	0.876673940079	2625.54700082	258.967337342	True	
2.06834910283	1.24453693761	5.68254658776	6.16705316872	2.32933919528	4.89868970794	3.7524642193	-2.33201368276	1.84383858149	1.24541909903	2996.53019384	256.377663969	False	
1.6239199196	1.43668491033	5.98704518094	5.75941097734	2.85779214461	5.19665058459	4.83247479709	-2.34119728485	1.71427156616	1.404991291	2633.4008811	256.377663969	True	
1.1594447543	1.34397860753	6.64517336902	8.50421748319	4.0490599441	5.65723072476	4.27858268245	-2.39733384521	2.86390135152	1.48460049314	3318.35882767	253.813887329	True	
1.45362900568	1.4426522582	7.21717801575	9.58325408393	5.92712730789	5.32030554693	1.48046544443	-2.55397836307	3.36197763961	2.24477334557	4660.61293448	251.275748456	True	
1.80625520357	0.922716515829	6.87518022263	9.24132425326	5.85518901582	5.365531997	0.944982317815	-2.35282799994	3.23104109808	2.63320356494	2516.87364906	248.762990972	True	
1.28287692415	0.949915761655	5.24732819014	9.88929981202	6.74504724874	5.5336204434	0.0395126687632	-2.3533413436	3.51288081081	3.43214457395	2749.8787426	246.275361062	True	
1.23013363431	0.426499180424	5.04439370524	9.83291495987	7.39992649345	4.91850959908	0.379129012693	-2.38366208752	3.48593397961	3.06178718594	2951.66715768	243.812607451	True	
0.980226555669	1.24658804515	4.73052584973	9.91926463799	8.97325781045	5.41127889644	0.310623071817	-2.35860485322	3.7837262409	3.13969691916	4361.37873354	241.374481377	True	
1.17458167869	1.10501846597	4.70519893726	9.5311156222	6.08122893222	4.83560621145	0.0182287037049	-2.40484373465	3.32826934558	2.41642875075	2967.0793212	238.960736563	True	
1.19951403936	1.66839848027	4.90634523339	8.3180048578	6.59551808421	5.83255746155	0.0803857725408	-2.44740806155	2.91846538526	2.83238027278	3468.44922255	236.571129197	True	
1.52441151123	0.857228080252	7.15531100439	9.077025505	6.72872156136	5.57868820401	1.39530142451	-2.36690210754	3.18327072427	2.85992946624	2599.73874617	234.205417905	True	
1.40271817727	0.158493667279	6.1506197496	9.18919427033	5.02484133295	4.85792746701	1.01329218078	-2.39867128396	3.1955085853	2.41191726031	2651.55329819	231.863363726	True	
1.20409373419	0.353012593888	6.18511779197	7.4554064198	4.6289166523	4.76853288753	2.44866533557	-2.35241519681	2.46820055593	2.57943589461	2737.77001681	229.544730089	True	
1.32698677162	0.424290742837	5.69305992095	8.53440661327	5.41826525643	4.83634477763	1.72248641997	-2.4051891382	2.9130950689	2.50686298758	2289.28838107	227.249282788	False	
1.26933762262	1.07143395302	4.94599109083	9.4294721041	4.01868576214	5.09382314304	0.674484480522	-2.39301247874	3.28373407789	2.64520973865	3395.11236422	227.249282788	True	
1.43207731747	1.33010740018	5.46476181813	7.918165309	3.29656778378	5.2656615264	0.793181249817	-2.40414669575	2.61366254441	3.41570310338	2827.47901578	224.97678996	True	
1.30956929717	0.464650505395	5.97690401503	5.95627847599	3.69649569895	5.32609356622	1.86126037673	-2.4357974367	1.8283428938	3.91126803316	2817.92955131	222.727022061	True	
1.3135619089	1.25974283723	4.92433349052	5.98298379487	3.64076897378	5.19620698322	1.46626472985	-2.42843631098	1.8761007838	3.86436427235	2328.33514563	220.49975184	True	
1.22404505053	1.08240260864	5.26928871425	6.6580926187	3.80363752767	5.12913752143	1.9166118715	-2.3330997716	2.17498707623	3.44979975929	3431.02830569	218.294754322	True	
1.75398091911	1.81055680437	5.30251923133	5.92143411195	3.99631216202	5.05798798736	1.30043469517	-2.40338371339	1.88677554864	3.6293935925	2406.54181671	216.111806778	True	
1.36927831106	1.55037215108	4.18188574176	7.25554628489	2.79135264311	4.9629512147	1.89751595163	-2.39008026459	2.26396355499	2.67416320269	3591.30697482	213.950688711	True	
1.76167152705	1.70049740716	3.58619669428	6.51454105086	3.56433656728	4.74102288472	0.230627532011	-2.39573666628	2.03706447169	2.34621240134	2887.30713691	211.811181824	True	
1.15257948454	0.590589772283	4.17918826061	7.15679749143	4.88186247802	4.90538688607	2.07521321621	-2.36872773625	2.39758286352	2.92796755122	2898.74180389	209.693070005	True	
1.36417078262	1.40899721181	4.97592902412	7.83900207046	4.99696200981	5.46936021413	2.73756906275	-2.3655841531	2.63336429338	1.38943507207	2376.15136143	207.596139305	True	
1.34149490803	0.630548979382	5.85873728232	7.47598450356	4.11072044239	5.20578463578	2.02953379742	-2.38683332489	2.46573917513	1.6165098206	2121.31873257	205.520177912	True	
1.37646404643	1.29656082978	5.18803585713	7.45852502623	4.63305970143	5.33071265523	1.86320609608	-2.43338162682	2.45067805135	1.59191751071	2344.05836359	203.464976133	True	
1.67556690657	1.01765018218	5.95843206119	6.98260338536	5.06599263931	4.7728096947	2.24292566181	-2.36077040913	2.35182321012	1.53374841115	2273.9249147	201.430326372	True	
1.29864498026	1.01780017287	4.71220432683	7.54589398745	3.96518990815	5.24731646826	2.60827891755	-2.40619688639	2.42457206407	1.68169921524	2847.61266831	199.416023108	True	
1.22046739109	0.881592450772	6.54562527496	6.60698324542	3.90328326778	5.69169552877	3.81932259075	-2.42475562951	2.09681142108	1.51365107055	2436.0656994	197.421862877	True	
1.7152125177	0.328429870885	8.13520721029	8.6270051272	4.79095429113	5.66962981493	3.26647232168	-2.40974407012	2.97113728524	2.36241277946	2714.78904374	195.447644248	True	
1.70226972057	0.625110220813	7.47513953435	9.59561139133	4.93409478242	5.84414811337	3.76646583092	-2.35678914596	3.36761084357	3.91571976379	2906.36511085	193.493167806	True	
1.89059495319	1.8896687016	6.10615942348	8.19217172654	7.57390590228	5.46940343912	4.69478219876	-2.44141007285	3.06612884653	3.27707378003	3558.00849352	191.558236128	True	
1.82228373747	2.15523088652	4.16583003162	8.68213541848	6.44074266416	5.28221950477	4.19853155734	-2.36972258362	3.04678141041	3.18485897315	2859.12044184	189.642653766	True	
1.87095134213	1.94956748302	3.32071093238	8.27581727047	6.08036187234	4.76086038284	1.7237936458	-2.36822532912	2.82774959903	3.09622718485	2805.02050659	187.746227229	True	
1.56700150634	1.97676943071	3.14843271949	8.24396298345	5.13637172112	4.93565187098	1.18909525068	-2.34302681978	2.79328137068	3.55667141244	2881.99406661	185.868764956	True	
1.54641525254	1.32844476275	3.12829197667	7.51528716871	5.73370527179	4.93176717503	1.76866482815	-2.38823217528	2.56351812012	3.7224555985	2908.06680368	184.010077307	True	
1.46416823598	1.10215652466	4.55917383143	6.45922701063	4.01151272116	4.61111664116	0.905272184822	-2.35423838421	2.01770672419	3.24082536585	2730.5220317	182.169976534	True	
1.74468706167	1.41658921538	4.94118792721	5.78362730069	3.22914623629	5.14321024116	0.523687798854	-2.35798299616	1.77146406918	3.47326628556	2505.92797799	180.348276768	True	
2.01846355887	1.83273212793	5.74038103757	4.35203169692	2.94946724008	4.91650421844	0.788423534861	-2.42031216461	1.24895420879	2.9957746018	2596.5685162	178.544794001	True	
1.97792638089	0.635593335126	5.88636109941	4.76774472689	2.46825310806	4.4700535559	1.55601451267	-2.36706404753	1.33751322355	3.42664729456	2674.72834233	176.759346061	False	
1.89215117082	1.36345475766	7.06402143888	4.89107519822	3.27683708224	5.28351785606	2.73151994708	-2.39992934604	1.47145375099	3.95722651148	2487.47725578	176.759346061	True	
2.12588256027	0.579806487356	7.38393065249	4.73362569872	2.26435969522	4.67142024164	2.37477916501	-2.34024755485	1.31653347713	3.07760068816	2523.89787469	174.9917526	True	
2.00739303824	0.100278193828	8.31931086931	3.54395280799	1.27562747461	4.38220104241	1.95049525425	-2.39664475329	0.852356954432	3.55723293413	2691.62665724	173.241835074	True	
1.6532604092	1.05274267113	8.34940085832	4.11442023849	2.29652214391	5.29468073841	1.42095707288	-2.36216660994	1.10550961324	3.63303790842	2490.82525492	171.509416723	True	
1.44209665302	0.650752254878	7.38654761432	4.41591308899	1.67266755301	5.27581075572	2.94536517975	-2.44757990416	1.18319047335	3.92830648207	2280.16685167	169.794322556	True	
1.66139949277	0.769452489983	6.10211530209	5.00211607036	2.47813311417	5.06092699604	2.00428366664	-2.39815308313	1.44052243024	3.39645389466	2193.9385406	168.096379331	True	
1.89533449207	0.052673069115	8.34406571903	5.41384542394	2.55200528547	4.55058583196	2.16698604107	-2.41202578534	1.58321140077	3.50483608007	2574.07094762	166.415415537	True	
1.57541015696	1.15330522203	8.84866800559	5.89794539746	3.28465769198	4.83852761943	3.26723237769	-2.40183322867	1.79230708785	3.45194954207	2977.69707669	164.751261382	True	
1.78121251403	1.53564257969	9.31746348588	5.75569641313	4.29256784101	5.25801075054	2.7298647457	-2.39817468914	1.86018877585	3.68249917673	2551.47624725	163.103748768	True	
1.57904466185	0.501286216827	9.87939202281	6.17533932225	4.17656987923	5.3276284977	2.86138054946	-2.37010552255	2.00508450391	3.45272727057	2568.26329011	161.47271128	True	
1.89399684458	1.36413790418	9.79061725809	5.93405567958	4.46035211706	4.9336220565	1.5249505049	-2.34575693819	1.91041560638	3.50263138638	2725.51698055	159.857984168	True	
1.53390304121	0.901314178299	9.49245051403	7.11715814719	4.57514914283	5.58408750297	1.36541101055	-2.4364957531	2.34933933988	3.20091085764	2598.21941294	158.259404326	True	
1.52104131819	0.881638772917	9.23485498829	6.72835365023	4.51951619849	5.33793607366	0.888889571387	-2.40372603475	2.17989876433	3.64909355131	2420.44275482	156.676810283	True	
0.878807179117	0.155383440316	9.54614087224	7.48619638826	4.08208235759	5.77414572354	1.90553753864	-2.43944297867	2.49927672842	3.61068098681	3221.72938833	155.11004218	True	
1.32198532267	0.188479303803	9.77414403798	7.03281365283	4.31153553388	5.42440590804	2.51156228819	-2.4025735803	2.29511747005	2.386815967	2283.89257315	153.558941758	True	
1.07311490051	0.82275794456	9.64591935627	6.77925144779	4.4703110475	5.58200039791	2.65646375182	-2.42547667452	2.21784792755	2.74183984604	2790.8101226	152.02335234	False	
1.5440242534	0.259625732826	9.68468074432	6.93750829215	5.10476224253	4.95085642438	1.84682826349	-2.47539437615	2.38335951125	2.58010255028	3094.38125494	152.02335234	True	
1.567374245	0.570593228825	9.53456401612	6.04646075236	4.44443640835	4.77910942852	1.11406799475	-2.44997717891	1.9815986701	3.04582268034	2643.14924207	150.503118817	True	
1.11233826271	0.165573399857	8.48557546962	7.18789881048	4.06028332108	5.283087421	0.0317691997213	-2.47725214593	2.34141700503	2.69072015	3059.3532252	148.998087629	True	
0.872646739338	0.184071101502	9.50382686397	6.94858141546	3.6929391251	5.7829781033	1.64519609945	-2.43002814752	2.2610262703	3.28514407791	3108.08445741	147.508106753	True	
1.07670886144	0.503675778349	8.97174954291	6.73884935637	4.41122638918	5.66190476412	1.67625654345	-2.40089285085	2.23487873849	3.90905142464	2854.72122415	146.033025685	True	
1.3709845785	0.0605208723404	9.51954920445	7.42949209191	4.84328591423	5.15341307526	0.149801333752	-2.43001155737	2.46401151875	3.10984152382	2504.05979521	144.572695428	True	
1.53436544286	0.551613735533	8.67206264346	7.28321846685	5.82037063981	5.06983711136	1.0482939258	-2.42014370104	2.50954867198	3.2441720315	2631.02492605	143.126968474	True	
1.43909542346	0.588096887333	8.57598384713	7.49672093118	5.5171180917	5.04049236236	1.48906821145	-2.40056589815	2.5488752486	2.9962370328	2270.35308656	141.695698789	True	
1.47183747934	1.08617778011	9.35434410565	6.75506634856	4.79894197908	5.52902990251	2.5586021318	-2.45405975375	2.21979778812	2.3126008536	2725.86373285	140.278741801	True	
1.9678940316	1.03034648178	9.024989025	5.98647953606	4.51585049625	4.9652245512	2.06774404829	-2.35230856373	1.93622457515	2.47667685467	2677.04751488	138.875954383	True	
2.21609969042	1.37535927052	9.23729501256	6.22495780017	4.40457615779	5.00785621205	2.02998079841	-2.37020901101	1.99376928987	2.68942962592	2688.18142809	137.487194839	True	
2.4745775322	1.92150479428	9.42434041882	7.136214558	5.13843992796	4.85771273762	2.88871113808	-2.3652787906	2.3629264568	2.18633486345	3148.29111081	136.112322891	True	
2.33859744993	1.36013366576	9.27676098206	5.98032517197	4.32074557989	4.47650998517	4.07268812063	-2.33810623652	1.94297590925	2.83788911036	3124.87814847	134.751199662	True	
2.03814767823	0.965385261856	9.28002753049	5.09387971137	2.87819481098	4.80699589132	5.23962558497	-2.36785952799	1.51351200591	2.73603002279	3075.51941281	133.403687666	True	
1.87786428738	1.19998494575	8.25745545637	6.26965852752	3.37128299044	5.38341416646	5.10933803169	-2.38481844217	1.95576715981	3.01489311284	2829.4471349	132.069650789	True	
1.71710756238	0.465370125184	7.94996249938	7.35315838843	2.93848820256	5.89702087797	4.7693206339	-2.38696775677	2.43510128577	2.75114161762	3261.31782058	130.748954281	True	
1.34341611706	0.126822855759	7.51267597015	7.02489430433	2.95642035632	5.30702698624	4.14214947227	-2.4200786507	2.26814088145	3.21466609676	2300.5116111	129.441464738	True	
1.23974054309	0.85674237301	6.23218884349	6.50875254538	2.11588490505	5.87001791712	5.46584501739	-2.41479200679	2.00729452463	2.84909189627	2698.06843875	128.147050091	True	
1.16774066327	0.83086060657	5.14752276725	7.77515125943	3.58964042425	5.17011907478	4.00830233213	-2.40515319603	2.53346471396	2.98047414492	2618.58354906	126.86557959	True	
1.14147668236	0.884821676361	6.15270613691	7.76392399534	3.27934736106	5.47466267731	4.70420622283	-2.42779697318	2.5745274817	2.71062375889	2588.19927921	125.596923794	True	
1.11624685409	0.849736215836	6.00578545721	7.69468115001	4.09215002338	5.45673949963	4.21000117592	-2.37984400409	2.51425308324	2.20924719898	2412.52813245	124.340954556	False	
1.24915102789	0.529784110995	5.99950413817	7.61479067869	4.74614279723	5.04649159848	3.64657478623	-2.39405609188	2.51384783264	1.81472816826	2196.77814172	124.340954556	True	
1.31203268928	1.15118753785	5.61350364448	7.79998412429	4.0509344163	5.63604776294	3.9068072388	-2.35800394749	2.61610764188	2.3931999819	2641.73607823	123.09754501	True	
1.33169388437	1.12854221564	5.01347496211	8.12545428748	5.16855637585	5.12504362252	2.75342388002	-2.40191304333	2.76655016362	2.43380786948	2169.3747241	121.86656956	True	
0.944981207466	0.429898024818	3.72726951378	8.67536281955	4.87579739717	5.19954093846	3.2857893057	-2.43198650775	2.96466144838	2.8365984046	3342.26681439	120.647903865	True	
1.23926056853	1.59849495681	3.0954715437	8.73767029191	6.53416964423	4.45247875085	2.41267556883	-2.35870218232	3.045006604	3.32507142206	3337.96143589	119.441424826	True	
1.88984983381	1.95464932359	4.7459850291	8.22455579068	5.81599982387	5.19713999494	2.73837371626	-2.3629738961	2.82023395658	3.67677764298	2434.59605312	118.247010578	True	
1.68838571408	1.526113649	4.89452522938	8.25863013202	5.95900811215	5.03576609983	3.35080401122	-2.36796073105	2.85721401668	3.66540162785	2251.14652708	117.064540472	True	
1.50216702369	0.969622226222	5.76658916434	8.29304331774	5.37230790794	5.1925345589	2.66919608125	-2.42003689866	2.79178581931	3.83360524336	2324.55129371	115.893895067	True	
1.51730870844	0.971395415415	4.85808259389	7.0843390951	5.19436497158	4.5213258283	2.56088281119	-2.40972687457	2.38493992569	3.66604114025	2603.22868266	114.734956117	True	
1.3381528703	0.955649042119	5.56972472999	7.3277642836	3.87754653703	4.99986434079	2.55724529302	-2.37137425587	2.37151096355	2.91431512282	2211.182985	113.587606556	True	
1.2715514503	0.625998625032	5.90523415877	6.33326502261	3.79994403463	5.10057912067	2.70950210117	-2.3713898563	2.01245709101	3.51772411385	2208.54096508	112.45173049	True	
1.43692451495	0.646922826144	5.78629001823	6.22964610379	3.37114437039	4.91906294193	2.07482461771	-2.4423338197	1.90833678886	2.95914085687	2448.74274935	111.327213185	True	
1.60326028361	0.763772479095	6.95524234333	5.47015320208	3.06765502491	5.15386108182	2.11610630832	-2.40918529452	1.64073562563	2.54546967356	2088.00169708	110.213941053	True	
1.41188252982	0.29729096133	7.158247106	5.16874343871	2.29020498473	5.12634242161	2.46914668973	-2.39767647421	1.49015660429	2.01281994981	2013.93143332	109.111801643	True	
1.58985369354	0.197559779327	7.98630024037	4.36579847086	1.01561897949	5.14980025891	3.60135514892	-2.35879163123	1.14396366473	2.60259082212	2394.9988921	108.020683626	True	
1.5792580635	0.530776314771	7.19841072694	3.98748549288	1.41077761398	4.87550490323	3.52301195061	-2.39841478844	0.998787655933	2.29581490045	2124.5584704	106.94047679	True	
1.58899434999	0.601828565216	6.81752310112	4.68166662487	2.06132636467	4.63037765899	3.07737706688	-2.42036242607	1.25338115689	2.69179357068	2434.67234835	105.871072022	True	
1.44035687061	1.29531895771	6.55785099744	4.61963565009	2.56276531461	5.18482022663	3.24761597743	-2.37097176994	1.30871213665	2.82541013395	2500.35483267	104.812361302	True	
1.48301335253	0.463065706773	5.59474902165	5.80965420432	3.72265300465	4.62411215123	2.73211408248	-2.39295555612	1.7991217123	3.75600989646	2556.8007994	103.764237689	True	
1.43830555605	0.905830307291	7.25395646159	6.00216396559	3.05334690611	5.39507569589	3.12107428339	-2.37791243217	1.83159020554	3.41720422317	2246.6070827	102.726595312	False	
1.51947802416	0.357725918787	7.65525751051	5.87509613376	2.1396065426	5.30251386268	3.15828011078	-2.36384402436	1.73885249508	3.45484879479	2319.97938548	102.726595312	True	
1.54724681409	0.323246782176	7.66941701407	4.51112671167	1.26755677013	5.24810161219	2.80684805583	-2.39145585196	1.19122386124	2.83277266917	2098.19404128	101.699329359	True	
1.53516217329	0.99954977912	7.31836570483	5.0754515787	2.12194372146	5.6754360484	2.85563051211	-2.38790591968	1.43560333335	2.58459282632	2351.636834	100.682336065	True	
1.58828346533	1.1195517756	8.24260790304	4.60756160632	2.51998136578	5.1075445972	3.38823624301	-2.38943675605	1.26430254608	2.55655013511	2482.62680112	99.6755127046	True	
1.45595739315	0.256369538827	7.98835835899	4.66819420141	2.34310828772	5.07214936254	2.34102540117	-2.39082532252	1.30222773079	2.41471126088	2187.86614481	98.6787575776	True	
1.59496311943	0.0883894127801	8.03135900143	5.21341215006	1.81216039382	5.05810864354	2.06475005143	-2.38028420325	1.49294029316	2.35388842631	2233.77972944	97.6919700018	True	
1.4796407626	0.4230649175	7.23627756183	4.59580129233	1.67484694064	5.00120350503	2.98663587503	-2.40860226052	1.25422450768	1.7168524984	2100.43929716	96.7150503018	True	
1.27119316427	0.338617038011	6.02228489596	5.25132485596	1.31263053199	5.14352297439	3.23766715899	-2.37399615251	1.4762782941	2.0595022537	2301.62841128	95.7478997988	True	
0.99686210955	0.29926598292	6.37601269854	5.30626175957	1.75848527507	5.53343820377	3.29851060928	-2.38980922744	1.53365998963	1.82789913441	2331.46509431	94.7904208008	True	
1.28195826658	1.05620003028	6.22320932007	4.57135369493	1.50062200664	5.47716200103	2.74875567436	-2.39000258393	1.25649723479	1.76197580239	2424.18017203	93.8425165928	True	
1.46211111959	0.754733571946	6.28169719183	5.10046086385	1.69362619642	5.10463510573	3.01850208361	-2.40572480972	1.446042686	1.84155048453	2066.02552441	92.9040914268	True	
1.42550416378	0.492541671561	6.81232060345	4.98837889689	1.57502460336	5.13507834156	2.73622851478	-2.41219260492	1.39983267697	1.69640507193	2068.26281687	91.9750505126	True	
1.77620190756	0.846241733334	7.27650328501	4.37146706695	1.77803023578	4.79843235651	3.11537289758	-2.42151677148	1.15252271928	1.44046652165	2322.72378917	91.0553000074	True	
1.88686808692	1.52419579875	6.96046933192	2.92230978127	1.4447749802	5.13155489772	3.37029858112	-2.37971478894	0.648035893935	1.49658408441	2437.1427839	90.1447470074	True	
1.8291648944	1.30050030103	6.87689401397	2.97523538055	0.925503121251	5.16687696241	2.70999140734	-2.41042624673	0.631532812545	2.43608282869	2263.34228566	89.2432995373	True	
1.76715702521	0.321907362579	7.50970992579	3.96467479013	0.95099618527	4.99943798872	3.38779556416	-2.38834074588	0.963047876489	2.33515382743	2223.30954301	88.3508665419	True	
1.74706945645	0.559886227125	8.74932444503	3.97985100503	1.68446187068	5.07531830852	2.80015102153	-2.37907573412	1.02290231521	1.6677609574	2273.16373709	87.4673578765	True	
1.72482943075	0.912899723458	7.94281027845	4.03021027474	2.04916827871	4.99619592997	3.09195091963	-2.40143103173	1.08042069085	1.75728713861	2284.93830204	86.5926842977	True	
1.72768137992	0.641403938323	7.3853373164	3.64539451499	0.948282401312	5.27366233906	3.04949380495	-2.39164745384	0.843893207697	1.28544626099	2241.91187254	85.7267574548	True	
1.68403577269	0.578226418481	7.28026966082	3.99786538955	0.813821372882	4.95459039214	2.72901143766	-2.39199323149	1.00184016147	0.77792162868	2206.99011498	84.8694898802	False	
1.44345309512	0.701844461051	7.17892698545	3.61077891332	0.475521421598	5.44073933264	1.88126550173	-2.38121574485	0.78765644162	0.692271596982	2486.41639188	84.8694898802	True	
1.47720048468	0.71782565446	6.7792234603	3.61780623425	1.12634335175	5.16816157885	3.08096762052	-2.368195286	0.89896296677	0.535556545237	2228.56641688	84.0207949814	True	
1.44642105003	0.65973126513	6.28007832778	3.33060657395	1.16610439101	4.96878941945	3.07399143513	-2.38866776019	0.73594003637	0.786309000827	2393.50841907	83.1805870316	True	
1.38400241492	0.96610166283	5.93783121121	3.76260303802	0.349472677033	5.27390855666	2.92573443875	-2.46302795898	0.89740015551	0.346122543029	2564.92246997	82.3487811613	True	
1.23357720474	0.835650698334	6.03078331706	4.08414836346	0.528445034019	5.54239689077	2.64269615123	-2.38347446926	1.05307854368	0.330847452342	2220.21542628	81.5252933497	True	
1.10664867678	0.97734536825	5.71995998602	4.20344184589	0.610305751627	5.9372747364	2.61904886581	-2.41041896784	1.22411346909	0.00359178100262	2573.28874576	80.7100404162	True	
1.32117693484	0.967707944462	6.00210997484	3.64058831483	0.630118135725	5.53070097601	1.90175619521	-2.42179946507	0.925655644542	0.143287711973	2082.72887542	79.902940012	True	
1.28404803602	0.431074358883	6.8795196413	3.19560113758	0.912465059733	5.46801821188	1.18073318816	-2.40205606942	0.802232523176	0.0878265431347	2266.67242873	79.1039106119	True	
1.2895667474	0.438118567774	6.69719339976	3.03911287173	0.704525902656	5.49072027769	1.7264845523	-2.4019595753	0.76880908242	0.0227962531804	2233.2387865	78.3128715058	True	
1.23465289441	0.835507852261	5.47209380697	3.31755371735	0.95207195663	5.26292630666	1.33439867345	-2.38317020497	0.773934384731	0.671389413729	2328.76586163	77.5297427907	True	
1.47094315914	1.14914694048	5.45369963099	3.7272898198	0.344350928613	5.10647174794	1.51215876453	-2.38144077749	0.849826851331	0.839518057343	2204.70180427	76.7544453628	True	
1.36842439577	0.685113650194	5.66508994579	3.67668213268	0.578790741391	5.04860475939	3.43369470387	-2.36672685055	0.855553202947	1.5639229828	2250.57626783	75.9869009092	True	
1.37263021562	0.761426848918	6.52191272908	3.75630157376	0.789657958208	5.35282494731	2.47115199911	-2.39369053346	0.878705069227	1.50842816657	1986.1713918	75.2270319001	True	
1.23837055585	0.843569437912	6.4414345024	3.66752665297	1.03810008268	5.33309243566	2.34218874251	-2.42468859626	0.834798008443	1.11310310362	2255.98696215	74.4747615811	True	
1.24254358549	0.0689850278845	7.34118862756	4.01110176298	0.678843581438	5.19573943148	1.86714253922	-2.44726708577	0.98564510731	1.19061459788	2246.08423749	73.7300139653	False	
1.21081472106	0.432264155967	6.19818627619	3.53675151857	0.14746129067	5.11899207304	0.971627713226	-2.43309049466	0.777273556662	1.15304062082	2314.82939633	73.7300139653	True	
1.53173778758	1.11100410629	6.09386731201	2.39104036699	0.0234113151974	5.3680157273	0.425272206869	-2.41510663749	0.409002231003	0.78136920589	2289.74298036	72.9927138256	True	
1.41664656181	0.782685155839	6.46290281778	2.59126505141	0.123427289803	5.17904898451	1.41829658061	-2.3899380257	0.4766003594	0.966188519077	2182.60292556	72.2627866874	True	
1.54309211845	1.06431474946	6.3244825066	2.76359579118	0.159627984628	5.10098270523	1.74049728473	-2.38541703164	0.466518986566	0.976019775996	2269.62418342	71.5401588205	True	
1.44233834695	0.792487495868	6.23993384279	3.21649521251	0.596391549998	5.06934908063	2.95712473338	-2.40455931451	0.66482964463	1.49940262346	1993.23880355	70.8247572323	True	
1.62126269638	0.265773382654	6.49352731097	3.26852453916	0.0226976993085	4.91941636071	2.80185285455	-2.37077459219	0.676210588939	1.44557240934	2253.09862254	70.11650966	True	
1.53637099998	0.752583322004	6.51607660437	3.7965182057	0.453273758059	5.09424006087	2.63275054646	-2.3944687446	0.905463935697	1.69456713815	2129.22344276	69.4153445634	True	
1.68132575415	1.20378406573	6.1386173326	2.41940483075	1.03197129671	5.17301305091	2.44369889618	-2.41632938948	0.460837610648	2.46298945288	2345.18816585	68.7211911177	True	
1.52709450375	1.00425210886	5.81983241002	3.07617180172	0.201474888197	5.18240952786	2.16331067466	-2.36535911569	0.592812345323	2.47722580485	2098.60893309	68.0339792065	True	
1.37682383274	0.51880432103	6.72996486086	3.30873770583	0.411042800273	5.19327924772	2.58252641958	-2.40695950974	0.701355952393	2.0915330514	1966.80712021	67.3536394145	True	
1.46111407756	0.678633910913	6.69627017877	3.6485887218	0.955558260139	5.17772650703	3.00930359142	-2.41176661004	0.843981788715	1.40371028571	2001.94941445	66.6801030203	True	
1.71241779734	0.688299790425	7.61040856584	3.25402786259	0.107446547297	5.1962115748	2.98713200106	-2.38585669974	0.64014218752	1.68199963478	2317.79982135	66.0133019901	True	
1.42130573803	0.252493112005	8.33889207021	3.58905317986	0.840675258628	5.09896466689	2.4467472202	-2.42313180419	0.822010950187	2.15252254123	2175.65965169	65.3531689702	True	
1.42309260131	0.285008793463	8.27013617937	3.40694373234	0.456129094506	5.31257167746	2.24056565087	-2.41632588372	0.75228813875	2.20650500115	2150.10344916	64.6996372805	True	
1.16616215213	0.0263884049801	7.94207626617	3.05293061453	0.518207539999	5.43601763492	1.64669282591	-2.44239020838	0.650684126837	2.4394808439	2415.33925897	64.0526409077	True	
1.31207214854	0.0383964452735	9.27968525155	3.08347376292	0.514227109857	5.15192893497	1.72881960502	-2.41225823499	0.647833675251	2.25974275599	2259.24858606	63.4121144986	True	
1.32941625244	0.409020263478	7.98533305905	2.88681511141	0.650134882517	5.15720983891	1.9342797713	-2.42633997024	0.57470410367	2.41836172023	2226.98045848	62.7779933537	True	
1.38450372747	0.577313855086	7.28015482407	3.42532675906	0.401827052337	5.3638462169	2.33360391696	-2.41751701228	0.747244835426	2.05305080486	2057.81777406	62.1502134201	True	
1.32847158912	0.402640964386	6.85779691735	3.79845882914	0.984594929525	5.21495455472	3.41381285916	-2.39002088223	0.903938197863	2.25744032947	2036.90705936	61.5287112859	True	
1.53487334831	0.774578312874	6.38653433312	3.78792495443	0.348438323731	5.14558170189	2.26297393143	-2.39123992038	0.850376833603	2.25932182717	2104.42001039	60.9134241731	True	
1.42016803573	0.739758591496	6.92467533577	3.75033103064	0.730642028303	5.36544038263	2.07675751446	-2.40396669768	0.858740324198	2.3184273532	2069.58325521	60.3042899313	True	
1.3716928911	0.106769776381	7.54934004349	4.19550831487	0.44638886692	5.52010250289	1.95183743107	-2.39385558016	1.05978979202	1.73445488177	2207.35822834	59.701247032	False	
1.34150400522	0.459803102792	6.65930041026	4.12636694867	0.673321631088	5.16557226788	2.61885973874	-2.38292043869	1.00887709127	1.62755949916	2046.53015714	59.701247032	True	
1.54264531755	0.48032905708	7.27962890549	3.60693192416	0.631914048371	5.08519240567	2.37876473822	-2.39953036944	0.824868978924	1.53873958363	2037.03666596	59.1042345617	True	
1.36539881407	0.82192921493	7.39400404617	4.068165382	1.08440405719	5.40624482681	2.70650524369	-2.42836383589	1.0029181385	1.3835694757	2219.57181181	58.5131922161	True	
1.55305747039	0.884548428518	7.38414974524	4.5321098382	2.04271506757	5.03347780453	3.19407638537	-2.4038717558	1.22402066578	1.81517457722	2163.74755567	57.9280602939	True	
1.39238455089	0.826617785761	7.75189228646	4.88342526435	1.8621275453	5.41731935857	2.85852530174	-2.42493315595	1.33968614262	2.11611751817	2313.75742727	57.348779691	True	
1.27020613819	0.0337316561432	7.53943003385	4.58995393182	1.22372178405	5.2330316512	3.79452547887	-2.4124715732	1.20470453611	2.06280215131	2124.13279254	56.7752918941	True	
1.17101602794	0.349830378107	6.9085755628	4.69748070958	0.916176714373	5.48478257237	3.30675182345	-2.3940811551	1.25191492612	2.31200520171	2105.39251507	56.2075389751	True	
1.37366349407	0.485635816427	7.23944691982	4.99927816596	1.58806372829	5.30229175944	4.13097839793	-2.40634395188	1.40826679588	2.27381472271	2165.74638024	55.6454635854	True	
1.48039588353	0.639690143338	7.54096220726	4.73356590419	1.41150721091	5.26349486283	3.95804917671	-2.41844431848	1.29923094637	2.41061807849	2311.79317082	55.0890089495	True	
1.28526245455	0.290371700888	6.9533693471	4.66797082692	1.66647019652	5.1773911637	3.19346355463	-2.38014843583	1.26118761897	2.2728346827	2075.1189111	54.53811886	True	
1.30434045335	0.59079012759	6.73805451707	4.18791672165	1.17376799156	5.39107086739	3.27158173179	-2.41266807959	1.06870260136	2.32437329542	2025.73978222	53.9927376714	True	
1.55366919094	0.956924662294	6.22763309677	3.74331586635	1.45289892629	5.31403347066	3.49376729873	-2.39256840516	0.911465663844	2.34560060654	2168.19702766	53.4528102947	True	
1.45849466111	0.481638577201	7.14118742828	4.09739747949	1.10273629915	5.12265958357	3.13611400724	-2.40284998998	0.980162536733	2.30086728139	2261.57605903	52.9182821918	True	
1.29310431485	0.674365126046	6.82232076274	3.99461797196	1.08661072993	5.27930822446	2.90674019595	-2.42622590829	0.975331261767	1.91301748532	2059.07082185	52.3890993699	True	
1.41182805213	0.594118140416	6.75144053492	3.89456879519	0.813517775181	5.08154613165	3.18476034917	-2.39518137437	0.944229366101	1.3832519668	2023.70134862	51.8652083762	True	
1.55033316186	0.702574135757	6.14356032322	3.66942189992	0.771030641966	5.08751257432	3.03035577782	-2.39962001148	0.84857942595	1.22838706491	2051.67848745	51.3465562924	True	
