3.621410701304045965e+00
-6.588010296970000290e+00
1.592395016770000060e+00
4.602106766579999730e-01
-2.495936439349999869e+00
9.580053435570000386e-02
4.544305956240000555e+00
-3.370451131529999866e+00
3.719233393570000046e-01
1.025814989039999903e+00
4.125566087960000239e+00
1.649608514460000119e+00
-3.692465903180000564e-02
-4.496536505959999985e+00
4.396004560019999730e+00
-3.576160130980000407e+00
3.901528480059999637e+00
3.481271530940000414e+00
-4.665852568720000093e+00
1.777290456870000090e+00
8.907271037770000177e+00
7.955228374660000767e+00
4.245858535819999169e+00
8.893942532719998795e+00
8.894304080970000470e+00
5.153239971880000603e+00
4.014938298219999702e+00
6.612328357680000046e+00
5.123892575080000178e+00
7.226422992879999896e+00
6.068209654530000385e+00
5.948077258890000607e+00
4.908300809680000931e+00
4.997410951670000046e+00
6.382539490000000093e+00
5.871595258750000212e+00
6.626987674040000442e+00
5.877491648259999479e+00
5.583734979219999062e+00
9.010108325310000055e+00
4.790584992890000393e+00
6.845335498289999432e-01
-1.756467209139999985e+00
1.248556945119999817e+00
