Parameter 1	Parameter 2	Parameter 3	Parameter 4	Potential	Temperature	Equilibruim
0.586546707601	-3.73562270724	0.82371266482	1.62656329742	6274.22778078	2456.91947147	False	
5.74763014112	0.145877604936	-0.728783380978	2.03609564898	3617.40848357	2456.91947147	False	
4.74890333906	1.87996670211	-0.347989909407	1.28081438806	3063.69026416	2456.91947147	True	
6.9969818966	3.36563406965	-0.279167171013	2.00125221425	5116.1265281	2334.0734979	True	
2.37749093031	0.439960607437	0.894043634629	2.18340681717	9598.86195332	2217.369823	True	
4.15614976896	-7.59154474076	-0.28424762697	2.79664841449	5806.04632391	2106.50133185	True	
-4.03226449259	4.12599141488	1.47781968823	1.05043000634	5412.19913368	2001.17626526	True	
1.56413996089	9.17771196398	-0.0257923293557	1.3983562813	3030.11699981	1901.117452	True	
-2.45730744782	0.661002639466	2.05161419424	1.21542445225	6258.37379525	1806.0615794	True	
-3.21363559245	4.6682085318	1.42558758821	2.59248527414	5149.75772973	1715.75850043	True	
2.33060955578	3.15179647241	0.0815195785163	1.27151165888	3785.34955049	1629.97057541	True	
5.255642678	-1.21584223942	-0.783561785545	2.73473256627	3866.06044568	1548.47204664	True	
3.67012606379	-2.78763946107	-0.801496435365	1.58536189558	4587.20130175	1471.04844431	True	
5.80770299613	1.48860861287	-0.636201452436	2.77993680364	3357.18427901	1397.49602209	True	
2.96369875779	-2.68584919892	-0.262417768775	2.12751220971	1481.07314662	1327.62122099	True	
-0.730336309784	8.75210271991	0.165074933579	1.70232714172	4626.3834041	1261.24015994	True	
3.34797600067	8.65609402863	-0.457993826154	1.84275204491	1836.23329158	1198.17815194	True	
-0.385144781059	6.47295166444	0.538234648133	2.75053517399	4836.62310877	1138.26924434	True	
0.843039600603	6.55710895063	-0.329456264439	1.61408028842	3201.57881376	1081.35578213	True	
1.45207725423	7.44792577466	-0.596417572532	2.13617083445	3858.13519243	1027.28799302	False	
6.47883474542	-0.799197484603	-0.177502055218	2.52107837068	5372.05265656	1027.28799302	True	
2.67622740755	0.371651919654	-0.365580170064	2.62833499633	1658.65571667	975.923593368	False	
-4.96223445543	1.73263775219	2.42131594669	1.8691837519	6128.81780353	975.923593368	True	
3.98402095643	-1.47772358148	-0.359597429528	1.6975001186	1801.51594578	966.164357434	True	
2.15528397879	-1.82962024057	-0.287022654387	1.29563491609	1865.15589311	956.50271386	True	
-0.571451230707	1.86143651324	0.0464345980951	1.77567752074	4461.85747289	946.937686721	True	
2.86979347368	3.81065281257	0.0112647557259	1.97013753919	4171.01629647	937.468309854	True	
1.20166947688	-3.46513752974	1.7146890157	2.07644476243	5684.25582754	928.093626756	True	
2.19300416401	9.95869641295	0.0742611716286	1.36083523055	3990.59579222	918.812690488	True	
3.02757207451	-1.69702544065	-0.231146706387	1.4389541815	1700.79599924	909.624563583	True	
3.47497787832	0.14804056657	-0.3739376281	2.70228867365	2035.14993684	900.528317947	True	
0.548509354575	-0.0133689167863	-0.25809794524	2.14202265648	3228.39332911	891.523034768	True	
3.34334530563	4.22154272098	-0.31870391865	2.86063205439	2397.56698694	882.60780442	True	
2.57280493423	4.46460463441	-0.620004118159	2.77192119175	2205.14843209	873.781726376	False	
2.02880875099	9.75774328455	-0.443029245006	2.7720108954	1927.88060565	873.781726376	True	
2.53034659112	3.81597461588	-0.351725327117	1.72972336198	1746.16887535	865.043909112	True	
7.73059591031	-2.80827994206	-0.495979969318	1.1838528884	5040.91156787	856.393470021	True	
6.5003070476	5.24303198201	-0.657840602369	2.44799675618	3816.65856068	847.829535321	True	
2.29541149525	2.34811529972	-0.15320020426	1.29689813594	2215.62938535	839.351239968	True	
2.25494411749	-0.33663413255	-0.342246594642	1.73806777844	1274.83582035	830.957727568	True	
2.86344217376	5.11559675158	-0.585738609888	2.71443387134	1856.96500719	822.648150292	True	
1.14895482033	0.691430073354	0.0298281508226	2.06462636223	2842.82114711	814.421668789	False	
-1.45359956345	1.43478409263	0.542912991214	1.48086385235	4363.21434774	814.421668789	True	
1.55145643256	0.589889998993	-0.355665050543	2.37011909999	2048.19766249	806.277452102	True	
4.63391013738	5.24192805699	-0.641104061498	2.70646077606	2657.06700513	798.214677581	True	
5.89143510863	5.26993714399	-0.690915888101	1.87927610352	3647.1695685	790.232530805	True	
2.93615427889	8.39064826648	-0.578163735058	2.0789786894	1814.58468228	782.330205497	True	
3.98170676557	-2.05935646501	-0.0125803789423	2.29210851801	4109.15452665	774.506903442	True	
3.0748235235	-3.451850013	-0.450963067668	1.84313370364	1910.84832316	766.761834407	True	
3.86625594732	6.46728255502	-0.239683501334	1.92195986169	3378.96508195	759.094216063	True	
2.41973893501	-0.369793940631	-0.307686768475	2.76582970956	1753.0353023	751.503273903	True	
4.89951962024	7.57083439806	-0.653782895656	1.88222730954	2886.98962212	743.988241164	True	
1.33534598419	-0.226688095712	-0.34163153977	2.53207801113	2237.3678935	736.548358752	True	
3.82253135657	6.45426552101	-0.286678602557	1.20898005088	2922.61093339	729.182875164	True	
3.64547426569	-0.602732708955	-0.505636343496	1.31141462993	1267.78877612	721.891046413	True	
4.61363700901	-1.37344548954	-0.48063630769	1.07121795649	2310.56423973	714.672135949	True	
2.15857650956	0.0259943276245	-0.646677857675	2.79025870838	2817.02702207	707.525414589	True	
1.67498984483	-1.66404214745	-0.0197040403982	2.87351303848	2617.46056907	700.450160443	True	
7.1951592416	-4.35489587112	-0.170244954995	2.95093926441	4943.86530505	693.445658839	True	
2.72450800189	-0.305927069694	-0.342005785876	1.21324970113	1115.22447957	686.51120225	True	
1.59611151986	-3.51340957235	0.275024256664	2.38687537871	3320.52856128	679.646090228	True	
3.715161277	9.55617765606	-0.597747210956	2.60847296847	1992.79435528	672.849629326	True	
-1.47921975531	9.72977540059	1.08898481093	1.42509377923	5714.93593609	666.121133032	True	
3.68311400465	1.76260790694	-0.505548684636	1.4795588605	1671.29007428	659.459921702	True	
1.95644984855	0.698130490575	-0.0221090814263	1.89034376555	2721.70370008	652.865322485	True	
1.87813504854	-0.215599681938	-0.315942666475	1.78860651091	1484.26433849	646.33666926	True	
3.44549812377	7.08998129644	-0.707978341687	1.19475226955	2574.04402187	639.873302568	True	
1.9284973394	9.04619388089	-0.338831074207	1.22569727165	1938.32529756	633.474569542	False	
3.36038390026	3.72316798347	-0.47380588247	1.7121218223	1714.33876017	633.474569542	True	
1.61260492134	2.86363222081	-0.296362276037	2.43760554035	2130.69145117	627.139823847	True	
5.79929137545	2.79640690042	-0.692387028718	2.61437295078	3583.64723743	620.868425608	True	
3.44521807598	1.07184073123	-0.292778400677	1.64188516048	2194.01697427	614.659741352	True	
1.8145703054	4.29860255646	-0.45285762022	1.17114845191	2011.06947474	608.513143938	True	
1.66185028864	0.191965207699	-0.072016841088	1.73527010434	2172.70437159	602.428012499	True	
0.0549807703712	5.03649112221	0.303009724143	1.27597473238	3953.27464473	596.403732374	True	
2.93281112607	-2.0027310452	-0.461830004643	1.64578387402	1216.52505567	590.43969505	True	
2.09644807077	8.66808873477	-0.614323811406	1.33446427456	2725.97993178	584.5352981	True	
2.81331729137	1.25308240475	-0.372884934237	1.43643735493	1411.79615016	578.689945119	False	
2.5862503294	0.440186042227	-0.629539141943	2.16011212374	2092.10329596	578.689945119	True	
2.68501756421	1.10649017395	-0.437325271868	1.57229134158	1334.27090689	572.903045668	True	
3.83678851417	7.84345548278	-0.600168784787	1.17332035906	2054.17479997	567.174015211	True	
7.5883622948	6.21034907377	-0.605151873866	2.34950479299	4091.06736166	561.502275059	True	
3.48996648714	6.39163930402	-0.641375486088	2.54978247782	2081.77523001	555.887252308	True	
4.60669817574	-2.80122345749	-0.538712995325	1.30852209873	3285.77314885	550.328379785	True	
3.00865474021	2.49824957268	-0.35381731347	2.14359822894	1887.70703824	544.825095987	True	
2.98543550819	-1.06559405219	-0.448644959873	2.77892854618	1452.97802153	539.376845027	True	
0.423273645441	-2.21597871963	0.337053726291	2.60751363921	3413.45799024	533.983076577	True	
2.78647345175	7.81949901724	-0.527206482208	1.37660635519	1696.15322996	528.643245811	True	
2.72841090592	-2.4690138536	-0.412874176624	1.32388195731	2226.78377704	523.356813353	True	
2.57999939622	3.65139448151	-0.418589133543	1.26407202138	1527.9542209	518.12324522	True	
2.02316374827	-0.991242587046	-0.252779214433	1.02841399665	1764.15735066	512.942012768	True	
2.80225489216	-2.53682702708	-0.251451025101	2.33124260839	1477.96053692	507.81259264	True	
-1.72336862731	-0.704762548409	1.01066856167	2.103997943	4661.71689363	502.734466713	True	
3.80899210308	-5.46147232682	-0.360478937468	2.81989119343	1992.24019263	497.707122046	True	
2.74329135179	1.07192666369	-0.33565261172	2.57925947177	1819.05440831	492.730050826	True	
2.72228526781	0.892430118802	-0.403550690222	1.22703136311	1161.70144279	487.802750318	True	
3.21658989378	0.18979213601	-0.593123221207	1.87778186184	1557.40416527	482.924722814	True	
1.64824650679	-0.655601403128	-0.247061219032	1.56995273578	1552.89663418	478.095475586	False	
4.35035891823	3.91575261739	-0.495072904994	1.14847188323	2288.85400536	478.095475586	True	
0.889287816822	1.35878578964	-0.189494108364	1.33946188267	2405.7266404	473.31452083	True	
1.73954041083	1.91084658726	-0.3584109229	1.09423064397	1646.13831786	468.581375622	True	
2.50107478724	-1.68884169477	-0.525790574915	2.59536751999	1456.54056236	463.895561866	True	
3.13040795206	-1.57740203811	-0.240406270535	1.21707483367	1832.93222889	459.256606247	True	
2.61180852712	1.66220897904	-0.489206280484	1.56396267225	1438.35974994	454.664040185	True	
4.91403470686	-1.96258776396	-0.402249886192	1.65111358674	2444.06649778	450.117399783	True	
2.19897066815	1.95852260203	-0.466002002863	1.09847442925	1486.54229275	445.616225785	True	
2.71495739047	9.44859117279	-0.549648758637	1.83969108892	1778.48456251	441.160063527	True	
3.42827691565	0.0213557251267	-0.317269481253	2.07258938453	2052.45692238	436.748462892	True	
1.95593441149	-4.05059459418	-0.20479983014	2.65644902571	1596.40451077	432.380978263	True	
2.8622379647	6.14603948545	-0.376497572414	2.20071267056	1852.40315969	428.05716848	True	
3.07039512803	-1.82803598071	-0.46639632731	1.72186041114	1114.5911868	423.776596796	True	
1.09824183406	-1.2359900059	-0.306283490275	2.68396290583	2413.61476474	419.538830828	True	
2.70754794842	5.34049386911	-0.365416829752	1.863856597	1813.50150142	415.343442519	True	
2.92473042351	-1.34889712604	-0.449659618964	1.55604758194	1079.59821532	411.190008094	True	
3.36093852416	3.78669935017	-0.369156683578	2.06485545567	2093.41809085	407.078108013	False	
2.9185390586	-3.4698592022	-0.455862899107	2.71195206491	1053.45456507	407.078108013	True	
2.62298863856	-2.57801777867	-0.271985681837	2.97844322102	1643.25537078	403.007326933	True	
2.45751978113	6.41192531308	-0.476698593328	2.65692684275	1724.67901902	398.977253664	True	
2.94126974447	0.220846663577	-0.226747726489	1.18778393191	1616.38426972	394.987481127	True	
2.76799604679	-0.597758522986	-0.32418453268	2.33564226198	1609.33468078	391.037606316	True	
2.18177208069	4.4973470026	-0.595406793724	1.87548644608	2396.44801112	387.127230253	True	
5.4582879082	0.504504012396	-0.599273871864	2.06059235381	2953.68725778	383.25595795	True	
2.25101985672	1.86769875672	-0.477901401859	2.72943827146	1757.67311061	379.423398371	True	
2.97575635611	2.26709512154	-0.368736379427	2.00011533523	1777.83812481	375.629164387	True	
3.52588232758	-0.199114538421	-0.564216431898	1.13757933075	1324.06194057	371.872872743	True	
1.7168623849	5.35973694218	-0.382910938979	1.07028199073	1986.71898125	368.154144016	True	
2.28271653832	-3.54584922092	-0.336577000658	2.67721337078	1187.82305385	364.472602576	True	
4.43563919982	-1.69069036794	-0.594789024472	1.5734392455	1942.8861236	360.82787655	True	
2.24986571318	-4.39867030773	-0.25812367824	2.64115140765	1532.97303865	357.219597784	True	
2.35989761187	4.57194173653	-0.298111872211	1.96947460686	1958.7130514	353.647401806	True	
2.85593023297	9.04287745808	-0.406063856855	2.51074840135	1772.63182914	350.110927788	True	
2.67547977347	5.16041459974	-0.277658498449	2.55044446815	2186.64421032	346.60981851	True	
2.57471826221	5.89512616365	-0.52918768121	2.4129822983	1769.69496546	343.143720325	True	
1.30021416153	-1.6176722012	-0.235343693662	1.61917120392	2088.69339401	339.712283122	True	
2.05585300862	-3.98507865138	-0.418239746541	2.86054493187	1357.77953837	336.315160291	True	
3.2794126542	0.218754264034	-0.546801981314	1.83455437241	1420.71484458	332.952008688	False	
4.55027406305	0.170713810761	-0.607541597438	1.62096420679	2142.22631833	332.952008688	True	
1.96537728317	6.67823958796	-0.379949737694	1.0511639657	1843.50326653	329.622488601	True	
4.01741709852	-4.25257958665	-0.439164198519	2.46904417474	1767.02519012	326.326263715	True	
3.08452972216	3.40220259725	-0.548320907087	2.46256296058	1690.19680825	323.063001078	True	
3.01542417606	-1.70909301632	-0.403224619759	2.7681776534	1446.8672932	319.832371067	True	
2.73194841433	-0.612199903632	-0.515828495617	1.59944250364	1178.2987451	316.634047357	True	
2.0608501766	-1.53819742655	-0.395179398179	1.6660730527	1363.71931438	313.467706883	True	
3.15887066157	-0.555072457079	-0.310252113558	1.52432185108	1430.99948694	310.333029814	True	
3.98415900738	-5.1993943379	-0.331747623686	2.77756766544	2117.76855308	307.229699516	True	
2.63415268949	-3.96313242357	-0.414398023487	2.64666963694	1129.6732602	304.157402521	True	
2.23788675312	-2.05056724691	-0.509337372411	2.20374137836	1459.78671633	301.115828496	True	
2.12491366174	5.11212095877	-0.549767897955	2.49360329904	2195.66640131	298.104670211	True	
3.06793082334	-3.24986913399	-0.475052772425	2.86504364401	1130.95116086	295.123623509	True	
2.62541767277	0.395414959026	-0.41179106129	1.57137093595	1223.89711494	292.172387273	False	
3.2908999867	4.92799791513	-0.510225024306	1.81459200057	1706.05627074	292.172387273	True	
4.60992452093	-2.3425915943	-0.48327862665	2.21958180605	1994.72990117	289.250663401	True	
2.82411882632	0.143593469192	-0.474187262483	2.41479616098	1450.94453685	286.358156767	True	
3.00193627476	8.25281624783	-0.519949854417	2.24186013601	1684.941842	283.494575199	True	
2.79726887573	-2.50232624963	-0.526931505874	2.16013816742	1206.31961947	280.659629447	True	
2.66859215412	1.2169204977	-0.541119763118	1.29035775157	1418.69402639	277.853033153	True	
3.1968462565	7.69068826468	-0.465197386648	1.7290870669	1749.02248194	275.074502821	True	
2.87363578783	7.77263425006	-0.567182510714	2.40121410787	1789.27237558	272.323757793	True	
2.48659128735	4.93960121795	-0.509386444787	1.94614144448	1735.03179676	269.600520215	True	
2.40329845262	-2.54548509382	-0.327673153586	1.78582399474	1439.25469073	266.904515013	True	
1.76049001492	-3.6060582265	-0.159331935204	2.82083408598	1674.28606245	264.235469863	True	
2.68470905903	-3.65632960964	-0.241822763755	2.83554215112	1474.56017702	261.593115164	True	
1.85096849449	8.7405096239	-0.455393995643	1.20488349051	2101.64961775	258.977184012	True	
2.76042971566	-0.904681303041	-0.467957416083	1.6729672792	1071.00871872	256.387412172	False	
2.37221434303	9.28204948689	-0.403720924698	1.54277647435	1742.0867969	256.387412172	True	
2.15005320493	-2.29101770715	-0.407998908904	2.19609025151	1251.1070282	253.823538051	True	
2.37582399647	-2.32191208175	-0.345237213546	1.90847145906	1230.83767098	251.28530267	True	
2.77842046319	-2.34946325202	-0.479026438316	2.45871617663	1118.25853058	248.772449643	True	
3.06017916577	0.0153187945472	-0.490663988889	1.8289039198	1282.81113107	246.284725147	True	
3.81474172565	5.53742432126	-0.452727078354	1.11363323447	2050.50789278	243.821877895	True	
3.24470338298	-1.58555673829	-0.520073856138	1.63204496515	1191.16604967	241.383659116	True	
2.91227455967	0.473444598057	-0.470324195698	1.11927264679	1060.60235097	238.969822525	True	
3.41624797432	4.31881465702	-0.489096207316	1.15544370296	1671.7796832	236.5801243	True	
3.08697906258	-1.26989153216	-0.405366156729	2.82977089642	1563.81161177	234.214323057	True	
2.82902312081	4.54853466437	-0.440895617416	1.76573823865	1633.57256025	231.872179826	True	
2.61598554994	-3.02546854414	-0.464987779317	1.83206333631	1713.60056938	229.553458028	True	
2.33318916555	-4.93575391454	-0.459313801411	2.93673956378	1458.99434772	227.257923448	True	
2.96827787701	-1.87499926376	-0.308139518935	2.153474846	1375.215597	224.985344213	True	
2.43336858179	-0.489703980056	-0.335437601736	1.46405360691	1142.51627451	222.735490771	True	
2.81802844951	-0.221147119113	-0.424757700576	1.09834170184	1049.05844393	220.508135864	True	
3.05399467775	3.93627787456	-0.538734687846	1.30425889713	1585.04785522	218.303054505	True	
2.78420725465	-0.344819715281	-0.274620803734	1.470367821	1382.71471396	216.12002396	True	
2.56350213858	-2.58917600812	-0.510338711022	2.73450648571	1294.74551453	213.95882372	True	
3.15625773075	-2.58119243434	-0.42816788958	2.29739057355	1109.5553471	211.819235483	True	
2.72428291129	-2.43731782332	-0.342449533332	2.61812265004	1280.35076663	209.701043128	True	
3.19367792253	0.0940323355943	-0.624786732975	1.52041951092	1608.76594058	207.604032697	True	
2.74041668591	-1.76823870852	-0.430734265221	1.90514251229	1049.43231131	205.52799237	False	
2.43499194461	-4.34915377473	-0.490030320581	2.96398989498	1267.76525481	205.52799237	True	
2.72922785412	-2.1233595657	-0.474248248828	2.66120191686	1226.70474634	203.472712446	True	
2.59880986061	-0.679535133388	-0.411916831586	1.82623981787	1141.80539791	201.437985322	True	
2.75004501354	1.80014194499	-0.331896146069	2.15463839672	1815.17093541	199.423605469	True	
2.97171187468	-1.31384274209	-0.547191955638	2.79609102474	1479.92498284	197.429369414	True	
3.16430768169	-0.138581128433	-0.492125915486	2.28899649586	1443.03331365	195.45507572	True	
3.04683042794	-0.547455110854	-0.50332033759	1.70485600837	1149.28267128	193.500524963	True	
2.8760049831	-4.61599954064	-0.589474940479	2.85976220486	1593.85731244	191.565519713	True	
2.51016273155	-2.34658121433	-0.37575268449	2.4927598304	1161.35726256	189.649864516	True	
3.01167861592	-0.582626901691	-0.527505173232	1.6962561553	1184.47828544	187.753365871	False	
3.4127366375	-2.18463809356	-0.588647407995	1.93203352502	1404.0130626	187.753365871	True	
2.74476513914	-2.7742871305	-0.483448090626	2.19419957097	1139.2214887	185.875832212	True	
2.70966345618	-0.42105469203	-0.351334925215	1.94615763587	1350.24536153	184.01707389	True	
3.08537674332	-1.12434774498	-0.589162469127	1.79904464481	1373.63646998	182.176903151	True	
2.53870114307	8.99406881654	-0.302514793076	2.17313081806	2029.70220543	180.355134119	True	
3.805589818	5.06160493747	-0.557610208208	1.61178493543	1940.45091654	178.551582778	True	
3.36682763932	-3.46542563819	-0.559599514422	2.6618711085	1254.24520457	176.766066951	True	
2.94704395244	0.67783893653	-0.505483493988	1.63668246392	1317.26615009	174.998406281	True	
3.10732617549	-1.86218520531	-0.421939198978	1.94554990878	1096.31292498	173.248422218	True	
2.75920591486	-2.83813864971	-0.370560180533	2.62096803215	1151.73054098	171.515937996	True	
2.80247396366	3.13860550486	-0.447299545495	1.24274624108	1467.4490077	169.800778616	True	
3.47897895583	0.492453442566	-0.415481873825	1.22715633473	1345.07613784	168.10277083	True	
2.65873555467	-2.83796024798	-0.413915279104	2.25497405637	1082.24415337	166.421743122	True	
3.02308366604	-1.20842829846	-0.540303856925	2.2479774368	1307.89921027	164.75752569	True	
2.89006959861	-3.78575715033	-0.404497255072	2.60715747571	1101.31016382	163.109950433	True	
2.91139854586	-3.11978698942	-0.447268230731	2.22262617022	1137.78638055	161.478850929	True	
3.19510427792	-0.689958466313	-0.4683514588	1.54046417073	1096.69855806	159.86406242	True	
2.81242877553	-1.27049452611	-0.521645031691	1.70111015332	1169.03981824	158.265421796	True	
3.19307733527	-1.0734483496	-0.419031939503	1.55019542409	1121.02652922	156.682767578	True	
3.44704974453	-1.64363538787	-0.502266631692	1.92850020525	1186.07403886	155.115939902	True	
3.0827489792	-0.99945741446	-0.453171516156	1.99453606983	1178.95279463	153.564780503	True	
3.12061970867	0.349406010814	-0.537332823389	1.16890516538	1182.10056396	152.029132698	True	
4.11495702074	0.572205487567	-0.441868281502	1.17091098662	1738.73926855	150.508841371	True	
2.57193952203	-1.5628312696	-0.314612644168	2.34990626639	1376.99463116	149.003752957	False	
2.81082327344	-2.41770701132	-0.276466311715	2.4261726633	1438.71431891	149.003752957	True	
2.45143527913	-1.0749302633	-0.298524153192	1.78812446701	1243.06735921	147.513715428	True	
2.83079700106	-3.3559258654	-0.418800871072	2.61379219275	1054.29141803	146.038578273	True	
3.22408443893	-2.30528573112	-0.397925278807	2.51246535581	1304.5614862	144.578192491	True	
2.72388325915	-1.74768321724	-0.3929355019	2.10991597886	1098.38310181	143.132410566	True	
2.44947345467	-1.27400539543	-0.41567531748	1.9156730951	1119.8171481	141.70108646	True	
2.95858469323	0.208410534485	-0.503301064508	1.19333937536	1099.73268213	140.284075595	True	
3.04586074807	-0.521711916308	-0.400022621887	1.12037901093	1128.36731567	138.881234839	True	
3.05885056164	-1.83516840832	-0.392297350177	2.01837910221	1137.64863284	137.492422491	True	
2.62319911349	0.286549091547	-0.392166818512	1.25651734217	1082.89294436	136.117498266	True	
3.08386761936	-0.585882056951	-0.451200486045	1.37625544032	1060.89586889	134.756323284	True	
2.69326509704	2.07680848266	-0.537572777602	1.1487948099	1465.93353282	133.408760051	True	
3.07691963643	-0.111946578297	-0.500831810864	1.38032619708	1109.40069865	132.07467245	True	
2.99477184091	-0.848586120508	-0.423605129556	1.34525985669	1079.06003783	130.753925726	True	
2.73139063979	-1.33842709586	-0.429421764033	1.49896365058	1110.47594586	129.446386468	True	
3.50415166024	-0.338774608695	-0.513064390152	1.14082866304	1223.08502532	128.151922604	False	
2.70112207176	-1.29274376697	-0.399705955123	1.48244552073	1110.94450551	128.151922604	True	
3.36661118642	-3.38673610656	-0.463157979409	2.26338774376	1259.58665244	126.870403378	True	
2.72475799884	0.689600556335	-0.370571200715	2.02218794241	1540.96701987	125.601699344	True	
2.28954707984	0.337854776067	-0.432619220941	2.18528283198	1511.24676749	124.34568235	True	
2.41558276328	-0.1714683501	-0.382963986903	1.15519186647	1098.36174648	123.102225527	True	
2.78521451243	-0.380973806324	-0.459820247136	1.32776152023	1049.07450044	121.871203272	True	
2.87185865086	-2.17051156344	-0.443182689177	2.00712148355	1055.47838558	120.652491239	True	
3.2799146399	-2.85891956142	-0.419671766971	2.25377872996	1169.44007945	119.445966327	True	
2.77917982089	0.0598948543376	-0.404929028754	1.48230686271	1132.72797714	118.251506663	True	
2.83355778076	0.706989932725	-0.466135649773	1.34049863753	1168.85399943	117.068991597	True	
2.74579176173	-0.212753400235	-0.347709505793	1.1118306178	1106.87002776	115.898301681	True	
2.43563334369	-1.2742220728	-0.497525628996	1.66542566215	1279.22296718	114.739318664	True	
3.60347764826	-1.89956428883	-0.516818887339	2.11516579923	1275.87043811	113.591925477	True	
3.24601615315	-3.7425168306	-0.489319666732	2.87022419251	1120.35467129	112.456006223	True	
3.27484107452	-2.29901260824	-0.555925050771	2.51768870603	1294.70229333	111.33144616	True	
3.70645609929	-3.48701199915	-0.64017915658	2.32296293392	1831.68330374	110.218131699	True	
2.38779783783	-3.57887565074	-0.451217947608	2.80839275094	1172.2171366	109.115950382	True	
2.94244412053	-2.73046430969	-0.414571785745	2.81835837375	1220.04215193	108.024790878	True	
2.43756921625	-3.06259174875	-0.322990510501	2.91893900121	1301.52971391	106.944542969	True	
3.17618701846	-3.78001775864	-0.483412916105	2.62446405596	1119.46459586	105.875097539	True	
3.07468478828	-3.61631458451	-0.394497694503	2.59645531605	1135.89877523	104.816346564	True	
2.67460333914	-3.74063515841	-0.443252655772	2.59558399811	1111.29248786	103.768183098	True	
2.8110209475	-3.46055518226	-0.426552976718	2.78102149811	1061.42814941	102.730501267	False	
2.77651934488	-0.705141046215	-0.409546095872	1.76516615765	1115.85026053	102.730501267	True	
2.63654910817	-0.285775221256	-0.448645114911	1.79897620043	1193.36848535	101.703196255	True	
2.96277051087	-2.49438964899	-0.524323466773	2.16047858631	1157.6903927	100.686164292	True	
3.24616399668	-3.06250692324	-0.495275491345	2.56203493123	1121.37618954	99.6793026492	True	
2.62415332496	-1.89079439749	-0.479115573633	1.9111904198	1134.96153976	98.6825096228	True	
2.3194426242	-2.10481752596	-0.288377709206	1.94584331329	1263.942183	97.6956845265	True	
2.97077823628	-3.82403309112	-0.372364096706	2.9245957414	1164.10241133	96.7187276813	True	
3.23084338396	-3.80664365685	-0.459805479749	2.90559028592	1119.43528983	95.7515404044	True	
3.20613502127	-3.27569292299	-0.510905426725	2.45364993291	1140.10712182	94.7940250004	True	
3.24154791951	-3.95831043946	-0.475376205835	2.67360908674	1138.32594524	93.8460847504	True	
2.02380945806	-2.8813176181	-0.28045843385	2.38616200671	1342.95088396	92.9076239029	True	
2.7616459737	-1.89158229802	-0.461542110145	1.88015470985	1076.79070733	91.9785476639	True	
2.81585858088	-1.86092179552	-0.317450630275	2.03471476401	1244.00429956	91.0587621872	True	
3.13198956434	-1.60952162568	-0.514772815488	2.10897937292	1157.74049109	90.1481745654	True	
2.54113180419	-2.56489288399	-0.424544409349	1.9717389578	1206.20244565	89.2466928197	True	
2.7612313805	-1.6705099275	-0.409862995238	2.02552467059	1070.60634664	88.3542258915	True	
2.78962254277	0.615318344282	-0.437946289275	1.40966454665	1179.10247365	87.4706836326	False	
2.68677790291	0.59188659867	-0.423942553626	1.1560167283	1070.90307446	87.4706836326	True	
2.48875512753	-0.0173801768848	-0.277898225432	1.10394130271	1217.72452516	86.5959767963	True	
3.0684999438	-0.974036456389	-0.464841549193	1.56853270103	1062.36396253	85.7300170283	True	
2.8559497611	-1.73322934764	-0.532997278084	1.88793915487	1194.99334119	84.872716858	True	
2.68242682879	-0.816566092839	-0.506922133974	1.35210371054	1215.47758708	84.0239896894	True	
2.89978060595	-0.682236739599	-0.60779442282	1.58960752135	1538.0126779	83.1837497925	True	
3.10307702203	0.0266573152668	-0.48853116498	1.53702745041	1171.21232075	82.3519122946	True	
2.77306424572	0.392920267036	-0.34952210332	1.16594430708	1138.79275109	81.5283931717	True	
2.61165823287	1.01326193822	-0.454007914784	1.1054504439	1136.46777017	80.71310924	True	
2.86317858944	1.18521384333	-0.523232068597	1.42728030913	1353.45490329	79.9059781476	True	
3.58973322099	-1.01491445221	-0.446298488281	2.05170810615	1452.09022634	79.1069183661	True	
2.59763646257	-3.57431579974	-0.401449598209	2.83528751621	1081.27423566	78.3158491824	True	
3.04967917266	-4.02040178404	-0.397013975832	2.82057097301	1119.75956198	77.5326906906	True	
2.96400521116	-3.04504603144	-0.441050322248	2.59744860091	1068.53907391	76.7573637837	True	
3.1711432768	-3.06193670245	-0.396252983306	2.73960439303	1237.92187727	75.9897901459	True	
3.18413518206	-3.58719548919	-0.465752654674	2.68847339239	1091.81045852	75.2298922444	True	
2.5257938832	-2.67430416731	-0.31454882207	2.29065512389	1190.83412343	74.4775933219	True	
2.78589336711	-2.86791806879	-0.429999254741	2.38605088246	1049.55697401	73.7328173887	True	
2.70187396927	-3.96259295037	-0.35619000056	2.93592482699	1127.5054064	72.9954892148	False	
2.87046054859	-3.16022383746	-0.473078622266	2.79864563899	1103.61121225	72.9954892148	True	
2.5872924332	-2.59493288523	-0.346874482486	2.78110432585	1291.03691813	72.2655343227	True	
3.62465222602	-4.18102318659	-0.506200554547	2.63124257405	1351.90562211	71.5428789795	True	
3.04637594505	-2.89600947454	-0.461270960438	2.46507660812	1066.91184884	70.8274501897	True	
3.3818454119	-1.22354398135	-0.493261777499	1.64425589832	1151.17574424	70.1191756878	True	
3.14325473972	-0.5024187091	-0.454629258254	1.50856353545	1094.83970068	69.4179839309	True	
2.80275778997	0.163591774741	-0.48824692757	1.23949325607	1091.84017314	68.7238040916	True	
2.65447709539	-1.34256624938	-0.385947511176	1.53593786384	1108.44985145	68.0365660507	True	
3.030883588	-0.842735123663	-0.372297231852	1.65419745093	1179.72076715	67.3562003902	True	
2.62514291372	0.274015036473	-0.375852862679	1.07515510685	1048.84252142	66.6826383863	True	
2.99072800067	-0.599028250405	-0.446043890897	1.29789992202	1055.64301405	66.0158120024	True	
3.28966569689	0.88459167005	-0.497757074213	1.12695417203	1201.8587026	65.3556538824	True	
3.24258290984	0.480556510607	-0.445807783868	1.27996889523	1194.74275564	64.7020973436	True	
3.27785783467	-0.00299306936036	-0.508907112192	1.16942422837	1130.26682293	64.0550763701	True	
2.86551025519	-1.33157239707	-0.447142904731	2.05137095963	1110.07074441	63.4145256064	True	
3.03866540636	-1.77663630176	-0.47609193068	2.30581830585	1154.86612145	62.7803803504	True	
3.03882595703	-1.82978097018	-0.511073532109	2.28669694869	1169.15228315	62.1525765468	True	
2.77564349584	-1.48377575365	-0.327868232484	1.89978539753	1206.80154808	61.5310507814	True	
2.94249123765	-2.47379001822	-0.388335147918	2.15596970635	1103.20966237	60.9157402736	True	
3.02395295449	0.979059649641	-0.415628955626	1.00405596096	1110.6466828	60.3065828708	True	
2.81664767025	-0.355253594575	-0.472270021262	1.46085167151	1070.43017407	59.7035170421	True	
2.28604507729	-0.0746882207802	-0.328634201206	1.20883969782	1154.76857019	59.1064818717	True	
3.20253081009	0.451501245737	-0.444752243068	1.09302849607	1103.20978036	58.515417053	True	
2.94324357346	-1.11182477708	-0.395544910829	1.74730753792	1102.42302088	57.9302628825	True	
2.90420588974	-1.1834798033	-0.445075789501	1.82307640105	1063.29160843	57.3509602536	True	
2.77344461842	-2.25751013832	-0.465429008998	2.22763399541	1066.56964203	56.7774506511	True	
3.22173732153	-1.0124423085	-0.491292389133	1.6485016014	1107.25083568	56.2096761446	False	
3.14691043241	-0.925190754336	-0.480269564175	1.85319726812	1144.75040794	56.2096761446	True	
2.70044788951	-1.17484787595	-0.446479644623	1.68721108813	1055.96922444	55.6475793831	True	
3.01360143495	-1.33850805244	-0.465968937273	1.6161979034	1070.90249281	55.0911035893	True	
3.06417288134	-1.37996428062	-0.484307401403	1.98643485993	1110.74728889	54.5401925534	True	
2.76010364696	-1.58874650814	-0.43909445042	1.7993074505	1051.00857182	53.9947906279	True	
2.48079812419	-2.0761243331	-0.351452105888	2.05126615442	1125.93069383	53.4548427216	True	
2.51041140073	-1.06477029359	-0.421171448876	1.62015958852	1084.84690032	52.9202942944	True	
2.81016619952	0.312711697725	-0.512111288764	1.21260707553	1148.2591276	52.3910913514	True	
2.84068937078	-0.132853809199	-0.421278965522	1.33102166575	1047.81994634	51.8671804379	True	
3.10092332975	-0.0576147092253	-0.406850518009	1.03281979124	1089.49823239	51.3485086335	True	
3.00155792465	0.675208772261	-0.404651793201	1.23888319108	1179.74357813	50.8350235472	True	
2.64982021876	-0.546805277078	-0.457798258678	1.423508586	1073.10367368	50.3266733117	True	
2.45589878956	-1.06132335989	-0.362159798546	1.46544363972	1133.48247702	49.8234065786	True	
3.03148438971	0.542971891059	-0.457352784344	1.23278000955	1114.39743084	49.3251725128	True	
3.57798805219	-1.51472095069	-0.408627741216	1.60233492723	1346.32967703	48.8319207877	True	
2.52766482651	-0.0413804191216	-0.354322498954	1.06687365628	1086.93737362	48.3436015798	True	
2.49243014505	-0.469248849257	-0.403194399274	1.26850354656	1088.35785509	47.860165564	True	
2.66166426947	0.0844758598784	-0.363950966054	1.08753391943	1061.90069988	47.3815639084	True	
2.92262893213	0.325225821954	-0.561251378419	1.26534768576	1299.35519655	46.9077482693	False	
2.70123749257	-0.169058840572	-0.325976836669	1.13273114766	1137.94290925	46.9077482693	True	
2.68535962625	0.423371025438	-0.413702757912	1.03511848328	1026.07286527	46.4386707866	True	
3.11285508969	0.111675707439	-0.47203508946	1.11179320152	1061.86013612	45.9742840787	True	
2.4301990258	-0.731250118916	-0.478509375368	1.50656189142	1207.66575224	45.514541238	True	
3.32945513469	-0.491761723543	-0.537648467222	1.22224021876	1217.42211644	45.0593958256	True	
2.88714476129	-0.493147196335	-0.391277134297	1.09222549441	1118.17020426	44.6088018673	True	
3.04478672555	-0.433722688003	-0.487524489526	1.29669027048	1074.49560246	44.1627138487	True	
2.34118855638	0.586241338	-0.403634268664	1.06871749914	1118.00063992	43.7210867102	True	
3.00922179046	-0.0116819923875	-0.372887496831	1.28755301139	1151.47074607	43.2838758431	True	
2.98250010631	-0.657209979469	-0.453340853533	1.56992385136	1062.42686827	42.8510370846	True	
2.70123332368	-2.09587178112	-0.33457770039	2.11300615684	1166.89534405	42.4225267138	True	
2.37942446616	-2.79712582045	-0.346059059691	2.32620965382	1154.82899069	41.9983014466	True	
2.96166200306	-1.62253417219	-0.431914353829	2.04982711881	1088.0523517	41.5783184322	True	
2.76993836376	-2.27318998889	-0.440083747166	1.94242469084	1096.13315387	41.1625352479	True	
2.67133854881	0.361120336014	-0.413340370939	1.03429836737	1026.04685531	40.7509098954	True	
2.39845562476	-1.02758923586	-0.349554729808	1.57391628166	1132.33502094	40.3434007964	True	
2.53640944282	-1.08469340535	-0.382640933642	1.68262103855	1082.89587801	39.9399667885	False	
3.05465094224	-1.48632460996	-0.460697374449	1.70926925014	1068.07255895	39.9399667885	True	
2.73022630105	-0.681051629074	-0.44277745162	1.47591144401	1045.95834852	39.5405671206	True	
2.44712949647	-0.463640172479	-0.417318287736	1.47350513592	1099.89768594	39.1451614494	True	
2.99422313476	0.0397548759504	-0.361507491422	1.29352536978	1181.11114309	38.7537098349	True	
2.70516772816	0.185917217159	-0.387910256837	1.17566203476	1053.0055036	38.3661727365	True	
3.01944226628	-0.303328847096	-0.481507043537	1.47233266652	1087.04302349	37.9825110092	True	
2.93396960205	-2.16513753704	-0.464850105208	1.84603891372	1123.16022343	37.6026858991	True	
2.7525824085	-1.7813364392	-0.507321727518	2.05692726627	1144.40954899	37.2266590401	True	
3.46968974327	-2.66416577688	-0.436791235867	2.15314374808	1233.01070674	36.8543924497	True	
3.04455898748	-3.55770738666	-0.494722053758	2.53485224056	1117.73573859	36.4858485252	True	
2.95095161302	-3.28026608829	-0.42960279606	2.67068409343	1068.13362195	36.1209900399	True	
2.45093073881	-4.18187868379	-0.321398722242	2.92649202333	1182.22284399	35.7597801395	True	
3.35603853472	-4.69224341614	-0.503272061955	2.96260572712	1196.76008256	35.4021823381	True	
3.05320512732	-3.25887460216	-0.44710630771	2.60418665619	1069.35847459	35.0481605148	True	
3.34145388474	-3.45241265427	-0.43137460072	2.66584457735	1178.73715894	34.6976789096	True	
2.70017456748	-3.72987760677	-0.38555961064	2.61098791932	1103.28149879	34.3507021205	False	
2.87440558023	-2.56184440175	-0.449273224508	2.35518798453	1053.49490642	34.3507021205	True	
2.81631658657	-1.29705346584	-0.481867206747	1.88737775477	1088.83736617	34.0071950993	True	
2.81798658314	-1.6466166356	-0.436357593145	1.9644712945	1051.17037823	33.6671231483	True	
2.94445659969	-2.34625822273	-0.508377729217	2.20219354359	1109.03650399	33.3304519168	True	
2.85425640058	-2.13571451212	-0.428616854898	1.98545486024	1056.93162405	32.9971473977	True	
2.64228688055	-2.52004901888	-0.445600312319	2.16463882782	1085.24536328	32.6671759237	True	
2.83952821864	-1.543674158	-0.429492860971	2.06876739201	1089.23811018	32.3405041645	True	
2.77056622071	-2.84382666903	-0.425677371979	2.32500309065	1055.21513349	32.0170991228	True	
2.52892368478	-2.57695796728	-0.461030323944	2.19908525231	1142.65125385	31.6969281316	True	
2.74002154552	-1.60461981872	-0.428025071459	2.04436289456	1072.26148981	31.3799588503	True	
2.86808794651	-0.539439706104	-0.469981961288	2.05446700147	1250.47917341	31.0661592618	True	
2.79166742664	-0.480413594783	-0.449572323299	1.56876270048	1068.93109999	30.7554976691	True	
3.26951609926	-1.10921806779	-0.433594509703	1.61577007425	1133.495192	30.4479426925	True	
2.91067343266	-1.26870424416	-0.453755670385	1.67152152477	1047.87647113	30.1434632655	True	
2.70445755605	-3.4208545616	-0.391782664302	2.37956170191	1141.28255757	29.8420286329	True	
2.85635326333	-1.44569846521	-0.452996392443	1.80182065187	1046.8461998	29.5436083465	False	
2.84951137854	-1.13945595605	-0.418226441552	1.76254295341	1060.94641885	29.5436083465	True	
3.07473384448	-1.19902020238	-0.392091656141	1.70839142327	1132.6561302	29.2481722631	True	
2.63389312292	-1.83556088496	-0.398231851468	1.97756630264	1066.13149004	28.9556905404	True	
3.16749750528	-2.39901082234	-0.466281942785	2.04373135721	1103.60032827	28.666133635	True	
2.82199346792	-2.13704491707	-0.487245382663	2.19589325602	1088.88442655	28.3794722987	True	
2.89974080223	-3.42163845296	-0.389682150247	2.53181803995	1098.77386388	28.0956775757	True	
3.16148413095	-2.84327630011	-0.478897928473	2.4729893349	1094.87146658	27.8147207999	True	
2.83255462697	-2.6276117116	-0.468344842982	2.27787595405	1062.65580096	27.5365735919	True	
2.88346059944	-2.44361837746	-0.44049089169	2.27934577971	1051.23840395	27.261207856	True	
2.65250939379	-2.27046764804	-0.422685397541	2.38430537989	1093.45233018	26.9885957775	True	
2.57282659021	-2.57122513841	-0.401732494404	2.37349242353	1079.27432541	26.7187098197	True	
2.75836567512	-1.82894446573	-0.439300286488	2.34322229555	1137.4071856	26.4515227215	True	
2.63096944521	-2.66378717112	-0.412714613563	2.31780444725	1063.68274921	26.1870074943	True	
3.01351386136	-3.91594479034	-0.486825613744	2.68799308567	1108.08466722	25.9251374193	True	
2.58668425796	-3.26145259934	-0.42907619697	2.71483730714	1081.96486295	25.6658860451	True	
2.90036736627	-3.2715519729	-0.453891741909	2.52895735141	1053.69973557	25.4092271847	True	
2.80247196547	-2.3872883747	-0.46698743393	2.29300885493	1065.85381572	25.1551349128	True	
2.90240122354	-2.11907189766	-0.439684104685	2.22873108734	1067.24477229	24.9035835637	True	
3.05782157182	-2.92070939991	-0.438771316288	2.55024797411	1089.46223584	24.6545477281	True	
2.72270797465	-2.5417867925	-0.447540546187	2.28109274111	1057.43328929	24.4080022508	True	
2.91876794721	-3.3381143338	-0.408762328562	2.4479995883	1089.06369561	24.1639222283	False	
3.25499805207	-3.26756810279	-0.454601307094	2.66932236078	1130.41593979	24.1639222283	True	
3.11065316919	-3.96046076373	-0.507636597551	2.88526918461	1108.05267113	23.922283006	True	
3.05240210235	-3.98459457688	-0.432716174917	2.8550110206	1075.54101185	23.6830601759	True	
2.50610956013	-4.10255782968	-0.412123603074	2.95961067474	1089.73699215	23.4462295742	True	
2.86064157628	-3.93107021538	-0.378619505609	2.96670744982	1120.14383051	23.2117672784	True	
2.57324890246	-3.72582821498	-0.420988671379	2.92332057341	1084.32614276	22.9796496057	True	
3.0720341157	-4.05101931553	-0.495385280013	2.96499161126	1089.74205507	22.7498531096	True	
2.82335459071	-4.20915304944	-0.434786838617	2.9201150209	1053.67442827	22.5223545785	True	
2.79088951908	-3.78173011285	-0.442291046614	2.94129823883	1062.16828057	22.2971310327	True	
2.94529874866	-3.75752198526	-0.496599017066	2.85219013402	1089.23441636	22.0741597224	True	
3.17292559952	-4.18624852406	-0.433550504271	2.91292712823	1107.47222143	21.8534181252	True	
2.66424802648	-3.82823175478	-0.451735357943	2.85833127685	1071.57657546	21.6348839439	True	
2.8138576736	-4.18778134009	-0.431248378077	2.79843609633	1082.23612378	21.4185351045	True	
2.80202026908	-3.71212462337	-0.450073057261	2.88704390389	1059.20593804	21.2043497534	True	
2.31237363143	-3.3808948491	-0.355300739895	2.64448154638	1160.28910966	20.9923062559	True	
2.82612047966	-3.76296956246	-0.399832455078	2.80966097568	1071.11101057	20.7823831933	True	
2.82668100951	-4.13436264675	-0.433429913671	2.84107380818	1061.95494287	20.5745593614	True	
2.61986654069	-3.96731382621	-0.431422298272	2.96737617482	1070.30630934	20.3688137678	True	
3.05194812176	-3.94694430016	-0.449046615716	2.75528413336	1076.04096513	20.1651256301	True	
2.89691927113	-3.85028706399	-0.435790073015	2.85949714898	1052.25727701	19.9634743738	True	
2.98426037436	-3.12731085639	-0.491901145053	2.70855685715	1101.88063967	19.7638396301	True	
2.70135843549	-3.69654782798	-0.429782150379	2.67516185949	1066.28042485	19.5662012338	True	
2.78787234921	-3.65141545549	-0.477161197121	2.78675805164	1076.55438312	19.3705392214	True	
2.84798529699	-3.89066613614	-0.449045457579	2.6981674266	1074.37315189	19.1768338292	False	
2.97966868401	-2.74374869408	-0.430987574483	2.5282777645	1092.15856152	19.1768338292	True	
2.86131130515	-2.26932682559	-0.431452163635	2.18500494975	1050.23898752	18.9850654909	True	
2.57966391825	-3.26996607752	-0.422529580037	2.48524892338	1088.68711327	18.795214836	True	
3.10883997928	-3.32103902433	-0.418772853255	2.51072108573	1105.44084005	18.6072626877	True	
2.69586542398	-3.10718761783	-0.416815617165	2.5324917286	1056.5593785	18.4211900608	True	
2.74818319009	-3.44083062613	-0.431262469725	2.68401475277	1051.39340911	18.2369781602	True	
2.92925047267	-2.81505419019	-0.455125892927	2.6598745218	1104.44650974	18.0546083786	True	
2.90748763687	-3.21888837682	-0.461425403488	2.70689610182	1068.65501743	17.8740622948	True	
2.74874521728	-3.67365730383	-0.465348793611	2.77446848073	1068.94843365	17.6953216718	True	
2.89719675551	-3.1973526243	-0.440010285389	2.7691442053	1086.8612612	17.5183684551	True	
2.66951844314	-3.3014477804	-0.446965649326	2.64831141833	1066.81028497	17.3431847706	True	
2.92358541142	-2.89362485212	-0.456705282641	2.510206925	1058.56544755	17.1697529229	True	
2.5102704876	-3.30385968978	-0.425355653072	2.58139928446	1095.52050196	16.9980553936	True	
2.92020973977	-3.29993792388	-0.423450187868	2.60998182445	1060.18105547	16.8280748397	False	
2.7748209104	-3.2919381062	-0.437601426548	2.71005193142	1058.97275499	16.8280748397	True	
2.96887827928	-3.33974620861	-0.432327589317	2.6775684439	1066.35161017	16.6597940913	True	
2.64921094277	-3.63077993855	-0.41992301015	2.71131606732	1063.20757825	16.4931961504	True	
2.83494067654	-3.65088471427	-0.474762434856	2.84758211973	1071.80709127	16.3282641889	True	
2.69117853964	-3.24733743484	-0.405622943561	2.58962898357	1061.66935853	16.164981547	True	
2.8577606323	-2.70378227439	-0.479983146461	2.54325289512	1094.3536347	16.0033317315	True	
3.04840253835	-3.19024743694	-0.475947483104	2.54902414408	1069.53220925	15.8432984142	True	
2.74904585605	-3.90824656961	-0.426339815299	2.71453567345	1073.88638555	15.6848654301	True	
3.18980909142	-3.2547418512	-0.462493271206	2.49377561551	1095.89467603	15.5280167758	True	
2.57375460038	-3.56275020567	-0.386472088666	2.55857709108	1108.64902147	15.372736608	True	
2.8877210143	-2.60289445742	-0.455598899506	2.31768178793	1050.8444277	15.2190092419	True	
2.77035659265	-2.4359231835	-0.434611442293	2.24925372077	1049.07051947	15.0668191495	True	
2.83566888936	-2.41944725963	-0.4281490988	2.15307007716	1051.40148673	14.916150958	True	
2.82934232654	-1.80185465621	-0.397807916974	2.12888523034	1102.73155836	14.7669894484	True	
2.8744314335	-0.98801569361	-0.469423265176	1.62586978591	1055.26843447	14.619319554	True	
2.50137234677	-0.870517200784	-0.34307901753	1.51803493355	1122.43146113	14.4731263584	True	
2.82328085717	0.19826804859	-0.41954287415	1.01472298602	1022.36834953	14.3283950948	True	
2.74147648544	-0.375101645811	-0.391229760593	1.25320811944	1051.41947822	14.1851111439	True	
3.01087022493	0.410128689325	-0.459372306598	1.03176300665	1040.23320779	14.0432600324	True	
2.78349951264	0.337644180451	-0.397326437758	1.0245339148	1028.33323514	13.9028274321	True	
2.85009690178	-0.0495438752407	-0.434349026997	1.02850485849	1044.676803	13.7637991578	True	
2.71821189391	0.572692029589	-0.361855969842	1.00865312862	1069.76293121	13.6261611662	True	
2.9666199521	0.0353030368697	-0.435190627232	1.172351282	1038.34332793	13.4898995546	True	
2.92714183812	0.0184229517815	-0.427030916386	1.04619377227	1035.77681773	13.355000559	True	
2.86332810207	0.0118551784695	-0.389788968771	1.08762716236	1050.33277393	13.2214505534	True	
2.88356209143	-0.0403893979281	-0.43356014553	1.11466029321	1030.11445721	13.0892360479	True	
2.73178496778	-0.0801636444209	-0.438371197354	1.16596146919	1036.40476555	12.9583436874	True	
2.84491906549	-0.535119240508	-0.428439747607	1.27239531285	1046.4264276	12.8287602505	True	
2.64808397569	-0.0653786912407	-0.408712988566	1.21603784068	1040.21425778	12.700472648	True	
2.75048289976	0.877961733262	-0.411789638198	1.05842988973	1075.8749655	12.5734679216	False	
2.66405367678	0.483522587369	-0.431386180224	1.03066065243	1033.94651152	12.5734679216	True	
3.06329504546	0.150422831647	-0.417969637929	1.00444893503	1057.24874231	12.4477332423	True	
2.91195491302	0.417334471809	-0.417331332881	1.14523071908	1061.33405068	12.3232559099	True	
2.80313078943	0.111139254038	-0.467617489109	1.12277587034	1049.69918288	12.2000233508	True	
2.92713797487	-0.05350601103	-0.441865551889	1.17683963259	1032.56271398	12.0780231173	True	
2.94623631168	-0.198362461006	-0.447647916409	1.1738296123	1039.26624295	11.9572428861	True	
2.75952312736	0.0189041468185	-0.402987042987	1.06229327483	1034.38179686	11.8376704573	True	
2.82990972933	0.309359416009	-0.399508040313	1.01150109123	1028.71967525	11.7192937527	True	
2.90338754496	-0.112430250908	-0.469759401823	1.19517798485	1047.69175648	11.6021008152	True	
2.6338749523	0.446831961389	-0.402511606825	1.04250539419	1033.83195488	11.486079807	True	
2.72237095309	0.290065534172	-0.424220417027	1.03483947483	1022.9780185	11.3712190089	True	
2.94591322964	-0.137056212678	-0.4667874412	1.27364792459	1047.88607038	11.2575068189	True	
2.84405200428	-0.288184322303	-0.400519812625	1.16165966186	1052.1519063	11.1449317507	False	
2.75707542307	0.212730863871	-0.409410481875	1.13640095432	1032.99466866	11.1449317507	True	
2.55577188769	0.182761141158	-0.395928140895	1.11063515159	1048.18220668	11.0334824332	True	
2.79934686913	0.809418256822	-0.443014448789	1.01582773419	1049.00110735	10.9231476088	True	
2.79610758891	0.273333177734	-0.387006258602	1.02063019227	1037.25924623	10.8139161327	True	
2.59981333592	0.281361646415	-0.406411139996	1.03419497258	1035.61210799	10.7057769714	True	
2.83356717682	-0.144010942098	-0.410843253328	1.2768197164	1042.61784256	10.5987192017	True	
2.78968139793	-0.177304084548	-0.393994975547	1.29874426192	1055.2093045	10.4927320097	True	
2.56780335835	0.016153934815	-0.406696145078	1.14471555912	1049.33516289	10.3878046896	True	
2.74095334811	-0.00472025275735	-0.41802103264	1.04614355274	1037.33913142	10.2839266427	True	
2.80646449167	0.165448720861	-0.433657992284	1.13740822305	1027.44969176	10.1810873763	True	
2.74573952863	0.207172562979	-0.409769189279	1.01157273704	1024.17559171	10.0792765025	True	
2.68568575033	0.0449468871803	-0.393419144862	1.04533424617	1040.53173142	9.97848373748	True	
2.74595956018	-0.102292464058	-0.429833929056	1.24743248942	1033.82175692	9.8786989001	True	
2.83367998813	0.208388206724	-0.389005063069	1.0692229246	1044.24396816	9.7799119111	True	
2.56160411914	0.196263767667	-0.393863854355	1.07594008881	1045.47770112	9.68211279199	True	
2.60564416366	0.396080897874	-0.40758220206	1.13221196474	1051.74068521	9.58529166407	True	
2.85952618089	0.4396125798	-0.420586505383	1.07424483948	1034.51303654	9.48943874743	True	
2.73024676765	-0.0657180032634	-0.418048377073	1.09159833585	1036.74486564	9.39454435996	True	
2.68175336026	0.0641965227761	-0.425186090511	1.08925564387	1034.61837929	9.30059891636	True	
2.98005778828	0.40075243918	-0.443121011734	1.1177703896	1050.27940737	9.20759292719	True	
2.76252640787	0.0610075087575	-0.427675579595	1.14707176383	1027.35557615	9.11551699792	True	
2.87131933321	-0.127773664195	-0.415987154785	1.21287263009	1036.14005664	9.02436182794	True	
2.90927056718	-0.081120268767	-0.437223011464	1.23815548793	1035.539885	8.93411820966	True	
2.88677911172	-0.0478126052368	-0.454316035435	1.13016544912	1036.40858514	8.84477702757	False	
3.11231573216	-0.0197477200453	-0.463463081183	1.03686496372	1068.74248323	8.84477702757	True	
2.89541895747	0.342301736073	-0.445557460999	1.15699712076	1045.57860195	8.75632925729	True	
2.78278835953	0.0547369150293	-0.428296156501	1.18077831071	1029.31856871	8.66876596472	True	
2.74944214889	0.129184361634	-0.418148447705	1.00761834032	1029.53908236	8.58207830507	True	
2.68001607907	0.478042253802	-0.399706434619	1.03892328985	1032.65283753	8.49625752202	True	
2.83395669095	-0.0254816644435	-0.434951768409	1.1442441205	1027.65199232	8.4112949468	True	
2.68935012772	0.20479692509	-0.419642351114	1.19759505935	1043.56173474	8.32718199733	True	
2.85467221295	0.540389528325	-0.415082095798	1.03875112303	1035.55984665	8.24391017736	True	
2.89607032698	0.223768127455	-0.439665929469	1.11659317961	1029.74402481	8.16147107558	True	
2.93089754986	0.359639032082	-0.450667326204	1.02920303906	1028.11316699	8.07985636483	True	
2.69698479904	0.190687714967	-0.397785680342	1.03907367155	1029.78263404	7.99905780118	True	
2.83216003575	0.0408746569414	-0.444806716386	1.05496507711	1034.72741431	7.91906722317	True	
2.76458485974	0.193604739268	-0.407581400974	1.11764849802	1030.36087074	7.83987655094	True	
2.81938589381	0.461481373275	-0.453648044131	1.05576718718	1035.42039553	7.76147778543	True	
2.63105404037	0.345483819954	-0.425315636021	1.00985694273	1034.13928482	7.68386300757	True	
2.75457494891	0.461722043767	-0.400157550669	1.00582247663	1025.40575184	7.6070243775	True	
2.77308739121	0.050232070781	-0.455649377222	1.07328744892	1046.14394215	7.53095413372	True	
2.71751534768	0.488068970221	-0.412045006043	1.04326017708	1028.83582224	7.45564459239	True	
2.7645452277	0.303203349416	-0.432494932456	1.00200671776	1021.58318768	7.38108814646	True	
2.92525527651	0.428516382739	-0.446862162855	1.04742560937	1031.0475022	7.307277265	False	
2.69237961366	0.3905915809	-0.414063748909	1.06341651316	1028.73216998	7.307277265	True	
2.73450105196	0.278211558125	-0.394974728016	1.07461800774	1033.43578574	7.23420449235	True	
3.02237942983	-0.0859131817286	-0.439208952832	1.2330821312	1049.47998054	7.16186244742	True	
2.89647961785	0.00488978698535	-0.458165286916	1.04368503798	1047.21470424	7.09024382295	True	
2.79064157554	0.294562326761	-0.437363879729	1.04466669536	1022.79085767	7.01934138472	True	
2.8544308541	0.233989440887	-0.448257493923	1.023743574	1026.92795923	6.94914797087	True	
2.74153503981	0.326751763469	-0.43190254501	1.06429570742	1025.58164064	6.87965649116	True	
2.67738910497	-0.225128741148	-0.419948253467	1.29010873543	1040.09270544	6.81085992625	True	
2.84080688447	0.135323719069	-0.457201050315	1.06578806953	1036.22065488	6.74275132699	True	
2.7693719171	-0.313119450362	-0.438625948338	1.30440036884	1036.02157626	6.67532381372	False	
2.83097007309	-0.510883984037	-0.415482475559	1.35296014976	1040.21972459	6.67532381372	True	
2.92084025786	-0.937136110006	-0.449887094345	1.50585263524	1046.54615176	6.60857057558	True	
2.7235674566	-0.255217760768	-0.422453131444	1.36162523439	1043.36425648	6.54248486983	True	
2.7426636309	-0.301912176475	-0.421405196295	1.25288296596	1035.54948115	6.47706002113	True	
2.84388324437	0.102972376951	-0.410947833693	1.08411234625	1028.96309499	6.41228942092	True	
2.82919124665	0.362387897963	-0.434427024021	1.03270389643	1020.67804816	6.34816652671	True	
2.74874794965	0.316358476433	-0.434420171101	1.05908236389	1025.28959969	6.28468486144	True	
2.84750803018	-0.425035115381	-0.43740869443	1.30997736115	1035.24965127	6.22183801283	True	
2.6610249034	0.250285098031	-0.413741541706	1.03401985258	1028.4463195	6.1596196327	True	
2.76270823878	-0.050156648973	-0.428711206223	1.14798579766	1029.59879545	6.09802343637	True	
2.78525481211	0.557842217624	-0.40546781276	1.05736873901	1042.02236853	6.03704320201	True	
2.75208653394	0.101258328706	-0.424551556957	1.0625908802	1026.81910329	5.97667276999	True	
2.91180223466	0.0862292366819	-0.420599296894	1.05178119527	1031.27632674	5.91690604229	True	
2.93358312804	0.0744021594094	-0.410130023116	1.12004822508	1042.58856114	5.85773698186	True	
2.79674783804	0.144417762512	-0.43360835164	1.09027556655	1024.34576824	5.79915961205	True	
2.74377406374	0.423007444858	-0.448692872056	1.01808848308	1032.56333689	5.74116801593	True	
2.82312744919	0.341151021695	-0.442331730668	1.01058805136	1021.94860697	5.68375633577	True	
2.80615063426	-0.0989460084431	-0.418966885987	1.16913853356	1029.87137179	5.62691877241	True	
2.78131114595	0.318572474323	-0.450080661314	1.08436916505	1033.72782523	5.57064958468	True	
2.81824171496	0.497071193685	-0.427846169497	1.00691201446	1020.3056493	5.51494308884	True	
2.7578308294	0.344584001948	-0.420645980885	1.02350304958	1019.55177051	5.45979365795	True	
2.78853509173	-0.00309922192133	-0.419840121654	1.11572846149	1027.58798415	5.40519572137	True	
2.79144371496	0.514034550444	-0.435787102497	1.0171658462	1023.84254322	5.35114376416	True	
2.7648239303	0.299508562097	-0.43355530107	1.05507364334	1023.45250918	5.29763232651	True	
2.68262355863	0.338642754684	-0.408463360743	1.07944969114	1030.78380249	5.24465600325	True	
2.7390438979	0.172615376528	-0.414565316021	1.09588814014	1025.67766325	5.19220944322	True	
2.87096147609	0.102861557425	-0.403785194029	1.10228202629	1037.3569013	5.14028734878	True	
2.95739115248	0.324246611736	-0.460124071436	1.13496788468	1047.73407237	5.0888844753	True	
2.9887724499	0.541383145217	-0.456087899436	1.00556093273	1038.28317154	5.03799563054	True	
2.64525243725	0.218424677644	-0.401928988174	1.02137965293	1031.77755512	4.98761567424	True	
2.66642555991	0.191556641867	-0.417855308261	1.03284358073	1031.04014755	4.9377395175	True	
2.86936277644	0.428876919558	-0.433935510722	1.03914685663	1024.64453509	4.88836212232	True	
2.8272768747	0.275792277505	-0.411571285045	1.0482164124	1024.52296638	4.8394785011	True	
2.65459220149	-0.0643979594162	-0.409396386509	1.21387570077	1039.3036915	4.79108371609	True	
2.74672684323	0.344441312706	-0.40460118782	1.08868302065	1032.88803542	4.74317287893	True	
2.96606293883	0.467969822018	-0.436744685754	1.02758280115	1033.85877845	4.69574115014	False	
2.90023732294	0.30000447819	-0.440388697667	1.04021233387	1023.80483001	4.69574115014	True	
2.7181562146	0.199512386555	-0.422553311874	1.14728913397	1032.20276569	4.64878373864	True	
2.71307420684	0.124988878967	-0.431138627858	1.05809345191	1031.79700787	4.60229590125	True	
2.77033146226	0.256317033663	-0.427297741352	1.04162753788	1021.2142084	4.55627294224	True	
2.6833301055	0.336230470712	-0.412800769458	1.01298090092	1023.53537976	4.51071021281	True	
2.76657466528	0.109521512927	-0.437111796484	1.12517508175	1028.36044494	4.46560311069	True	
2.71252655971	0.344458387196	-0.395052492335	1.04364388268	1030.31320453	4.42094707958	True	
2.78993249105	0.159948992611	-0.414987456354	1.06469103751	1023.69265499	4.37673760878	True	
2.78457320941	0.485034746779	-0.434368664221	1.00160668197	1020.3914104	4.3329702327	True	
2.85549277233	0.257589621323	-0.436794893421	1.05390351382	1022.29553386	4.28964053037	True	
2.90167687239	-0.201421087286	-0.407433737467	1.07381530887	1059.63053957	4.24674412506	True	
2.78520615746	0.130810935291	-0.411249787669	1.03002674832	1026.53798336	4.20427668381	True	
2.73822128898	0.157062971887	-0.411462350134	1.03491384907	1025.836519	4.16223391698	True	
2.7353358159	0.118011634463	-0.407647367536	1.1990299288	1040.10346711	4.12061157781	True	
2.89325824001	0.143538316989	-0.443980469865	1.11779095291	1028.41515386	4.07940546203	True	
2.84014825794	0.406050650328	-0.420127846423	1.02800795157	1022.34459264	4.03861140741	True	
2.92920835522	0.59757241906	-0.450557255224	1.02495137302	1038.42602319	3.99822529333	True	
2.84593725082	0.148282550832	-0.423909894237	1.00265598138	1026.47410129	3.9582430404	True	
2.73241689945	0.488281665689	-0.43519483138	1.00337572017	1024.35025171	3.91866061	True	
2.85042202764	0.18810716663	-0.43929285604	1.00805680999	1025.9479124	3.8794740039	True	
2.79423533993	0.252110130417	-0.40471918912	1.08980226531	1030.94601706	3.84067926386	False	
2.74573753262	-0.080833638409	-0.397976881537	1.08370691084	1042.62478474	3.84067926386	True	
2.92110017116	0.317330058671	-0.418284424647	1.03451190555	1029.63984687	3.80227247122	True	
2.90453015068	0.218023125518	-0.435828660584	1.04455043772	1024.18845569	3.76424974651	True	
2.78453036748	0.0194131091214	-0.419982889416	1.08666537762	1028.04061576	3.72660724904	True	
2.7144043732	0.384277110226	-0.431721858681	1.0108005746	1024.34037995	3.68934117655	True	
2.77880876309	0.224336924484	-0.404141937157	1.03521390494	1025.24636866	3.65244776479	True	
2.78832270005	0.320795809777	-0.39684055447	1.00997365214	1027.32895868	3.61592328714	True	
2.85470788428	0.268813370518	-0.428680087764	1.04725984322	1021.36095306	3.57976405427	True	
2.84272779931	0.239134387731	-0.422844190064	1.00246454132	1020.98571413	3.54396641372	True	
2.7639746713	0.349339368148	-0.433269346051	1.06866750483	1025.62020062	3.50852674959	True	
2.77295639644	0.357773455438	-0.436593173564	1.03516480803	1022.977327	3.47344148209	True	
2.79103550471	0.348765894207	-0.435233954495	1.00809460426	1020.03385547	3.43870706727	True	
2.78892678113	-0.0126513071689	-0.426676610627	1.1311701213	1027.32457474	3.4043199966	True	
2.77415731505	0.361104718	-0.418509789956	1.0117130375	1018.41036201	3.37027679663	True	
2.84856383798	0.284472050938	-0.433993333705	1.10261852001	1027.54361119	3.33657402867	False	
2.70393925864	0.0854241886175	-0.425514334287	1.05384897727	1033.5622922	3.33657402867	True	
2.78462935809	0.328870667011	-0.428927742092	1.00376648772	1018.70851164	3.30320828838	True	
2.75075831872	0.377302580359	-0.426320755604	1.01517926581	1019.83764417	3.27017620549	True	
2.81389183805	-0.00913714551324	-0.424347892924	1.11762463936	1027.23624809	3.23747444344	True	
2.83925832394	-0.0312572191464	-0.442418745144	1.10154308875	1032.71777192	3.20509969901	True	
2.8274944724	0.116225129224	-0.426534926779	1.10572888166	1024.31209673	3.17304870202	True	
2.74957542941	-0.481790744372	-0.409641538918	1.35479249248	1040.86793614	3.141318215	True	
2.92661714119	0.0261184765276	-0.445461372338	1.24588226842	1043.1147712	3.10990503285	True	
2.79754543793	0.188435200258	-0.425083494543	1.14355319789	1029.06632565	3.07880598252	True	
2.67829655771	0.417986238711	-0.418739036359	1.00309300206	1023.51041078	3.04801792269	True	
2.77524774871	0.30094869847	-0.42199966463	1.06376053763	1022.38068433	3.01753774346	True	
2.84258709824	0.196082335497	-0.408587983063	1.01877264134	1026.62571373	2.98736236603	True	
2.86521363964	-0.149182681993	-0.432552479045	1.22197630021	1030.91088691	2.95748874237	True	
2.79324646627	-0.194686267136	-0.414139648465	1.19677896107	1033.64458403	2.92791385495	True	
2.88619243597	0.323675620316	-0.456030844352	1.05076553445	1030.76343814	2.8986347164	True	
2.80210003649	0.22521940256	-0.430384532372	1.02047946918	1021.56805643	2.86964836923	True	
2.83246384068	0.325691924099	-0.437129310028	1.01305965163	1019.99811438	2.84095188554	True	
2.81567389655	0.0544549236465	-0.411363143465	1.12174656549	1029.17218036	2.81254236668	True	
2.8116103953	0.370068502333	-0.417397603843	1.04499634761	1023.06703063	2.78441694302	True	
2.71971073412	0.329812717718	-0.416571077553	1.01738146939	1021.05646282	2.75657277359	False	
2.77759856781	0.256726182523	-0.434078328758	1.0523299566	1022.86162947	2.75657277359	True	
2.79366326051	0.301253725948	-0.432777226764	1.03816679928	1020.87379422	2.72900704585	True	
2.80515377398	0.130267613636	-0.423885356108	1.04434688013	1024.15036486	2.70171697539	True	
2.74528304142	0.468272128053	-0.42179379326	1.00766108302	1020.0668058	2.67469980564	True	
2.78606834572	0.500865799072	-0.417674657513	1.02133808565	1023.59305991	2.64795280758	True	
2.84858583167	0.477960137961	-0.43929930919	1.03475189655	1025.9104412	2.62147327951	True	
2.78102110435	0.356558753752	-0.428039000702	1.0685325711	1024.40393903	2.59525854671	True	
2.72136797785	0.369162464253	-0.434203495203	1.09245714211	1033.09461624	2.56930596125	True	
2.7481375607	0.188647727151	-0.422935009188	1.04692460559	1023.51463325	2.54361290163	True	
2.87531230805	0.360530931537	-0.447394625737	1.03765246734	1025.44684627	2.51817677262	True	
2.79349031449	0.296943497238	-0.428627714309	1.03061227099	1019.73952851	2.49299500489	True	
2.73001562871	0.40315571599	-0.423309496718	1.00135980107	1019.6124255	2.46806505484	True	
2.77594078646	0.441299456368	-0.417436542235	1.00820562633	1019.13774586	2.44338440429	True	
2.8419594248	0.241894516255	-0.441612240699	1.04768975174	1023.48062966	2.41895056025	False	
2.76341160721	0.353708679153	-0.419579657429	1.00186892756	1017.99858988	2.41895056025	True	
2.84062952655	0.0512890062056	-0.422008898213	1.12730111455	1026.80328101	2.39476105465	True	
2.80591352005	0.0894603186331	-0.411822378993	1.07917072486	1026.94881924	2.3708134441	True	
2.82286226539	0.277243806887	-0.423339973639	1.03488612629	1019.98249211	2.34710530966	True	
2.81461197022	0.485388808981	-0.437990607925	1.04101296863	1026.80056613	2.32363425656	True	
2.82333015356	0.395798227396	-0.433745017146	1.0185265258	1019.65677578	2.300397914	True	
2.79139319538	0.446555035859	-0.429700951218	1.02750881859	1021.59948687	2.27739393486	True	
2.74062526103	0.293659179918	-0.429414038049	1.02841432678	1022.63804238	2.25461999551	True	
2.77334750398	0.333000946839	-0.428087591341	1.04488399861	1021.2468089	2.23207379555	True	
2.83533204175	0.351318323131	-0.437347458642	1.03337648432	1021.2276457	2.2097530576	True	
2.89734145113	0.290463648092	-0.425525243376	1.02329515328	1022.96817392	2.18765552702	True	
2.85757091711	0.408639893004	-0.430391299873	1.0342414068	1022.56576471	2.16577897175	True	
2.83336876997	0.503839598099	-0.427669281522	1.00289504651	1020.34850755	2.14412118203	True	
2.83352814226	0.269119961668	-0.417811017642	1.01335495091	1020.4975033	2.12267997021	True	
2.84475459996	0.121207744501	-0.431217476202	1.03714650302	1025.57727127	2.10145317051	True	
2.84380557572	0.209691767079	-0.434849530154	1.04504343571	1022.1312214	2.08043863881	True	
2.78858766999	0.290136292467	-0.421679069334	1.01299080292	1018.91214296	2.05963425242	True	
2.78050482036	0.264365957841	-0.419012805627	1.01407406874	1019.81112366	2.03903790989	True	
2.76465520689	0.278749085483	-0.423549494163	1.02950348907	1020.26422193	2.0186475308	True	
2.80864020252	0.10251785901	-0.421765704677	1.09680232605	1024.38564475	1.99846105549	True	
2.85197124756	0.343884481907	-0.447005929248	1.03290809127	1024.64759447	1.97847644493	True	
2.81788995343	0.389201839885	-0.430191025907	1.01052819444	1018.32884816	1.95869168048	True	
2.76890023419	0.321991481079	-0.426404405661	1.04732110847	1021.29392572	1.93910476368	True	
2.87190532986	0.2000546031	-0.418061180961	1.0543678795	1025.4247225	1.91971371604	True	
2.83755037593	0.395958559819	-0.41981467163	1.02912827264	1022.12785711	1.90051657888	True	
2.77050996243	0.437042474833	-0.43277726531	1.01039772711	1020.5064009	1.88151141309	True	
2.85253675138	0.261282336933	-0.433977848304	1.01516368576	1020.6826043	1.86269629896	True	
2.88448647007	0.20040336261	-0.451645623753	1.03571950422	1029.33917552	1.84406933597	True	
2.82799559082	0.299185248608	-0.437532080194	1.0206454978	1020.76983672	1.82562864261	True	
2.81182677806	0.460378971832	-0.422802485161	1.00954780505	1019.58856198	1.80737235619	True	
2.8479155732	0.357102635246	-0.431183131327	1.01480580212	1019.03327131	1.78929863262	False	
2.70852719389	0.435387747713	-0.422151801086	1.00443303366	1021.43698528	1.78929863262	True	
2.78664553304	0.386448058703	-0.426246140836	1.04657101501	1022.15762352	1.7714056463	True	
2.85287125285	0.320418236536	-0.417033917281	1.01029443958	1020.94102793	1.75369158984	True	
2.84201916844	0.327762181542	-0.431477118641	1.04057758555	1020.81379522	1.73615467394	True	
2.8243791211	0.372981819305	-0.424359859941	1.00988516863	1018.14424311	1.7187931272	True	
2.82399608935	0.318914917043	-0.444511135345	1.05710866697	1025.53019796	1.70160519593	False	
2.76854705144	0.243051034246	-0.418434970163	1.06331619378	1022.21103088	1.70160519593	True	
2.75889400826	0.306361002557	-0.415684647033	1.02235018911	1019.91706311	1.68458914397	True	
2.81798364241	0.140375879703	-0.43078419912	1.09003383656	1023.50835275	1.66774325253	True	
2.75996985735	0.110359113381	-0.416787087476	1.09190158596	1025.2075004	1.65106582	True	
2.79847731955	0.208642119035	-0.416787035739	1.05030270203	1022.04713426	1.6345551618	True	
2.77530558488	0.305630232834	-0.434340373317	1.01493724516	1021.45918855	1.61820961018	True	
2.8074608873	0.410916336099	-0.430849461705	1.00864322044	1018.48480042	1.60202751408	True	
2.80877627575	0.36591934819	-0.422724973206	1.00790273103	1017.79693014	1.58600723894	True	
2.81193167347	0.431686541181	-0.429602616297	1.0097209709	1018.76398729	1.57014716655	True	
2.76081368677	0.215533009697	-0.418083528631	1.03415140203	1021.89862893	1.55444569489	True	
2.83992544855	0.382993689953	-0.422092674401	1.0275504183	1021.11306265	1.53890123794	True	
2.74413323922	0.433058902539	-0.416750191452	1.00348930007	1018.95164095	1.52351222556	True	
2.84567670304	0.212832676372	-0.425612271465	1.06513276008	1022.42930975	1.5082771033	True	
2.85238912097	0.230087970751	-0.421476645032	1.00604819594	1021.79516358	1.49319433227	True	
2.80901796419	0.267238280803	-0.418738060539	1.07482826951	1023.80769335	1.47826238895	True	
2.81927340941	0.424607307763	-0.43306529551	1.00514870971	1018.63469701	1.46347976506	True	
2.83575450005	0.444775959928	-0.430117224358	1.05188259192	1026.20029265	1.44884496741	True	
2.79449402067	0.259199753578	-0.435752244272	1.10577311827	1026.98639389	1.43435651773	True	
2.85064357319	0.33228162159	-0.422772666868	1.01166712976	1019.39778966	1.42001295255	True	
2.76520433906	0.265987447889	-0.417030585696	1.03809133112	1020.83978243	1.40581282303	True	
2.80127799403	0.350133194394	-0.42445541764	1.02128349531	1018.68330695	1.3917546948	True	
2.85837549981	0.380999369504	-0.423325392631	1.00474081149	1019.3098612	1.37783714785	True	
2.81581558129	0.436631250016	-0.425573543741	1.00399288472	1018.11444875	1.36405877637	True	
2.79937861735	0.378509608647	-0.420038798057	1.00665805262	1017.87306449	1.35041818861	True	
2.78362127949	0.41916827856	-0.422119510501	1.00646318413	1018.03989758	1.33691400672	True	
2.8211183781	0.287778050213	-0.444306613039	1.05103283583	1024.91584257	1.32354486666	True	
2.69190162673	0.375433341789	-0.423461108137	1.00777122232	1023.63996133	1.31030941799	True	
2.78238562809	0.373169900363	-0.416968941343	1.02232865021	1019.66542504	1.29720632381	False	
2.77058160838	0.222212852803	-0.435739417265	1.06245104212	1024.60218778	1.29720632381	True	
2.76117448214	0.416622341803	-0.415718440748	1.0043793813	1018.57001775	1.28423426057	True	
2.77783866095	0.329531977898	-0.407748486554	1.0059732764	1020.682147	1.27139191797	True	
2.75458764038	0.351094371556	-0.41978232663	1.02575225787	1019.86087417	1.25867799879	True	
2.82182566843	0.404741115717	-0.414964263001	1.00274606543	1019.55199188	1.2460912188	True	
2.84987108845	0.24954910391	-0.440979248699	1.05387162521	1023.31786052	1.23363030661	True	
2.77541032263	0.323201223746	-0.424202564978	1.00100385698	1018.35639701	1.22129400354	True	
2.8870564265	0.233383795667	-0.430991714665	1.02676456949	1022.45680686	1.20908106351	True	
2.81011986711	0.418911492592	-0.421998020055	1.00498957457	1018.05819468	1.19699025287	True	
2.82356685329	0.412281109041	-0.426511050091	1.03385886864	1021.54245214	1.18502035034	True	
2.81917239696	0.337990292926	-0.4263521349	1.01285210636	1018.2022549	1.17317014684	True	
2.80801633528	0.471995348318	-0.427865929131	1.00280761013	1018.72825059	1.16143844537	False	
2.7472627765	0.458482703574	-0.417485101138	1.00097658469	1018.95457581	1.16143844537	True	
2.73589027035	0.281878149218	-0.417737572677	1.01002531838	1020.94462877	1.14982406092	True	
2.84962928639	0.32201721503	-0.423675466721	1.01589247477	1019.5123984	1.13832582031	True	
2.82181282816	0.38687043941	-0.424151033996	1.00600641225	1017.84750341	1.12694256211	True	
2.80986210351	0.430554558606	-0.430243539187	1.00060371128	1017.84991833	1.11567313649	True	
2.81889373951	0.345822796259	-0.420691884213	1.01762647133	1018.95349066	1.10451640512	True	
2.8080799196	0.365505071497	-0.431473645878	1.00525208574	1018.19364138	1.09347124107	True	
2.74902776151	0.344443023042	-0.423438385968	1.0008708195	1019.00204722	1.08253652866	True	
2.77440053445	0.388615331393	-0.420170056866	1.0053790348	1017.83919685	1.07171116337	True	
2.82272695564	0.397792993798	-0.430651966638	1.0078433293	1018.23889335	1.06099405174	True	
2.76076813033	0.305149532539	-0.40973740045	1.00558346195	1020.30539088	1.05038411122	True	
2.73102528331	0.253627825094	-0.410090347939	1.01917496159	1022.59962399	1.03988027011	True	
2.83221601311	0.212139418136	-0.4335907737	1.0128903098	1022.6196993	1.02948146741	True	
2.77364587178	0.426602140939	-0.412888184962	1.00481267668	1019.34390462	1.01918665273	True	
2.78612865115	0.355536775782	-0.416747180035	1.01761659883	1019.10208102	1.00899478621	True	
2.82539859545	0.410106956325	-0.435742167916	1.00809094226	1019.28868061	0.998904838344	True	
2.73940757953	0.3631700469	-0.42093734435	1.02768767695	1020.74134825	0.988915789961	True	
2.80751018663	0.385689132825	-0.426537765006	1.01858470912	1018.77128947	0.979026632061	True	
2.82301008804	0.221444867922	-0.417368842754	1.02607842681	1021.66382719	0.969236365741	True	
2.80822474946	0.459262450941	-0.420790700303	1.00603402398	1019.23180603	0.959544002083	True	
2.77936859809	0.34149198306	-0.432596959408	1.0280429162	1020.71564997	0.949948562062	True	
2.77719307849	0.356373319773	-0.417479341453	1.00743671063	1018.18985168	0.940449076442	True	
2.79684936413	0.337302984026	-0.412606222158	1.02570825085	1021.0192424	0.931044585677	True	
2.80127338645	0.409906676301	-0.422970551991	1.00554488831	1017.78921653	0.921734139821	True	
2.8253797306	0.435168934289	-0.42397104123	1.00991969183	1019.17840661	0.912516798422	True	
2.82541121419	0.402426366458	-0.438853091363	1.0240788433	1021.57074301	0.903391630438	True	
2.78241406553	0.251454691022	-0.417666993268	1.07462385991	1023.2793701	0.894357714134	True	
2.79947694085	0.432888618351	-0.420387609575	1.00046803231	1017.77892074	0.885414136992	True	
2.7595762153	0.349122174142	-0.426970367369	1.03277835202	1020.73746668	0.876559995623	True	
2.81332314676	0.515913745922	-0.43317663855	1.00152529781	1020.56035495	0.867794395666	True	
2.83264013694	0.363452347297	-0.426330229982	1.0194336749	1019.0149497	0.85911645171	True	
2.8147488875	0.341284716828	-0.428092803176	1.03194533177	1019.61089498	0.850525287193	True	
2.81650324131	0.386234276809	-0.424824428293	1.02301792796	1019.40210041	0.842020034321	True	
2.74202743672	0.35194484395	-0.408805101642	1.00945131394	1020.43862678	0.833599833977	True	
2.82964427571	0.13410470313	-0.426656122885	1.06906470736	1023.27797199	0.825263835638	False	
2.77925669126	0.346541809728	-0.419568568168	1.00629100365	1017.97431788	0.825263835638	True	
2.84742845486	0.30666736061	-0.428716544404	1.03276156171	1020.14437724	0.817011197281	True	
2.73450030928	0.435582919537	-0.420970854172	1.00140729188	1019.19105827	0.808841085308	True	
2.85325394947	0.337452404237	-0.429183507441	1.00501450293	1018.57236944	0.800752674455	True	
2.86298650284	0.388232417888	-0.433002200072	1.01103923025	1019.57239764	0.792745147711	True	
2.8059958242	0.379110639416	-0.421060626886	1.00708814474	1017.87957356	0.784817696234	True	
2.77335514217	0.331705302465	-0.42648706575	1.02669572466	1019.63038248	0.776969519271	True	
2.8034969336	0.384624408394	-0.42416594656	1.01034580701	1017.96859072	0.769199824079	True	
2.77054582631	0.283262429803	-0.42906347021	1.01147419949	1020.63295642	0.761507825838	True	
2.7356921531	0.476732912852	-0.418584962719	1.01152419564	1021.21038007	0.753892747579	False	
2.76686203212	0.452150165458	-0.422795746001	1.00326239891	1018.49064004	0.753892747579	True	
2.81496436879	0.272319259482	-0.422774162607	1.02291970417	1019.45209281	0.746353820104	True	
2.76163434555	0.396998629731	-0.41796950658	1.00259188163	1017.98762243	0.738890281903	True	
2.83722503018	0.285071758187	-0.419781103252	1.00496480747	1019.66344947	0.731501379084	True	
2.82064111464	0.284363099083	-0.428768625722	1.03832574889	1019.9917172	0.724186365293	True	
2.7789796063	0.329363793967	-0.424847284796	1.013299566	1018.57916626	0.71694450164	True	
2.81619916476	0.434104723303	-0.4262462187	1.02140352903	1020.29440962	0.709775056623	True	
