Parameter 1	Parameter 2	Parameter 3	Potential	Temperature	Equilibruim
2.18591916113	-0.264309283052	2.73640158836	14074.9563122	5266.62508612	False	
-5.21760706309	1.48605261321	1.5802964415	11075.2249061	5266.62508612	True	
0.482980533603	-0.481799693019	1.45952726114	8768.39391193	5003.29383182	False	
3.73731786779	-0.789026033932	0.815839982474	8389.00337181	5003.29383182	True	
-3.11788416496	-0.547583220499	1.50868173322	6765.33433497	4753.12914022	True	
-0.378592146372	0.451533260111	-0.306808434493	11326.2990616	4515.47268321	True	
9.5813600722	-0.745851029072	2.5734536434	8224.90801137	4289.69904905	True	
-6.15450522613	1.82791516108	2.41613683843	13069.4956917	4075.2140966	True	
-3.37611496526	-0.416584425184	1.96330866891	7578.43260076	3871.45339177	True	
-0.0484904475545	-0.551602910315	1.07921680258	6938.64422554	3677.88072218	True	
-4.77150718074	-0.700263191312	2.31578407951	6708.10102723	3493.98668607	True	
5.1539442232	-0.662296791338	2.60530946468	8255.08543103	3319.28735177	True	
-0.606047498807	-0.541798814213	2.33682585472	8606.84559617	3153.32298418	True	
5.33828130978	-0.286043189413	-0.363634557991	11651.5416103	2995.65683497	True	
0.082914248332	1.42726326309	-0.388137206848	11858.8564047	2845.87399322	True	
-4.0838594131	2.74676007883	1.19998699611	10589.4193837	2703.58029356	True	
-0.414706231302	-0.724582885654	0.871776954038	6435.00653521	2568.40127888	True	
-8.10684006621	2.20670762188	2.84241348395	10989.3288169	2439.98121494	True	
5.2588292157	-0.394441985862	-0.444164552198	10686.1223325	2317.98215419	True	
-3.13053765219	2.04296438531	0.825414089348	10633.5015559	2202.08304648	True	
6.74419860664	-0.827348122261	1.88090133733	8851.25891467	2091.97889416	False	
-2.37160853792	-0.712028008159	1.24355328689	6927.43869709	2091.97889416	True	
0.474539958062	-0.703080179485	1.88135893211	7709.48689799	1987.37994945	False	
2.28268700135	-0.910919974769	0.136673353265	10394.7442178	1987.37994945	True	
-0.907688387115	-0.582624748427	1.70592659894	7132.22420085	1888.01095198	True	
5.09614678292	-0.518752626328	-0.292826315441	9431.97889323	1793.61040438	True	
1.21756263721	-0.703179889565	1.23369945012	7453.38735806	1703.92988416	True	
5.90828056384	-0.717924423297	1.7807651356	8163.38470991	1618.73338995	False	
-4.95517433001	-0.590555047967	2.6231621846	6238.24644103	1618.73338995	True	
1.51484826513	-0.57913891743	-0.0340258141267	6956.95723107	1537.79672045	True	
-4.89637122537	-0.655121147542	1.83557897539	9377.68739481	1460.90688443	True	
-1.43288715212	-0.753386873923	1.78178021594	6852.97468411	1387.86154021	True	
8.15110774012	-0.615679018049	0.828192206083	8562.68033944	1318.4684632	False	
1.83617796593	-0.385295721168	-0.101869333498	8123.05726724	1318.4684632	True	
6.03489431891	-0.807741929801	0.269156944409	9121.42945645	1252.54504004	True	
-4.3935433151	-0.545999546956	2.84654130264	6780.44389868	1189.91778804	True	
-5.00641141964	-0.69649296705	2.5211499522	6450.589942	1130.42189864	True	
8.39244164772	-0.698622401689	1.6351892132	8182.30580781	1073.9008037	False	
3.1644270967	-0.728701557445	0.809147656814	7930.25127741	1073.9008037	True	
0.00304155022614	-0.419884519197	0.468543005864	7490.95911521	1020.20576352	True	
2.90202941828	-0.67449274931	2.63172857028	8178.97905032	969.195475343	False	
-0.666817656993	-0.593200130924	1.32969127495	6632.30416477	969.195475343	True	
6.12546180217	-0.469603159113	-0.268433156503	10057.8526565	959.50352059	True	
-2.20219711959	-0.390059368074	1.78588472224	8355.53044635	949.908485384	True	
-3.05522032158	-0.522491228287	1.87021013632	6602.45704073	940.40940053	True	
6.78878921923	-0.897012620509	2.05890717214	9985.23576823	931.005306525	True	
-6.68504993706	0.273076711604	2.42813654085	10122.2401399	921.695253459	True	
-2.08178653197	-0.481224980476	1.70881000408	7195.60841159	912.478300925	True	
-4.97915114637	-0.713383112994	2.26116126944	7298.79819239	903.353517915	False	
-1.95023471419	-0.740546031929	1.7663547886	6515.91885939	903.353517915	True	
-4.91620563521	-0.804995242154	2.79070462487	7083.77186335	894.319982736	True	
1.66644293619	-0.730324426068	0.921593176767	7444.98063187	885.376782909	True	
1.43761992612	-0.725242929134	1.09060472606	7470.35624915	876.52301508	True	
-0.0704307760924	-0.818624166121	2.71570599822	8577.78332032	867.757784929	True	
-3.40840447608	-0.671371181534	2.74085565045	6713.01897794	859.08020708	True	
-3.54941568539	-0.628973354983	1.9535529642	6214.94489273	850.489405009	True	
-1.71350651708	-0.809293080368	1.93046753324	7432.7606817	841.984510959	True	
-5.18249661974	-0.605298787805	2.83293896978	6168.93841534	833.564665849	True	
-2.84058692669	-0.729448021911	1.44450977919	7053.26205852	825.229019191	True	
-1.14233896849	-0.757080202773	0.54209649851	8361.29128145	816.976728999	True	
-3.17692412878	-0.6391115404	1.44686731579	7032.1073038	808.806961709	True	
-5.89862190944	-0.771841068257	2.86390050422	7179.15039762	800.718892092	True	
-1.80081468285	-0.644267526258	2.00961004067	6705.43919246	792.711703171	True	
-0.567936866925	-0.636854319864	1.20091094844	6369.51167926	784.784586139	True	
-1.46956514293	-0.672439182124	2.25817667146	7241.80014389	776.936740278	True	
-1.09286317063	-0.684862017572	0.693658403735	6886.57519171	769.167372875	True	
3.39490687775	-0.700425749505	0.871691640143	7946.39077974	761.475699146	True	
-3.32794844349	-0.339788163673	2.23015983424	9010.81088058	753.860942155	True	
1.30286289016	-0.738030595539	0.000973540364896	7579.40170781	746.322332733	True	
-1.13020871809	-0.695706302324	1.34267578539	6282.19785747	738.859109406	False	
-1.81275337998	-0.624937637568	2.58095093064	7618.06956366	738.859109406	True	
-3.14357041276	-0.65609386505	2.36554107706	6359.76414696	731.470518312	True	
-2.11575824445	-0.586344093309	1.43265074203	6256.54531546	724.155813129	True	
-0.209482813529	-0.808757987684	1.63607013558	7849.40977828	716.914254997	True	
-3.780807962	-0.688615442005	2.58986724292	6314.01997933	709.745112448	True	
1.7720677729	-0.712061146122	0.0601466091601	7173.47206409	702.647661323	True	
-4.11601974879	-0.562867668476	1.96224095784	6674.21351852	695.62118471	True	
-4.25791961149	-0.590166243608	2.08955287625	6493.53476755	688.664972863	True	
3.74060337942	-0.621387938879	2.6150619432	8465.15529621	681.778323134	False	
-2.71362558357	-0.72229492526	2.6325145028	7066.86408512	681.778323134	True	
0.677090199246	-0.59542677608	0.503172125977	6468.59061361	674.960539903	True	
1.90077913167	-0.661955847944	0.0163432277191	7021.14543613	668.210934504	True	
-4.17342649065	-0.455896465241	1.92350423366	7251.72058348	661.528825159	True	
0.531848217066	-0.590624671634	0.623767657236	6497.76272277	654.913536907	True	
-1.11711671217	-0.59467241209	1.23226234421	6298.02023588	648.364401538	True	
-4.99295451219	-0.483702610813	2.51585362134	6890.87468326	641.880757523	True	
-2.78395801754	-0.505701135488	1.7259795464	6724.07473474	635.461949947	True	
-2.09989003045	-0.638892567297	1.73585279978	6207.08379193	629.107330448	True	
-4.3853585126	-0.576991155864	2.86591880136	6594.72692537	622.816257143	True	
-4.13007926586	-0.418167602578	2.05832148909	7458.67526859	616.588094572	True	
-1.88317563647	-0.65899322282	1.01331531485	6732.9124045	610.422213626	True	
0.761280552152	-0.629709356914	1.05438661331	7043.08670019	604.31799149	True	
-2.83097404803	-0.740321984073	2.27268326301	6620.37480487	598.274811575	True	
-2.17541947521	-0.652005618683	2.02410814856	6471.26461868	592.292063459	True	
-1.67129863026	-0.630539007765	1.95302831222	6744.92212351	586.369142825	True	
-3.48402862719	-0.654453086656	1.86200872117	6315.60676826	580.505451397	True	
-0.476087495334	-0.698732641404	1.330809429	6579.95544463	574.700396883	True	
0.701324036559	-0.618853481359	0.545093008197	6435.31226923	568.953392914	True	
-3.17761648823	-0.524023653111	1.84764297739	6581.74807402	563.263858985	True	
-3.53404757776	-0.591071772925	1.99176178478	6247.48147463	557.631220395	True	
0.24925153866	-0.686141633748	0.951880016697	6525.84840582	552.054908191	True	
-3.77376711479	-0.632336600345	2.28230222873	6117.33110846	546.534359109	True	
-1.49825415615	-0.438117062626	1.1395736674	7331.70250939	541.069015518	True	
-2.0376362128	-0.628775481513	1.33041290497	6209.22939943	535.658325363	True	
-2.3245912116	-0.65894424854	1.53004771125	6154.22147976	530.301742109	True	
-0.618433999159	-0.520996294796	1.42061809053	7356.70950712	524.998724688	True	
-4.81832655351	-0.444854780416	2.5205418498	7238.55163047	519.748737441	True	
0.0927374232543	-0.652029564302	0.657913963603	6273.08009835	514.551250067	True	
-4.41751201712	-0.675203507942	2.17658183244	6548.25862697	509.405737566	True	
-3.09408718048	-0.718018354935	1.72984396796	6519.8048448	504.31168019	True	
-3.15690256831	-0.684556604578	2.09457013938	6156.1534678	499.268563388	True	
-2.32788745327	-0.60716954197	1.77733299296	6243.24710822	494.275877755	True	
1.16737339524	-0.69021458578	0.675949633634	6778.0303621	489.333118977	True	
0.959093163214	-0.702976279704	0.305321856304	6678.60051252	484.439787787	True	
0.214494824103	-0.528401201182	0.598430017487	6700.08295792	479.595389909	True	
-3.8416520466	-0.533927901583	2.31790501332	6566.00782327	474.79943601	True	
-3.49167803609	-0.628783768009	2.39585963926	6270.14285934	470.05144165	False	
-1.73297718132	-0.662141971297	1.42688314875	6134.83214495	470.05144165	True	
1.43979008765	-0.582481392781	0.246286197313	6729.60347686	465.350927234	True	
-1.16344081147	-0.565124800992	1.23242830132	6429.99358714	460.697417961	True	
1.59733117796	-0.70244706722	0.199308376429	6896.25366103	456.090443782	True	
-2.2031283742	-0.771153213691	1.3219206666	7074.02809526	451.529539344	True	
-3.25899527865	-0.585387587628	1.77616344324	6340.57572624	447.01424395	True	
1.31106504139	-0.708636353333	0.487968056284	6780.50773182	442.544101511	True	
-2.81287089943	-0.565647268965	1.43063417337	6616.621261	438.118660496	True	
0.55413896277	-0.728152677056	0.836250156807	6725.69741626	433.737473891	True	
-4.6271560215	-0.511454332221	2.43119732651	6670.53735346	429.400099152	True	
-3.60825463714	-0.610208991425	2.11523060176	6161.76165906	425.10609816	True	
-1.93402171277	-0.680118906832	1.51901408931	6155.58910367	420.855037179	True	
-3.63508769284	-0.600655422938	2.16095705764	6186.16464206	416.646486807	True	
-2.92594992724	-0.645015663056	2.20490203669	6296.87919946	412.480021939	True	
-2.23045940801	-0.63087769671	1.22618206554	6485.26946099	408.35522172	False	
-2.6461873491	-0.551771240152	1.39151411334	6605.50892227	408.35522172	True	
2.15390095562	-0.76909505672	1.93725299064	8195.481059	404.271669502	True	
-4.80043266562	-0.478157263383	2.62721824416	6972.01644313	400.228952807	True	
-2.84527382465	-0.71340054167	2.00400111342	6269.31066287	396.226663279	True	
-5.32192523138	-0.544370905979	2.92065885091	6470.36687676	392.264396646	True	
-4.26421037416	-0.621236885795	2.28467871582	6197.58651081	388.34175268	True	
-4.82471685334	-0.677591181369	2.65278215699	6145.86577303	384.458335153	True	
-3.89938776336	-0.445120606089	1.6342829127	7604.73390342	380.613751802	True	
-1.43206145084	-0.544784049746	0.982785810107	6533.99628508	376.807614284	True	
-4.2134686829	-0.592105897694	2.57880072587	6284.35663575	373.039538141	True	
2.14595513677	-0.649379067936	0.110331356662	7009.68762481	369.309142759	True	
-2.81123408498	-0.728158479911	1.89396041266	6335.8931254	365.616051332	True	
-5.950291882	-0.659672573279	2.90033244165	6372.00682588	361.959890819	False	
-1.18823606207	-0.658131047172	1.51449020392	6373.75938951	361.959890819	True	
-0.818701043191	-0.680928168928	1.60334858142	6710.90337123	358.34029191	True	
-4.10624258409	-0.65295347647	2.29624070366	6134.23739716	354.756888991	True	
-2.44265973185	-0.669382951818	2.05285666294	6348.18037348	351.209320101	True	
-2.70061846033	-0.582516310711	1.76719077172	6261.21280952	347.6972269	True	
-1.23219002454	-0.762083082846	1.48686377978	6720.72040338	344.220254631	True	
-2.26373464235	-0.592323856043	1.42749214037	6265.47733966	340.778052085	False	
-3.18716161947	-0.61383792105	2.1548855543	6218.97740872	340.778052085	True	
-2.39165219822	-0.744229750803	1.52353196705	6584.70846983	337.370271564	True	
-2.92625907348	-0.687298046355	1.86562749351	6167.07571233	333.996568849	True	
0.0272162446869	-0.563918544187	0.375201510122	6608.81851198	330.65660316	True	
-0.802716233873	-0.785478625128	1.2105476815	6925.76897648	327.350037128	True	
-4.58625907187	-0.619106535673	2.78247193279	6215.12462362	324.076536757	True	
-4.17399690988	-0.518106463625	2.08348624555	6709.81569989	320.83577139	True	
-3.75468934553	-0.603034891469	2.50690525121	6353.90474908	317.627413676	True	
-3.02045190662	-0.579964455438	1.59699033468	6451.35323919	314.451139539	True	
-6.08201692343	-0.531829090855	2.77834653436	6835.29366428	311.306628144	True	
-5.64843742803	-0.636469733429	2.84033730621	6234.79811058	308.193561862	True	
-4.17776542757	-0.554892290941	2.72244132052	6671.29125497	305.111626243	True	
-2.60260295709	-0.71523853145	1.79393571423	6267.60485048	302.060509981	True	
-2.52587693729	-0.575296020737	1.94738804736	6469.50501218	299.039904881	True	
0.836934353906	-0.6616689603	1.07767558567	7050.83212182	296.049505832	True	
-5.35906886225	-0.69222950754	2.71825387102	6355.19004575	293.089010774	True	
-3.37149422005	-0.711094327637	2.31295688881	6297.20853534	290.158120666	False	
-2.7305169742	-0.638762084496	1.78532579882	6115.70137026	290.158120666	True	
-5.28111825214	-0.515958489464	2.43095436854	6896.46774483	287.25653946	True	
-1.70583545185	-0.690722846409	1.46054304405	6193.0867562	284.383974065	True	
-3.74350859107	-0.681976335923	2.45139570756	6198.15005021	281.540134324	True	
-1.6069559018	-0.649144663492	1.70930900221	6391.55363764	278.724732981	True	
-2.99707032251	-0.609908803683	1.75908158315	6204.05914702	275.937485651	True	
-3.32986544824	-0.693459770479	2.00324840102	6199.69466319	273.178110795	True	
-4.10527681322	-0.613583837673	2.20690022573	6215.39532864	270.446329687	True	
-5.55209408605	-0.482694391404	2.74859886255	6901.12916909	267.74186639	True	
-5.20482093191	-0.551359258082	2.53661206574	6543.7754405	265.064447726	True	
-5.17387940784	-0.6332344666	2.91240082191	6118.0913423	262.413803249	True	
-5.61076655834	-0.608905337906	2.81280934824	6265.40114001	259.789665216	True	
-3.48254964027	-0.697573245644	2.10536554642	6197.30478747	257.191768564	True	
-4.49360777866	-0.569017625919	2.5185554329	6314.47550901	254.619850879	True	
-3.48648379862	-0.685962659935	2.68694056472	6589.21689867	252.07365237	True	
0.324747792035	-0.727150697448	0.850648961084	6623.27328076	249.552915846	True	
1.36409646938	-0.593166315051	0.148939625818	6691.350976	247.057386688	True	
-4.69280986673	-0.518254902994	2.55507264417	6624.73530032	244.586812821	True	
-5.22351253175	-0.700956040423	2.85580385001	6206.90381815	242.140944693	True	
-3.63900768633	-0.476657978265	2.41592906394	7288.05454529	239.719535246	True	
-1.36097668729	-0.662262800465	1.39414787849	6191.92801935	237.322339893	True	
-1.52080630053	-0.623280905622	1.35451540238	6171.76006592	234.949116494	True	
0.67408741121	-0.562173909207	0.708124238639	6810.89779215	232.599625329	True	
0.745222255221	-0.641802436069	0.633344839963	6477.30063976	230.273629076	True	
0.604504588436	-0.748590493285	0.855864997243	6896.3470851	227.970892785	True	
-1.41665605906	-0.677605316626	1.34541478422	6174.71036568	225.691183857	True	
-4.38265391587	-0.717137057823	2.57330793343	6264.08317002	223.434272019	True	
-4.37608386529	-0.686098817681	2.6039347905	6150.03214493	221.199929299	True	
-5.76326570922	-0.594212842867	2.98731191533	6220.43494168	218.987930006	True	
-2.31097538564	-0.564668869363	1.41829482504	6381.42895424	216.798050706	True	
-3.21922128123	-0.653120525552	1.92892979241	6130.0356185	214.630070199	True	
-0.864277761419	-0.679914286474	0.460484190264	7477.74843826	212.483769497	True	
-3.61220744851	-0.762458130653	2.58759292777	6752.28464637	210.358931802	True	
-2.77129640665	-0.535994112753	1.85924922613	6556.97134271	208.255342484	True	
-1.66585397628	-0.652643203388	2.14243277732	6984.76979268	206.172789059	True	
-0.503370359073	-0.709935494532	0.711791421787	6502.82315249	204.111061168	False	
-1.15246015488	-0.585590864299	1.11181267534	6280.02236864	204.111061168	True	
-2.87804377079	-0.661665673045	1.90017723884	6112.85120507	202.069950556	True	
-5.70622180793	-0.63782585134	2.93713336606	6163.72518822	200.049251051	True	
-1.03257234356	-0.659622736062	1.25695396915	6205.97634318	198.04875854	True	
-4.67886949993	-0.704634461686	2.43872340511	6392.52777101	196.068270955	True	
-2.11389553032	-0.546950741505	1.61841887981	6513.61454333	194.107588245	True	
-0.732632000072	-0.726960434007	1.17282158626	6436.47087898	192.166512363	True	
-0.824684886279	-0.649959867669	0.703601762816	6465.51817116	190.244847239	True	
-2.86338145028	-0.733436823154	1.86757481198	6381.14321363	188.342398767	True	
0.132836988098	-0.721304980543	0.647368126741	6507.39411342	186.458974779	True	
-3.20086048649	-0.557836597501	1.94143741653	6375.01898238	184.594385031	True	
-3.50342774331	-0.704689673552	2.16455905805	6212.53272935	182.748441181	True	
-5.17736626021	-0.665075759193	2.89009537194	6106.79711483	180.920956769	True	
-0.734383239548	-0.630027617664	0.977162179132	6188.27786907	179.111747202	True	
-0.198487424292	-0.660952870285	0.972405427931	6306.67011886	177.32062973	True	
-1.59173549579	-0.607953638164	1.28037473027	6190.14595834	175.547423432	True	
-3.98003556752	-0.621586268469	2.12326270324	6234.74825721	173.791949198	True	
-5.19105310757	-0.65172707216	2.74684866782	6143.69410651	172.054029706	True	
-1.11349301026	-0.683399472339	1.42453792847	6326.25859537	170.333489409	False	
-3.01389738447	-0.683143753591	2.08769638079	6175.83533614	170.333489409	True	
-5.11240736217	-0.643625125676	2.9033831945	6111.22330106	168.630154515	True	
-2.96528874085	-0.581049500715	1.69001272011	6319.38955075	166.94385297	True	
-1.7906306037	-0.659146653243	1.65258575213	6235.38309029	165.27441444	True	
-4.20320170896	-0.670890018432	2.71634601739	6237.20190114	163.621670296	False	
-4.9413784966	-0.596342461419	2.69691509291	6198.45144205	163.621670296	True	
-5.35713358047	-0.682028540937	2.63621605899	6457.35534146	161.985453593	True	
-5.20924785675	-0.650514171556	2.74396786633	6150.44448566	160.365599057	True	
-4.76300243752	-0.604251334935	2.60723136823	6176.03896924	158.761943066	True	
-3.86414980927	-0.648219921992	1.91433748641	6522.31923969	157.174323636	True	
-2.66795850566	-0.673878061748	1.79990021684	6130.06762142	155.602580399	True	
-5.35319749637	-0.668523023808	2.89556585857	6122.3299513	154.046554595	True	
-4.96384832464	-0.644294894142	2.74490149764	6103.81727799	152.506089049	True	
-3.90281071554	-0.662421807755	2.4065296449	6119.13770125	150.981028159	True	
-5.39802859802	-0.621654101206	2.93879714846	6128.83672478	149.471217877	True	
-5.60407859902	-0.661437850276	2.87685781974	6196.28795048	147.976505698	True	
-4.81964402779	-0.565945440958	2.73498149999	6352.74257098	146.496740641	True	
-2.88026142628	-0.630662484411	2.15796381832	6296.21460889	145.031773235	True	
-0.424389611427	-0.600082879498	1.29580847228	6707.58482854	143.581455503	True	
-0.288053139647	-0.659847421581	1.17119270851	6458.27316143	142.145640948	True	
-0.558319463003	-0.612220340992	0.898098532145	6232.79811542	140.724184538	True	
-0.948544932294	-0.658736970938	1.07101951801	6166.39262883	139.316942693	True	
-4.04816159769	-0.666107914424	2.63645683653	6224.19984157	137.923773266	True	
-2.92598058195	-0.674561706955	1.95105090382	6129.98364309	136.544535533	True	
-3.4607351982	-0.665178387992	2.07672140934	6122.1738404	135.179090178	True	
-3.18207618112	-0.586831211623	2.0942390585	6285.92528341	133.827299276	True	
-0.0871113188839	-0.693246073481	0.684588617097	6349.9106921	132.489026283	True	
-1.14534578801	-0.648896629835	1.20010933945	6157.37149869	131.16413602	True	
-1.0842691283	-0.596758540664	1.39395617105	6453.18984813	129.85249466	True	
-4.59579653991	-0.696097114378	2.7036532042	6178.43529953	128.553969714	True	
-2.73482685569	-0.594926832238	1.55143313451	6320.52914165	127.268430017	True	
-1.82642436328	-0.673768531991	1.33926578472	6178.87407347	125.995745716	False	
-1.17686239039	-0.649682862697	1.10558553116	6158.19509039	125.995745716	True	
-2.60064860663	-0.601761197218	1.64110605276	6200.79324784	124.735788259	True	
-1.2568666471	-0.675900324868	1.25084098831	6173.23340377	123.488430377	True	
-2.61485939011	-0.587802032529	1.57583327876	6275.5782235	122.253546073	True	
-2.78363035028	-0.721781929648	2.03823301358	6337.62645465	121.031010612	True	
-1.6011133061	-0.687316999826	1.27672028825	6205.87342506	119.820700506	True	
-0.9951965276	-0.668592109081	1.20778090811	6195.73364923	118.622493501	True	
-3.57327994762	-0.612295651167	2.21951454085	6166.97144987	117.436268566	True	
-2.46533615784	-0.663706109736	1.63662451309	6134.36134227	116.26190588	True	
-3.55758253866	-0.636251873117	1.96788167914	6202.59318524	115.099286821	True	
-2.33609972045	-0.655940640604	1.99394775807	6338.56340669	113.948293953	True	
-5.61438169917	-0.650953729607	2.99148990223	6111.86229872	112.808811014	True	
-2.39875781601	-0.560202674597	1.95378284384	6641.21293847	111.680722904	True	
-2.62277459062	-0.695002312359	2.24887633662	6519.52810464	110.563915675	True	
-0.759746787248	-0.665663259294	1.12409473244	6214.09604012	109.458276518	True	
-2.19132770566	-0.676586323892	1.61714975034	6142.23678387	108.363693753	False	
-1.42721851665	-0.665401235945	1.69859629761	6465.98042733	108.363693753	True	
-4.26052771632	-0.664919095106	2.45843874915	6110.33560243	107.280056815	True	
-3.76818318749	-0.626181092999	2.1308107714	6151.93459929	106.207256247	True	
-0.432804546526	-0.556993402128	0.78591671091	6447.78845534	105.145183684	True	
-2.31934305211	-0.627735037985	1.58649565733	6135.23738366	104.093731848	True	
-1.17762376482	-0.735363340991	1.18157557685	6437.38064654	103.052794529	True	
-2.53925157568	-0.711135762417	2.05666300687	6387.76529033	102.022266584	True	
-4.00560283165	-0.621776498404	2.45077053118	6158.63556781	101.002043918	True	
-5.30568013753	-0.682029501698	2.83723533996	6169.37888954	99.9920234788	True	
-4.88465196286	-0.645180983013	2.63788985466	6127.29463526	98.9921032441	True	
-3.97081596403	-0.636555764991	2.35636334471	6110.11439718	98.0021822116	True	
-4.59597497671	-0.652118138319	2.84237122025	6199.34664485	97.0221603895	True	
-4.5267394476	-0.668774351888	2.80758678121	6193.88015175	96.0519387856	True	
-4.87604342911	-0.722010660781	2.84175652918	6291.7266805	95.0914193977	True	
-3.81627631984	-0.652137479079	2.10601580411	6183.64293419	94.1405052038	True	
-4.55733171849	-0.67338410125	2.77412476451	6165.24217905	93.1991001517	True	
-4.00177642501	-0.658605092801	2.51759190878	6149.45997159	92.2671091502	True	
-2.09811891858	-0.662630123104	1.73709276716	6191.97092914	91.3444380587	True	
-3.05155152588	-0.654351772451	1.90740031708	6113.37847948	90.4309936781	True	
-4.68733430431	-0.701158046283	2.57246539269	6235.83173894	89.5266837413	True	
-4.92866838302	-0.639264063403	2.70319401759	6111.21483543	88.6314169039	True	
-3.34701544318	-0.650281999945	2.27200222099	6180.89047413	87.7451027349	True	
-4.69045275425	-0.615049982015	2.69391427825	6153.65819316	86.8676517075	True	
-4.46199836852	-0.654042554944	2.62757848518	6109.510036	85.9989751905	False	
-4.37019250276	-0.678591253594	2.62780136106	6141.85565546	85.9989751905	True	
-5.28062500735	-0.608953712436	2.88162544193	6158.58795666	85.1389854386	True	
-4.46741200403	-0.643434730303	2.70996155327	6151.47038138	84.2875955842	True	
-4.68046776095	-0.681649716805	2.43759606393	6295.1795209	83.4447196283	True	
-3.74286869176	-0.636672230741	2.30982210002	6121.15934218	82.610272432	True	
-4.45029527349	-0.667009206106	2.54312793436	6112.0276896	81.7841697077	True	
-4.76788110993	-0.640182028999	2.59725208449	6123.29708789	80.9663280107	True	
-3.94481846136	-0.699560943771	2.44365803106	6196.57708095	80.1566647305	True	
-3.9474223374	-0.645389355639	2.32325481172	6103.66391271	79.3550980832	True	
-4.68546789033	-0.658384391061	2.93633180217	6246.00019975	78.5615471024	True	
-4.1314056184	-0.690403560001	2.40225196498	6164.51419065	77.7759316314	True	
-4.10781709482	-0.585860116477	2.22170762386	6272.54049988	76.9981723151	True	
-3.79597165905	-0.68595309102	2.19492913133	6177.35324503	76.2281905919	True	
-3.83357557143	-0.599552907632	2.17585989397	6198.28666014	75.465908686	True	
-2.97072238283	-0.649697001817	2.1760309546	6240.86933445	74.7112495991	True	
-5.55630311835	-0.635215664326	2.9628121631	6116.77382359	73.9641371031	True	
-5.2709718765	-0.65736528446	2.83081314775	6120.44644319	73.2244957321	True	
-4.76570403638	-0.760303560226	2.8107006446	6566.46242534	72.4922507748	True	
-4.46482728667	-0.635984558147	2.41204798272	6155.64759114	71.767328267	True	
-2.21979738634	-0.657107955525	1.61584307081	6119.05557095	71.0496549844	True	
-1.45251424835	-0.64864619034	1.45394306279	6205.96754301	70.3391584345	True	
-0.913384500009	-0.642678055923	1.15312964261	6189.91076081	69.6357668502	False	
-1.26853901369	-0.612225997907	1.06077483007	6215.80908657	69.6357668502	True	
-0.781749755247	-0.654216199225	1.05084226185	6178.99745352	68.9394091817	True	
-0.351395062439	-0.613378451169	0.688644800915	6280.8066107	68.2500150899	True	
-0.156254460165	-0.65284217724	0.818459252675	6241.75247446	67.567514939	True	
-2.30502187977	-0.707569962951	1.49223036028	6331.57885028	66.8918397896	True	
-4.0942570074	-0.607749736552	2.26211026738	6186.76124942	66.2229213917	True	
-4.16395024161	-0.624086776595	2.34095062632	6136.68922932	65.5606921778	True	
-3.22692690837	-0.62191115352	2.09921999469	6154.77883521	64.905085256	True	
-2.54043588938	-0.66823098307	1.86877507365	6152.9791552	64.2560344034	True	
-2.79063514033	-0.691635246827	2.09264074537	6262.53478828	63.6134740594	True	
-1.88122267078	-0.611415277156	1.51874664431	6197.10366672	62.9773393188	True	
-1.01696536199	-0.693919747244	0.881310514358	6417.00479334	62.3475659256	True	
0.165183789676	-0.698180332205	0.58000101158	6423.32898456	61.7240902664	True	
-2.14423253371	-0.595294287877	1.50971702679	6216.39150572	61.1068493637	True	
-3.18965897739	-0.66073448495	1.94687358088	6123.25437783	60.4957808701	True	
-3.55425516141	-0.591323214535	1.99237275098	6251.09742988	59.8908230614	True	
-0.782786267195	-0.635595684688	1.0160415044	6180.43908369	59.2919148307	True	
-1.68466378659	-0.594966996889	1.39064822348	6239.77707911	58.6989956824	True	
-3.52977504864	-0.629525022444	2.1939617773	6126.03293374	58.1120057256	True	
-2.91412517762	-0.66104067989	2.18305262365	6264.89425522	57.5308856684	False	
-2.88064475297	-0.660357978862	1.80338904785	6129.76243976	57.5308856684	True	
-4.85165187984	-0.639783089738	2.59488859783	6143.98187964	56.9555768117	True	
-2.69291433151	-0.664867868132	1.89895388919	6133.49362032	56.3860210436	True	
-3.22047322932	-0.655742561229	1.80575301463	6238.47422404	55.8221608331	True	
-0.795446888903	-0.588079436331	0.952562192766	6286.67677479	55.2639392248	True	
-0.928140705825	-0.648592710409	0.875571463432	6256.82048447	54.7112998325	True	
-1.94231060937	-0.669214527218	1.65193156858	6185.73466045	54.1641868342	True	
-2.16180325219	-0.677487699827	1.72541964549	6178.95646361	53.6225449659	True	
-4.19315365134	-0.649008794421	2.60358082452	6154.64661498	53.0863195162	True	
-5.37625707295	-0.638077764948	2.83424357166	6136.72703647	52.5554563211	True	
-4.62505171692	-0.631430505444	2.60610146081	6113.90243159	52.0299017578	True	
-4.14596995813	-0.620559049589	2.43147321217	6135.43598323	51.5096027403	True	
-4.46300233768	-0.60325871293	2.50315142258	6176.20737711	50.9945067129	True	
-4.68570202266	-0.669069472484	2.67521549307	6111.95914906	50.4845616457	True	
-4.7564570029	-0.678334731577	2.84778275439	6163.97597177	49.9797160293	True	
-4.85252451567	-0.659066126723	2.73843753284	6102.50390752	49.479918869	True	
-4.02205666479	-0.597244923441	2.24714468298	6207.85306625	48.9851196803	True	
-3.86183163079	-0.641314818277	2.2463294181	6111.23340303	48.4952684835	True	
-4.57648745106	-0.639758496537	2.70850843846	6129.53737803	48.0103157987	True	
-4.27614656333	-0.614032683009	2.41086090161	6149.72914206	47.5302126407	True	
-5.20627510549	-0.642438609258	2.77764118602	6126.83192875	47.0549105143	True	
-5.01786700757	-0.657307525019	2.7319191957	6116.18013757	46.5843614091	True	
-3.90005733294	-0.685218006368	2.58134524978	6251.04921715	46.118517795	True	
-4.76299568072	-0.645085122913	2.45002919177	6248.34919145	45.6573326171	True	
-4.33279133534	-0.640939942118	2.45064663859	6109.98022626	45.2007592909	True	
-2.59561662201	-0.665317965193	1.67423088864	6142.67310958	44.748751698	True	
-3.34848186075	-0.659109136112	1.95891096068	6149.56529322	44.301264181	True	
-2.49020647355	-0.661882666935	1.7663566862	6121.38097946	43.8582515392	True	
-2.58631498482	-0.620111336461	1.57697976142	6196.48535167	43.4196690238	True	
-4.76204729427	-0.683419932481	2.60447187075	6172.20383863	42.9854723336	False	
-3.98933325714	-0.635474930005	2.39346134911	6115.77818202	42.9854723336	False	
-5.39289196501	-0.6198046292	2.92444675956	6132.86216362	42.9854723336	True	
-5.09737498471	-0.670042726141	2.83485841457	6113.77287854	42.5556176102	True	
-3.82995535016	-0.664141112912	2.47720335277	6172.71341391	42.1300614341	True	
-5.09503808496	-0.659126560444	2.82961645912	6102.83301674	41.7087608198	True	
-4.95806620874	-0.665562337017	2.69150285624	6131.99622881	41.2916732116	True	
-5.60878761002	-0.700833842403	2.91638212027	6279.90200899	40.8787564795	True	
-5.07425639669	-0.633588534152	2.83269587704	6111.3957727	40.4699689147	True	
-5.11450523388	-0.669795643929	2.91798642339	6118.88840254	40.0652692255	True	
-4.78136012012	-0.611605414094	2.65322587044	6152.22053463	39.6646165333	True	
-4.18344957996	-0.652053870296	2.45125083626	6101.68688061	39.267970368	True	
-4.29869675873	-0.641369484666	2.44886952759	6107.31430241	38.8752906643	True	
-5.25034908799	-0.656179159789	2.79610427126	6132.45270154	38.4865377576	True	
-5.01250176488	-0.645262676202	2.88752993732	6119.28846602	38.1016723801	True	
-4.44680343913	-0.655559463225	2.59405695656	6104.05159774	37.7206556563	True	
-2.40425301163	-0.653037533109	1.71899348542	6117.92237676	37.3434490997	True	
-3.77813097705	-0.672969533599	2.2886165568	6119.97300457	36.9700146087	True	
-3.56365963822	-0.646237773193	2.14621816461	6105.90030947	36.6003144626	True	
-4.70633680552	-0.667211160605	2.70207242866	6110.36009506	36.234311318	True	
-5.00805257369	-0.680628350072	2.90730946639	6145.42754448	35.8719682048	True	
-4.99974522237	-0.633771177754	2.68300261108	6132.96615676	35.5132485228	True	
-5.32062217992	-0.612008855288	2.96796420928	6161.62340936	35.1581160375	True	
-5.53189868932	-0.671922641104	2.89492798905	6172.16679777	34.8065348772	True	
-5.54804871893	-0.628362242847	2.9594974323	6123.73330454	34.4584695284	True	
-4.96522878881	-0.645289115442	2.77772154904	6101.30283394	34.1138848331	True	
-3.00955766542	-0.640144012206	1.96276827283	6114.2120249	33.7727459848	True	
-2.18247053491	-0.633514382417	1.57000738823	6127.5211334	33.4350185249	True	
-3.2241062965	-0.648485159496	2.08285350943	6113.01031167	33.1006683397	True	
-2.13509068791	-0.650417654453	1.60901682475	6123.67214125	32.7696616563	True	
-1.46770809938	-0.640364271988	1.23905530432	6143.02149535	32.4419650397	True	
-2.56902628258	-0.631296771039	1.91866820308	6200.34897438	32.1175453893	True	
-3.10721684478	-0.635608036664	1.96490164163	6114.39413426	31.7963699354	True	
-4.70782463175	-0.643923097571	2.81599928151	6151.66497518	31.4784062361	True	
-4.49863814424	-0.635031718081	2.66591301475	6132.19196306	31.1636221737	False	
-5.02180256178	-0.635653625778	2.63194592436	6171.2779884	31.1636221737	True	
-3.52512513384	-0.634707473608	2.20624891047	6121.87980286	30.851985952	True	
-3.94415519218	-0.688176706628	2.32991668406	6156.42143654	30.5434660924	True	
-2.62955679362	-0.650970910415	1.69633927497	6125.51294827	30.2380314315	True	
-2.99565671306	-0.6466481521	1.94295150324	6108.61589709	29.9356511172	True	
-4.22297234444	-0.619943736471	2.28703060746	6183.41977519	29.636294606	True	
-4.93334877255	-0.680262547928	2.80270318919	6130.77873358	29.33993166	True	
-3.00153738097	-0.615475721582	1.93591584226	6152.10173654	29.0465323434	True	
-1.43704088923	-0.616665964536	1.20707256424	6176.02101296	28.7560670199	False	
-3.04191705742	-0.642138988079	1.906128511	6112.6034646	28.7560670199	True	
-2.39909004536	-0.673572876302	1.77026753289	6145.25522616	28.4685063497	True	
-3.92918707744	-0.643669738548	2.32141944387	6104.18312529	28.1838212862	True	
-4.0113569705	-0.648561122703	2.31941183041	6107.40501563	27.9019830734	True	
-4.22965731091	-0.619991849499	2.45292449974	6134.62855331	27.6229632426	True	
-3.4266676757	-0.631921998148	2.15020905295	6122.90337644	27.3467336102	True	
-1.71753080369	-0.625849410892	1.57309040539	6241.27960973	27.0732662741	True	
-2.0894816616	-0.62901367871	1.45064810576	6147.27590386	26.8025336114	True	
-1.97227898803	-0.658069804127	1.42617673168	6138.1584157	26.5345082753	True	
-2.648333602	-0.652669152865	1.63427291515	6166.4914286	26.2691631925	True	
-3.62617521292	-0.684103255845	2.14653314342	6160.50020333	26.0064715606	True	
-4.13880073363	-0.636968384552	2.42345020661	6108.80282734	25.746406845	True	
-3.82458327372	-0.654077801399	2.28610523085	6103.02603734	25.4889427765	True	
-3.37854018341	-0.688704172882	2.24533856804	6185.32482999	25.2340533488	True	
-2.8929949442	-0.655627336617	1.96364921844	6120.91191425	24.9817128153	True	
-2.97553684864	-0.638978694142	1.88680236092	6113.61749842	24.7318956871	True	
-3.60135274215	-0.63144580249	2.07928257907	6137.30616104	24.4845767303	True	
-2.64078969985	-0.648471203215	1.68101305677	6133.08923573	24.239730963	True	
-2.8962260073	-0.611732758386	1.93059674469	6173.58508062	23.9973336533	True	
-3.99511431015	-0.650839885722	2.22003073122	6151.41801476	23.7573603168	False	
-3.91684088022	-0.665222407745	2.30936592106	6111.75468535	23.7573603168	True	
-4.40740527315	-0.679493700221	2.61038027134	6134.36934583	23.5197867136	True	
-5.12893434011	-0.683972920959	2.78583060994	6161.31504075	23.2845888465	True	
-4.85026128854	-0.657690804017	2.6983451337	6105.51841509	23.051742958	True	
-5.08001701553	-0.62352905188	2.85572991424	6131.40274645	22.8212255284	True	
-5.67571318214	-0.637425144239	2.9650784802	6136.25325088	22.5930132732	True	
-5.17689197774	-0.651245732847	2.95789060765	6115.45388356	22.3670831404	True	
-4.94509924376	-0.668970393782	2.78173250084	6111.58934349	22.143412309	True	
-4.97545713762	-0.647868228631	2.8932366909	6126.73588569	21.9219781859	True	
-4.96209511523	-0.645130816922	2.75448552863	6102.32983505	21.7027584041	True	
-4.7183660396	-0.662640900877	2.69764939764	6105.48269614	21.48573082	True	
-4.99299968393	-0.635733340163	2.66213446136	6141.36876169	21.2708735118	True	
-5.25762058212	-0.648825370453	2.84362895742	6109.39863694	21.0581647767	True	
-4.86545255197	-0.669929683999	2.74864142731	6112.93267993	20.8475831289	True	
-5.17389870104	-0.675817518026	2.94477887661	6127.2299828	20.6391072977	True	
-4.68955990751	-0.678274115354	2.6131943134	6139.92301562	20.4327162247	True	
-4.54957598545	-0.678768348889	2.62176123825	6128.20932131	20.2283890624	True	
-5.22608520553	-0.644900734466	2.86886762757	6102.14550634	20.0261051718	True	
-5.34590172805	-0.673019164474	2.96246694851	6116.84541872	19.8258441201	True	
-5.02795132331	-0.64591768507	2.76759253538	6104.12001369	19.6275856789	True	
-4.44701743404	-0.67740781951	2.55928614631	6126.80786007	19.4313098221	True	
-4.13931296172	-0.611042729375	2.37771359392	6154.6627489	19.2369967239	True	
-4.61418141011	-0.643147575674	2.60728765983	6103.30472368	19.0446267566	True	
-5.11605613819	-0.603483135927	2.7572882651	6178.40569736	18.8541804891	True	
-4.17217706577	-0.666777944275	2.4743877213	6111.35876358	18.6656386842	True	
-4.48014893383	-0.644439512492	2.63634577863	6113.56944304	18.4789822973	True	
-4.1986818735	-0.648775743798	2.40642662016	6105.64479189	18.2941924744	False	
-4.8749056152	-0.652944086213	2.78489701178	6104.04216671	18.2941924744	True	
-5.53650245029	-0.652022158754	2.92879855595	6124.66620857	18.1112505496	True	
-4.74706717946	-0.681257397569	2.67385338567	6136.92219955	17.9301380441	True	
-5.28190990855	-0.650860677305	2.93621782152	6100.48815445	17.7508366637	True	
-4.4133124242	-0.663301857622	2.52705679642	6107.95445412	17.573328297	True	
-4.64258124989	-0.646529658158	2.59526441628	6105.52299588	17.3975950141	True	
-4.29985121605	-0.665046894868	2.49815172419	6108.29885532	17.2236190639	True	
-4.68519574947	-0.667873340527	2.68547186256	6110.67535438	17.0513828733	True	
-4.32929901903	-0.660116178626	2.49710485451	6104.77311129	16.8808690446	True	
-3.51485569739	-0.641930857424	2.17163403644	6108.32881913	16.7120603541	True	
-4.05525206939	-0.656007970098	2.48150440072	6120.22558829	16.5449397506	True	
-4.36076833564	-0.645639216402	2.4946432278	6103.06639144	16.3794903531	True	
-3.75612718858	-0.641805653435	2.24717941928	6105.80931464	16.2156954495	True	
-3.86299400106	-0.662138595181	2.45420662053	6148.36839619	16.053538495	True	
-4.13548032759	-0.660908272178	2.43330943799	6105.0797639	15.8930031101	True	
-3.94096448998	-0.644631543661	2.31998205963	6103.98267482	15.734073079	False	
-3.51545125568	-0.643073723424	2.1384688941	6106.26563795	15.734073079	True	
-2.56037441884	-0.631098340258	1.75769888338	6127.31463783	15.5767323482	True	
-3.23616912608	-0.651883910342	2.07410676393	6109.11889629	15.4209650247	True	
-3.88871262824	-0.622761550396	2.19535003744	6149.61306546	15.2667553745	True	
-3.27185024437	-0.657469223458	2.00589615029	6112.68141052	15.1140878207	True	
-2.95849183534	-0.656970365946	1.96697417007	6113.97437262	14.9629469425	True	
-2.60177838022	-0.661276888055	1.74964853164	6116.5311186	14.8133174731	True	
-2.8272164485	-0.650078915059	1.87162508527	6109.41753582	14.6651842984	True	
-4.2746146417	-0.641580971934	2.47990471296	6104.47921239	14.5185324554	True	
-4.34757975382	-0.649954950494	2.54645346831	6103.69217126	14.3733471308	True	
-3.86664741656	-0.676414233869	2.3203972266	6125.68392066	14.2296136595	True	
-4.45983341928	-0.638995570777	2.50643965956	6110.60555468	14.0873175229	True	
-4.55490673495	-0.639374459464	2.58942931019	6105.44558593	13.9464443477	True	
-4.14285576778	-0.649996545581	2.47213353586	6106.75732645	13.8069799042	True	
-3.48824627915	-0.656483266685	2.34465822398	6185.56811171	13.6689101052	True	
-3.75950356011	-0.669339448114	2.20302448695	6127.74949175	13.5322210041	True	
-2.93947519216	-0.651089738037	1.88664097508	6108.81023917	13.3968987941	True	
-3.9988173718	-0.624983527857	2.3351668013	6124.87143653	13.2629298061	True	
-4.20032650251	-0.67740198111	2.50380221934	6128.23737312	13.1303005081	True	
-4.38107985191	-0.669971597989	2.53287661812	6114.12655183	12.998997503	True	
-4.92443904729	-0.634634993385	2.6714937149	6123.45577379	12.869007528	True	
-4.44644348594	-0.631823481651	2.66862718563	6150.00038164	12.7403174527	True	
-5.19395499687	-0.645095349263	2.93116799524	6108.08525533	12.6129142782	True	
-5.41281979069	-0.632609192458	2.95281406607	6111.4102427	12.4867851354	True	
-4.81120601516	-0.642932773168	2.69972928391	6102.75297663	12.361917284	True	
-5.30533382587	-0.659305520389	2.92470603657	6102.48890341	12.2382981112	True	
-4.67820270951	-0.678035478623	2.69677173163	6126.970754	12.1159151301	True	
-5.48904763888	-0.649447231054	2.96368457997	6104.2652673	11.9947559788	True	
-5.32690038178	-0.657321164254	2.92308834894	6102.18811109	11.874808419	False	
-5.09635087195	-0.642637991799	2.91747575884	6119.00409326	11.874808419	True	
-4.56666299194	-0.657488366517	2.59493824859	6103.08897063	11.7560603348	True	
-4.52501818942	-0.653987251982	2.64166480697	6106.21993954	11.6384997315	False	
-3.64187174538	-0.643780558415	2.14322462837	6113.35466827	11.6384997315	True	
-3.20244792391	-0.646323314207	2.14718051834	6144.14670487	11.5221147341	True	
-2.82562490974	-0.647381438564	1.83252941963	6110.43450841	11.4068935868	True	
-2.73038881218	-0.642406012238	1.79036787257	6113.06800106	11.2928246509	True	
-2.33788298929	-0.651984969065	1.63063399257	6116.18041412	11.1798964044	True	
