Parameter 1	Parameter 2	Parameter 3	Potential	Temperature	Equilibruim
7.63283549356	0.348692024412	2.2031119593	6193.8081644	1845.91996354	False	
-0.461826507331	-0.514606841033	1.50549468071	1480.15330661	1845.91996354	False	
1.84954407449	-0.479922240342	0.78897392934	1377.21362814	1845.91996354	True	
3.43743592671	1.44295177371	-0.790413756106	3819.27573186	1753.62396536	True	
-2.23642826048	0.366707900836	1.30698049705	3745.66434782	1665.9427671	True	
4.39426396026	-0.0296353726855	-0.331955772173	636.451271426	1582.64562874	True	
1.20865606221	-0.177806989505	-0.111745096005	1548.75926337	1503.5133473	True	
3.15490030622	2.24807646742	-0.591818456703	3210.78182079	1428.33767994	True	
0.86646692618	-0.567061386501	1.54174002156	1893.70526632	1356.92079594	True	
5.55761412818	0.120119777768	-0.00553479113357	2240.53735305	1289.07475614	True	
-0.376672428471	-0.35049517977	2.82789283783	1657.38612767	1224.62101834	True	
0.181321340579	-0.552014660088	1.5034026214	1717.42126838	1163.38996742	True	
7.04285953718	-0.138946372109	2.8914167339	2735.79910595	1105.22046905	True	
3.15987904277	-0.367091866814	0.107944605244	976.271706489	1049.9594456	True	
4.23384320864	0.117554592563	-0.525729808374	731.362026261	997.461473317	True	
2.65784965796	0.769987606358	-0.425834184598	1996.43069334	987.486858584	True	
6.02020894856	-0.502261521668	2.24799270862	1887.83408785	977.611989998	True	
-1.6222675738	-0.257848737193	1.24187973237	1760.79613616	967.835870098	True	
7.3810896517	-0.121961511908	-0.0983418464319	1398.95519069	958.157511397	True	
4.47583518774	-0.289505632014	-0.301864926656	885.280519531	948.575936283	True	
3.89827001736	0.0452362696442	-0.560644634614	791.963555661	939.090176921	True	
-1.43198243216	-0.0880891893732	1.71446822446	1912.17477833	929.699275151	True	
8.6503452621	-0.387247665243	1.49847614764	1787.20315004	920.4022824	True	
4.16541637289	-0.359897043568	-0.108997537406	1016.49927843	911.198259576	False	
7.95115202885	-0.561866348535	-0.0615289737419	2452.34623635	911.198259576	True	
7.6571070473	-0.0710472288849	0.0147775607791	1783.85659256	902.08627698	True	
0.43111136446	2.19240375252	-0.121663771887	3009.97265566	893.06541421	True	
2.93371724649	-0.672142704124	1.90570441156	3014.52246677	884.134760068	True	
-4.24189190987	-0.47966989901	2.80013905382	1448.37548547	875.293412468	True	
8.83072657438	-0.439580877156	2.10896720516	1787.70287486	866.540478343	True	
-3.70366175676	-0.351937413641	2.67826518288	1203.96873861	857.875073559	True	
1.26251957221	-0.399622010427	1.07603368164	1240.31325857	849.296322824	True	
0.297688602029	-0.230313159413	0.91420256581	1301.85276596	840.803359596	True	
1.31875375805	-0.204228032163	0.437275877066	1160.51282677	832.395326	True	
2.06342702791	0.36534057977	-0.488759911177	1512.24151913	824.07137274	True	
4.10191814796	-0.290008787873	1.13164152705	1791.83893984	815.830659012	True	
-2.32919500543	-0.40354542248	1.7749306892	1444.52285275	807.672352422	True	
2.87370159517	1.48593958912	-0.405966994923	3390.43022183	799.595628898	True	
-3.76846328282	-0.54003709491	2.57494479922	1759.41819628	791.599672609	True	
-0.66234547927	0.183889631915	0.937217208464	2999.38142073	783.683675883	True	
9.31886112364	-0.321366411308	1.63458464192	1917.08275368	775.846839124	True	
2.55688294561	-0.263586778308	1.32837202884	1789.53040569	768.088370733	True	
6.69596563055	0.408546768456	-0.367630912804	2445.44768149	760.407487025	False	
3.27665595102	0.841891501574	-0.251347545851	3461.70040612	760.407487025	True	
-4.76744995655	-0.148808780711	2.90309678451	1749.61728559	752.803412155	True	
2.15177152171	0.463032418514	-0.332072693643	1557.62509173	745.275378034	True	
-0.470790189582	-0.422236080614	2.74038236628	1573.84038081	737.822624253	True	
-3.75974542975	-0.510540767652	2.93957521239	1460.45809217	730.444398011	True	
9.42243594438	-0.46526222169	0.448908474756	1746.26951573	723.139954031	True	
-1.07597716447	-0.470542200707	1.59360591823	1330.97311026	715.90855449	True	
7.44527041877	-0.17395767463	0.0348898619415	1503.97739195	708.749468945	True	
8.41322015144	-0.360187393154	0.116562651046	1462.31466563	701.661974256	True	
2.54506105966	0.224734407125	-0.234929825743	1178.25968608	694.645354513	True	
4.53839855513	-0.0914251260046	0.0666578308266	1394.86650187	687.698900968	True	
6.37353040432	-0.6091854671	0.261057021844	2575.73169942	680.821911959	True	
0.409108651157	-0.512290585365	2.59365391008	1772.89099236	674.013692839	True	
3.92904284492	0.142357439929	-0.535080004618	756.797072994	667.273555911	True	
7.37005338817	-0.36361771603	1.23784155027	1786.67646973	660.600820352	True	
2.07260962659	-0.403146823404	1.79401098649	1597.40695761	653.994812148	True	
2.30424807116	-0.412101409458	1.36001234405	1515.80785733	647.454864027	True	
1.35044872356	2.56655592993	-0.138452523013	3433.30698159	640.980315386	True	
4.583665148	-0.377219891959	-0.044197621354	1144.26717296	634.570512232	True	
0.343214257823	-0.385137079122	1.65545408225	1336.18322598	628.22480711	True	
0.730986587398	-0.324072931903	0.750383043091	1120.18028975	621.942559039	True	
-0.371664055328	-0.427455842423	1.88856654213	1327.54601818	615.723133449	True	
0.316390699002	-0.287191576873	2.51432018633	1812.12807978	609.565902114	True	
0.764196369537	-0.264085731265	0.689996313903	1176.01504554	603.470243093	True	
2.52133964899	-0.397032170364	0.313987935923	1065.29469798	597.435540662	True	
-1.05769531959	-0.479089921846	2.81910889188	1610.38757129	591.461185255	True	
-0.237332443841	-0.381984974324	2.0551055802	1404.27534487	585.546573403	False	
1.68032838992	-0.114245202482	-0.402493429896	1863.12941218	585.546573403	True	
-0.527040137082	0.292858027125	0.56023321435	3150.74550775	579.691107669	True	
2.64940845588	-0.478472286792	-0.317042170096	2274.08967628	573.894196592	True	
4.41096365288	-0.403420713772	1.10781912696	1618.27565197	568.155254626	True	
5.77322383613	-0.560822605003	2.76698746854	2136.31031117	562.47370208	True	
2.91673422072	-0.442714404099	0.77442519675	1418.67515086	556.848965059	True	
0.103933763137	-0.358503599242	2.54050576753	1626.73221688	551.280475409	True	
4.5490065784	-0.23175244938	-0.148323757939	836.840010499	545.767670654	True	
-3.76663653155	-0.481689860037	2.86108332241	1350.73361182	540.309993948	True	
6.53256159068	0.0187692557981	-0.371242838786	1110.465222	534.906894008	True	
7.33450414234	-0.227080995706	1.34260055204	2215.7699373	529.557825068	True	
0.251052087301	-0.406782846091	0.834217298925	1242.38218572	524.262246818	True	
4.64412327834	-0.251841566208	-0.245086749719	812.323739847	519.01962435	True	
5.40763207282	-0.447800000563	1.96791600762	1771.89967105	513.829428106	True	
-1.03043386011	-0.209454204639	2.08676049961	1640.7796238	508.691133825	True	
1.28619747346	-0.305601137875	2.16572562846	1769.47247653	503.604222487	False	
8.61972889784	-0.548583475976	2.17949164084	2074.34719845	503.604222487	True	
5.99034365313	-0.402411951175	0.550268437375	1557.04450761	498.568180262	True	
1.73317425028	-0.290512484758	0.574879809247	1089.61980036	493.582498459	True	
9.17874078902	-0.168939013671	-0.198040757295	1281.37173592	488.646673475	True	
-2.26905433357	-0.205997255278	1.99589924324	1484.16858257	483.76020674	True	
3.85513512723	0.114709049299	-0.37131025423	693.957609291	478.922604672	True	
3.63331035175	0.03435342543	-0.32837284943	601.923996174	474.133378626	True	
8.22267548108	-0.292184291712	-0.154219440974	1268.90372728	469.392044839	True	
6.70580167485	-0.499748125463	1.34015096278	1860.49086761	464.698124391	True	
9.47161661554	-0.43853623543	-0.0703320203353	1683.58320944	460.051143147	True	
-2.42816474572	-0.380730639588	2.01207043124	1249.89781042	455.450631716	True	
9.19673669462	-0.269896968203	1.39462164341	2063.98859839	450.896125399	True	
3.27912837994	-0.207545144077	-0.376167099261	737.35946298	446.387164145	True	
3.69732414112	-0.141472851381	-0.424772072767	631.815737379	441.923292503	True	
8.49095624197	0.0216379566508	-0.729904082129	2422.28520622	437.504059578	True	
3.77991798608	-0.342173590563	1.99178373378	1802.70186382	433.129018982	True	
1.54684095865	0.429982171294	-0.26402022678	1775.552911	428.797728792	True	
0.24772858565	-0.510397151544	0.803739666672	1631.81867219	424.509751505	True	
3.50283014259	-0.119130885608	-0.0410011067602	859.748016897	420.26465399	True	
8.2436326744	-0.206428280677	2.99112880093	2381.25218055	416.06200745	True	
2.23610266977	-0.418593202861	0.375874243979	1116.66573937	411.901387375	True	
4.3301073734	-0.168290255856	-0.169343191182	761.29278887	407.782373501	False	
8.90591750294	-0.121516496653	0.00572507334871	1669.55648298	407.782373501	True	
1.48112245732	-0.322767345829	0.465622625929	1028.89013581	403.704549766	True	
-2.99181548721	-0.442545959477	2.11825746691	1459.5342907	399.667504269	True	
8.94056555309	-0.589383804759	2.8244069096	2317.39409628	395.670829226	True	
4.60756806456	-0.184745627897	-0.26456198898	718.903311152	391.714120934	True	
3.98073160721	0.0239376955104	-0.403427207637	561.528949929	387.796979724	True	
0.174032540133	-0.513671496061	1.97804670331	1645.53834163	383.919009927	True	
5.03953411933	-0.388609707275	0.305494314675	1383.59534624	380.079819828	True	
5.56446099061	-0.386896964653	-0.505065837007	2049.51103442	376.27902163	True	
7.1730945408	-0.308906200378	-0.16918186672	1230.24691876	372.516231413	True	
4.90581504505	0.0475108627802	-0.552117513321	837.376252771	368.791069099	True	
5.32578936056	-0.0812776899105	-0.511629224833	872.955143638	365.103158408	True	
4.69636262925	-0.0628888529149	-0.495939273816	714.843730369	361.452126824	True	
2.40474142145	0.154618791251	-0.113549668386	1284.01930459	357.837605556	True	
5.30338672684	-0.288421169417	-0.0590159544396	1084.61951406	354.2592295	True	
0.999760777873	-0.235788414158	1.21106530745	1497.55941811	350.716637205	True	
4.17426105789	-0.330105923143	0.402334312763	1331.95794546	347.209470833	True	
4.96888292605	-0.364968449665	0.438287276614	1434.81713594	343.737376125	False	
1.84921500661	0.0430021899904	-0.0532012750289	1214.74516053	343.737376125	True	
2.85047995855	-0.243319944302	-0.259992630289	756.771789375	340.300002364	True	
1.88562419578	-0.271384995601	0.490688704023	1072.04613966	336.89700234	True	
3.57446410886	-0.282355441725	-0.385347971715	946.145468954	333.528032317	True	
-3.13839833143	-0.447191732099	2.77771875775	1266.82116941	330.192751993	True	
-3.85417967665	-0.34012281664	2.77601671255	1203.32394544	326.890824474	True	
8.93284479383	-0.316669003948	1.87816324416	1938.28584832	323.621916229	True	
3.92248345386	-0.113612973609	-0.411329914593	571.337452874	320.385697067	True	
7.56566883087	-0.146943203963	1.66743749584	2654.41232347	317.181840096	True	
4.98691095072	0.135378332114	-0.391580543639	947.217212083	314.010021695	True	
4.26556197465	0.120303317082	-0.235201533685	1105.20963636	310.869921478	True	
7.98376593184	-0.245717397093	-0.378539274939	1244.29312119	307.761222263	True	
6.94277463568	-0.0554182175917	-0.301249729356	1144.22166881	304.683610041	True	
3.37169106363	0.029765872062	-0.126931198659	962.362703379	301.63677394	True	
6.07827853226	-0.213006801018	-0.129051674436	1108.17210824	298.620406201	True	
3.45943924662	0.0894152371006	-0.497568008681	683.038522042	295.634202139	True	
6.79678008634	-0.149571961919	-0.2739265892	1065.81906355	292.677860117	True	
-2.0859125995	-0.496119772901	2.44421160261	1431.47862015	289.751081516	True	
2.41696180239	-0.201687475447	-0.0179678723462	771.705611818	286.853570701	True	
4.37009019304	-0.502382189226	1.59096191702	1816.2585173	283.985034994	True	
4.62107785998	-0.303792677279	-0.436599893989	1182.37506711	281.145184644	True	
3.94342403841	-0.156805541235	-0.0546796449827	871.273764886	278.333732798	False	
6.26072894046	-0.0733937864453	-0.440179183127	955.184414069	278.333732798	True	
4.04627120109	-0.146654167616	-0.403342870316	608.67621451	275.55039547	True	
-1.15880159019	-0.217842968391	0.787311835315	2288.81405147	272.794891515	True	
5.29537748536	-0.158225210783	-0.436606909252	841.612641342	270.0669426	True	
0.83541576336	-0.174597936519	0.198607815181	1438.27630386	267.366273174	False	
3.06098781674	-0.123093362325	-0.0570977526958	768.130372797	267.366273174	True	
4.71662101586	0.17046777085	-0.562558616924	924.124068964	264.692610442	True	
3.18505942647	-0.168162503804	-0.242655268734	580.96449655	262.045684338	True	
5.17937248812	-0.40404637603	-0.11711211832	1317.40770805	259.425227494	True	
3.39117928701	-0.0274210237477	-0.290898678551	566.564892617	256.830975219	True	
4.08362495144	-0.271954812788	0.339295499205	1320.59844762	254.262665467	True	
3.49815322681	0.411300986564	-0.639488696435	1492.85152774	251.720038812	True	
3.46366948683	0.235561425655	-0.454213044078	828.151019891	249.202838424	True	
3.56820971038	-0.234059436161	-0.17998732015	661.595538047	246.71081004	True	
2.89672111558	-0.071866692957	-0.151251907222	695.865609964	244.24370194	True	
2.7863272933	-0.322029053617	0.363880715023	1056.62319065	241.80126492	True	
0.0879230301507	-0.331894881012	0.651279587658	1402.71831084	239.383252271	True	
3.28311183351	-0.205604172528	-0.140990971849	646.159968777	236.989419748	True	
4.46729510288	-0.260216083065	-0.167172243618	830.66435494	234.619525551	True	
4.30304511789	-0.0346717575367	0.0459701577393	1459.76961616	232.273330295	True	
3.3724266594	-0.00199334310844	-0.43855128576	583.566737868	229.950596992	True	
5.16428401882	0.00455205966224	-0.490207555222	774.825591915	227.651091022	True	
3.41263819365	0.342082195781	-0.361140743694	1221.79186673	225.374580112	True	
5.92648598039	-0.29063926167	-0.419702265175	1259.76419601	223.120834311	True	
2.26121129025	-0.178191263682	-0.098927905929	788.721885301	220.889625968	True	
2.91161500515	0.0302381217897	-0.260249762296	693.281838929	218.680729708	True	
2.34435915636	-0.282889462978	-0.10465470955	865.972703072	216.493922411	True	
5.18408738781	-0.0533037239267	-0.276079362685	873.207548559	214.328983187	True	
2.71384464227	-0.298376178743	-0.153126904844	826.845500857	212.185693355	True	
3.62563384406	-0.289597504252	-0.214831426085	761.850387247	210.063836422	True	
3.27260034363	0.14246073446	-0.376818655856	712.189862898	207.963198058	True	
2.60888920747	-0.0879991453179	-0.320500137587	711.132793223	205.883566077	True	
2.92691879858	-0.221340744768	-0.16777746681	659.470794995	203.824730416	True	
5.56299232744	-0.080294635889	-0.355886443773	834.120081397	201.786483112	True	
3.85028562647	0.102960724555	-0.496911800069	659.337332371	199.768618281	True	
3.52809213027	-0.0675054985592	-0.551128561084	926.468094107	197.770932098	False	
3.94282332433	-0.187255297336	-0.27042922714	611.032245384	197.770932098	True	
3.29770914035	-0.0155718718077	-0.538699105235	877.628058174	195.793222777	True	
3.82962239377	-0.0594177422253	-0.310594251911	550.599817328	193.835290549	True	
-3.75149168146	-0.382142329095	2.81349802093	1180.98059478	191.896937644	True	
-5.58994323347	-0.178672591383	2.90211919941	2046.35107236	189.977968267	True	
9.06852991239	-0.252739867505	-0.355528169933	1287.83845547	188.078188585	True	
2.5098661361	-0.147978308394	-0.252489338961	731.123394508	186.197406699	True	
1.2354358327	-0.193326577416	0.711009322914	1330.82819125	184.335432632	True	
4.81650157477	0.0430097918381	-0.446170188019	704.91182227	182.492078306	True	
2.84307783599	-0.109115566951	0.136373292707	1096.39866542	180.667157523	True	
3.77708247763	-0.0842899494679	-0.392276595171	531.580378144	178.860485947	True	
0.169484357291	-0.42123853331	1.56732806112	1284.69746566	177.071881088	True	
1.63294882995	0.189701245051	-0.367289872499	1539.61194036	175.301162277	False	
3.07360018124	-0.0160654409047	-0.220993024854	666.355697804	175.301162277	True	
3.48192004637	-0.221475090429	0.026627749939	851.075956375	173.548150654	True	
3.08777945258	-0.15885227287	-0.386773465894	705.124570846	171.812669148	True	
5.3392340143	0.0842405626366	-0.429726440655	889.564871354	170.094542456	True	
2.5677472439	-0.312491130693	0.29626414896	971.93326965	168.393597032	True	
5.25618443675	-0.0121361214744	-0.297249059107	910.317508608	166.709661061	True	
4.29450515804	-0.157661265275	-0.241329168209	668.499881416	165.042564451	True	
4.72473868842	-0.160781602843	-0.352591954168	690.284253333	163.392138806	True	
3.22801068585	0.276518634588	-0.428612873662	929.063131057	161.758217418	True	
4.57209763905	0.0146570031673	-0.413276537749	639.883481764	160.140635244	True	
3.09911592547	-0.0513821568063	-0.366731551752	574.622820781	158.539228891	True	
3.01894909195	-0.27585284122	-0.156728702465	729.692656851	156.953836603	True	
2.57648497398	-0.0449846293026	-0.285557514232	698.488263901	155.384298237	True	
3.91131851919	0.0420100264192	-0.421311015559	567.367348146	153.830455254	True	
3.14030041083	-0.238676161256	-0.0269490886138	743.23236116	152.292150702	True	
4.12002149514	-0.0480054074248	-0.253614335664	678.229707908	150.769229195	True	
4.70142755541	-0.00107218014971	-0.570472360128	869.821767491	149.261536903	True	
2.39514640224	0.0338648897976	-0.36290388373	859.629115582	147.768921534	True	
3.17562558025	-0.281686703509	-0.23423726069	762.685475211	146.291232318	True	
3.74394811624	-0.125205451972	-0.30600500427	541.072323887	144.828319995	True	
3.68722424921	-0.112708266707	-0.303586631449	535.346618415	143.380036795	True	
4.45974045507	-0.10787657489	-0.38386087603	606.001364658	141.946236427	True	
3.31116170562	-0.167778257643	0.0456666506627	903.17658958	140.526774063	True	
3.80360965504	0.207874083881	-0.460579915793	784.518655564	139.121506322	True	
3.00104583098	-0.101587294755	-0.448803122027	793.340388314	137.730291259	True	
4.50332897132	-0.264343947017	-0.193610533856	827.324522002	136.352988347	False	
1.69535066961	-0.27445502667	-0.0451879946405	1120.6327169	136.352988347	True	
2.86663857415	-0.239695597221	-0.198923085378	698.952924198	134.989458463	True	
4.42608142051	-0.192625282401	-0.300193155746	677.53580988	133.639563878	True	
4.80956725152	-0.178350199243	-0.279551555327	744.103292167	132.30316824	True	
2.22410248273	-0.0962744235978	-0.257376045005	852.056913033	130.980136557	True	
3.91470601015	-0.0882887986234	-0.310014828845	550.519597472	129.670335192	True	
2.92009888057	-0.092893546082	-0.23113046175	603.959238998	128.37363184	True	
2.87308131108	-0.220187686588	-0.248586787299	694.170552499	127.089895521	True	
3.39619021444	0.0470749220448	-0.380811511234	575.662399626	125.818996566	True	
3.37979684647	-0.143358685071	-0.333808458466	560.18581823	124.5608066	True	
4.17334869543	-0.315994411782	-0.0707646050035	924.74367318	123.315198534	True	
5.07930783568	-0.161381121784	-0.334734850231	760.295505777	122.082046549	True	
3.00866714427	-0.0909991265791	-0.216640295464	603.85678374	120.861226084	True	
3.85682171454	0.0985974106392	-0.439771121753	620.350452472	119.652613823	False	
4.86957192383	-0.386939150225	0.265118031466	1344.57889063	119.652613823	True	
4.45510960747	-0.032156411292	-0.403246967516	595.931291442	118.456087685	True	
3.28171689409	-0.0252836299041	-0.341421713013	543.518459414	117.271526808	True	
2.48429938924	-0.396097904422	0.362332828696	1078.99039729	116.09881154	True	
3.31036330536	-0.147937955426	-0.285864869466	555.985266727	114.937823424	True	
3.59496543919	-0.128956144355	-0.429300518023	629.702759689	113.78844519	True	
4.16264622749	-0.0198158518359	-0.308469326004	632.363823533	112.650560738	True	
3.84870989946	0.0329663564914	-0.365936057548	579.173549085	111.524055131	True	
2.85058432243	-0.210576496624	-0.181294974565	659.37985657	110.408814579	True	
4.28071481567	-0.114682554612	-0.402723726366	592.550036905	109.304726434	True	
3.77186023427	0.0282142792559	-0.341751447442	590.07479914	108.211679169	True	
3.13232452461	-0.067937330559	-0.236626322394	592.408997689	107.129562378	True	
4.76132227235	-0.170767809505	-0.370292490088	712.010341135	106.058266754	True	
3.6975725303	0.0281850790103	-0.31370101783	617.817439698	104.997684086	True	
3.83097269973	0.0572045236542	-0.325663464464	658.996021341	103.947707245	True	
4.1056820575	-0.149272718012	-0.182159968851	705.445695762	102.908230173	True	
3.55724781506	-0.369505658255	-0.214535802333	1037.61945702	101.879147871	True	
3.49669230646	-0.147528844545	-0.269370020608	553.222175407	100.860356393	True	
5.02261515015	0.0411282081498	-0.426037646357	756.463455594	99.8517528286	True	
3.71408870398	-0.152313424759	-0.324226479889	555.507106622	98.8532353003	True	
2.69605579319	-0.208230805637	-0.169760804989	686.147588974	97.8647029473	False	
4.22151199129	-0.0209717355199	-0.301647210963	652.022088281	97.8647029473	True	
4.67684175519	-0.152037075198	-0.182611519218	822.07941881	96.8860559178	True	
3.6724730204	-0.0103255333773	-0.414478982475	533.639453958	95.9171953586	True	
4.40436500977	-0.0473432383468	-0.238087845468	767.597476788	94.9580234051	True	
2.87287808514	-0.176959946719	-0.279602079862	654.413138911	94.008443171	True	
3.73264926536	0.00421625077786	-0.402768999407	535.160391828	93.0683587393	True	
5.00243815812	0.121392756148	-0.474091767635	840.289292599	92.1376751519	True	
3.70938481803	-0.117317025278	-0.26055723449	564.456740124	91.2162984004	True	
2.44171734919	-0.122490538742	-0.162554747522	727.571725412	90.3041354164	True	
4.72267586876	-0.00163959437283	-0.334450183626	734.026394783	89.4010940622	True	
3.57618883386	-0.045239830923	-0.291940005169	556.69319541	88.5070831216	True	
3.44129292871	-0.30707745918	-0.191883498666	796.228410271	87.6220122904	True	
3.69353936063	0.121507042582	-0.419424262146	647.923436257	86.7457921675	True	
3.1315315768	0.0743948307081	-0.362007476583	637.268203632	85.8783342458	True	
3.04001325543	-0.0860783592955	-0.291243086944	567.922142587	85.0195509033	True	
3.99388797063	0.0198575008453	-0.415822890158	557.774106221	84.1693553943	True	
3.6260183465	-0.171266228129	-0.231027506727	588.618333647	83.3276618404	True	
2.89719727038	-0.210527623696	-0.194965990812	652.799174457	82.494385222	True	
3.52110819964	-0.0884475380206	-0.261228349427	558.299943652	81.6694413697	True	
3.34780559164	-0.105123485287	-0.321028723113	533.651057597	80.852746956	True	
4.10683772463	-0.043241242384	-0.377712901539	547.460247989	80.0442194865	True	
4.22035165988	0.0632929068124	-0.428190885875	619.535172597	79.2437772916	False	
4.3733959631	0.0564838567453	-0.534536387171	724.044389424	79.2437772916	True	
2.98877047515	-0.219876276445	-0.146697081128	656.087231865	78.4513395187	True	
2.91943105327	-0.0546860702791	-0.195790066642	660.211331688	77.6668261235	True	
3.98726653754	-0.0414486546681	-0.326770939793	564.715813941	76.8901578623	True	
3.78663028077	-0.136138215768	-0.261780708038	571.23493751	76.1212562837	True	
2.82587849729	-0.239129107162	-0.153117640928	693.775664221	75.3600437208	True	
4.44040271049	-0.125590049892	-0.346427464712	614.416208663	74.6064432836	True	
4.05460981307	0.0145692013756	-0.453704326933	572.22712773	73.8603788508	True	
3.58370663504	-0.183758577597	-0.184318614962	624.226332399	73.1217750623	True	
3.50468002886	0.0987761995711	-0.428838977058	618.476679506	72.3905573117	True	
2.97080305277	-0.172976997386	-0.326327154253	667.931414123	71.6666517385	True	
3.52631045071	0.0429994869659	-0.35150144717	584.620659071	70.9499852211	True	
3.87828624727	0.0339510817591	-0.33250806086	620.524414964	70.2404853689	True	
4.39656956554	-0.136711912646	-0.402799584123	629.459504302	69.5380805152	True	
4.22094499554	-0.0744315482722	-0.361982204464	563.310549475	68.8426997101	True	
4.42872203901	-0.134119306697	-0.388295732283	622.662916306	68.154272713	True	
3.91724890221	-0.108104163509	-0.290357133392	563.068254183	67.4727299859	True	
3.26301655444	-0.0495715974176	-0.422891916281	596.367954434	66.798002686	True	
2.9337397674	-0.165806973563	0.0273007272712	827.213765803	66.1300226591	True	
4.99292969165	-0.0378343733126	-0.425954483794	697.570549116	65.4687224326	True	
4.47370100105	-0.108581612202	-0.381189032615	608.332416542	64.8140352082	True	
4.11624367419	-0.0956275153518	-0.323217519489	566.799402454	64.1658948561	False	
3.34965664005	0.00626719336548	-0.493477797804	692.007341233	64.1658948561	True	
3.11271573319	-0.0142571151925	-0.338976813205	570.768116613	63.5242359076	True	
3.5321497316	-0.0352856169034	-0.46001070888	600.311012908	62.8889935485	True	
3.91800111982	-0.185120287287	-0.314012056382	601.87607397	62.260103613	True	
3.76075880703	-0.153024065362	-0.204797855496	620.649653274	61.6375025769	True	
3.78392590184	-0.148064267227	-0.283618257807	562.101271499	61.0211275511	True	
4.27402731083	-0.0325937689226	-0.379295625807	573.740713021	60.4109162756	True	
3.60699759777	-0.087258191193	-0.297002081107	534.967133855	59.8068071129	True	
3.46142883214	-0.141774539859	-0.302700397135	544.97494546	59.2087390417	True	
4.52935481752	-0.0669840938441	-0.419522032875	609.159872234	58.6166516513	True	
3.16419260494	-0.15050270327	-0.2613038879	570.283463869	58.0304851348	True	
3.85067378958	-0.106344267833	-0.384078390145	541.885268232	57.4501802835	True	
3.22874844393	-0.100696047762	-0.311718536933	543.090811423	56.8756784806	True	
2.93018711503	-0.176826708736	-0.205561410388	619.464398699	56.3069216958	True	
3.56770756228	-0.11451045595	-0.305310679555	531.206178038	55.7438524789	True	
3.29421650442	0.0943947707531	-0.37845876364	637.254683778	55.1864139541	True	
3.06516543571	0.0272029915678	-0.347777221944	604.892909386	54.6345498145	True	
4.59159891872	-0.0425262232352	-0.419936962821	617.524290943	54.0882043164	False	
3.42960789412	-0.035508867246	-0.349634858562	527.287399903	54.0882043164	True	
3.43083661758	-0.163343634471	-0.243171292243	569.978660292	53.5473222732	True	
3.99264611214	0.0468597218381	-0.37798723155	600.619215728	53.0118490505	True	
3.6085921292	0.0718855902312	-0.437405865195	589.658978391	52.48173056	True	
3.778687352	0.0103415560382	-0.442095778726	553.724442063	51.9569132544	True	
3.63934661359	-0.154660590094	-0.215958619186	596.349972559	51.4373441218	True	
3.60890749425	-0.0822118127544	-0.469389537757	648.434218908	50.9229706806	True	
3.5131887059	-0.28048414126	-0.10890436987	751.648715769	50.4137409738	True	
3.89006413432	-0.16293558157	-0.349832950423	582.205073412	49.9096035641	True	
4.82426777671	-0.000136374340556	-0.4542240603	679.177046697	49.4105075284	False	
3.6104976245	-0.194385480304	-0.378686903481	664.412042896	49.4105075284	True	
3.415775451	-0.0257474711083	-0.403783084534	543.568450641	48.9164024531	True	
3.85674450961	-0.128495652536	-0.3049973823	551.208815398	48.4272384286	True	
4.04370367438	-0.110522370171	-0.326250010258	557.124923668	47.9429660443	True	
3.68114135613	-0.0678136550161	-0.396386582376	527.639245852	47.4635363839	True	
4.10173765005	-0.0113232423579	-0.394645667819	554.245311628	46.98890102	True	
3.95683546245	-0.103066106047	-0.360473603033	539.237457531	46.5190120098	True	
3.34750520269	-0.129243484403	-0.312089779413	543.959255772	46.0538218897	True	
3.28167927154	-0.128496685722	-0.18521354189	607.45567966	45.5932836708	True	
2.76407768012	-0.0435729813883	-0.338942682756	653.223804451	45.1373508341	True	
3.59350829064	-0.0679733522638	-0.341711878825	518.424785701	44.6859773258	True	
3.59544206074	-0.0903591295308	-0.297371943821	533.788198816	44.2391175525	True	
3.36890057855	-0.0921395209224	-0.270250664024	547.025018149	43.796726377	True	
4.22292494917	0.118348537661	-0.560270744597	804.960857559	43.3587591132	True	
3.64010881074	0.0304908982115	-0.337875886082	586.886330251	42.9251715221	True	
3.30359506058	0.00330657386815	-0.317927139056	572.912388746	42.4959198069	True	
3.44055268694	-0.144469810591	-0.261791261125	554.229807726	42.0709606088	True	
3.63811020871	-0.256870931921	-0.261996901257	699.164496757	41.6502510027	True	
4.03675064949	-0.0551779785077	-0.279533896736	616.415890156	41.2337484927	True	
3.55193815063	0.00879530768431	-0.379520304388	539.246375168	40.8214110078	True	
2.96292996687	-0.0542715297735	-0.284171630853	589.420672886	40.4131968977	True	
3.50349258618	-0.056089986655	-0.337398770494	521.715042918	40.0090649287	True	
3.63732539435	0.0969333456517	-0.458165407113	621.498115414	39.6089742794	True	
3.61545476377	-0.081314276594	-0.339323872928	519.042962021	39.2128845366	True	
3.79010091129	0.0627862288671	-0.336319462737	646.99042294	38.8207556913	True	
3.71131958779	-0.0737638290126	-0.313491524084	533.205905902	38.4325481344	True	
3.46943325541	-0.101152609265	-0.311419922573	527.234491251	38.048222653	True	
3.49264069962	-0.0698913893502	-0.33558122026	520.521159402	37.6677404265	False	
4.2228111206	0.0217066168076	-0.40371971794	589.241705488	37.6677404265	True	
4.03808361203	-0.0191808825474	-0.444722192514	559.081989008	37.2910630222	True	
3.36631610175	-0.00745334892695	-0.387553781216	543.964663139	36.918152392	True	
3.42830939669	-0.0704031822366	-0.41075613883	561.548411962	36.5489708681	True	
3.88350674205	-0.096239112023	-0.225041229956	635.572263532	36.1834811594	True	
3.61448869085	-0.0679152046552	-0.284222485282	552.090809572	35.8216463478	True	
3.24579767722	-0.113521420404	-0.274033161769	548.624443595	35.4634298843	True	
3.54964793283	-0.102860148597	-0.377303145942	539.381477757	35.1087955855	True	
3.56143510606	-0.0985440418647	-0.342102223125	522.952207182	34.7577076296	True	
3.68855982172	-0.103817674003	-0.287831989678	543.348795146	34.4101305533	True	
3.88041526846	-0.102374610507	-0.284628655002	563.980903412	34.0660292478	True	
4.49934775691	-0.121055006243	-0.323563530102	632.860917123	33.7253689553	True	
3.11137643613	-0.127219430586	-0.357709715597	608.250783272	33.3881152658	True	
3.25753845249	-0.0257459270844	-0.369094437198	547.428757041	33.0542341131	True	
3.06136780001	-0.1952338611	-0.189409974829	619.82231409	32.723691772	True	
3.91032025155	0.0093577443205	-0.434775480914	551.237995845	32.3964548543	True	
3.3309841229	-0.12846710717	-0.251606953582	555.816580527	32.0724903057	True	
4.36503471116	-0.121415595888	-0.33537611325	603.486313334	31.7517654027	True	
2.90617916023	-0.149851627677	-0.259511626849	610.343439521	31.4342477486	True	
3.73908954929	-0.144650296447	-0.344831314588	554.054914988	31.1199052712	True	
3.46480110024	-0.0522120380572	-0.386153372634	529.741235698	30.8087062184	True	
3.51295944046	-0.0702644876295	-0.346324896662	518.961888234	30.5006191563	True	
3.76901461646	-0.0744124086525	-0.391222612959	526.720141534	30.1956129647	True	
3.9837018076	-0.0431523572828	-0.408327265896	535.96866211	29.893656835	True	
3.3794552596	-0.102173199692	-0.354265986507	539.217309999	29.5947202667	True	
4.02081312601	0.00956461107789	-0.405087281332	554.906171293	29.298773064	False	
3.75650523299	0.00063037043062	-0.404664513295	534.130565574	29.298773064	True	
2.99039611833	-0.0710330550457	-0.331914284072	583.946658452	29.0057853334	True	
3.95560934241	-0.0886689974392	-0.330634641952	542.690486096	28.7157274801	True	
3.20682900008	-0.0894158964491	-0.269134681368	554.652393102	28.4285702053	True	
3.85401644361	-0.034149450555	-0.378050455614	526.33056561	28.1442845032	True	
3.59123203716	-0.0111353794259	-0.345582771264	538.945335942	27.8628416582	True	
3.70920848102	0.00210193118068	-0.298544993315	605.759560203	27.5842132416	True	
3.27279005835	-0.0770872617058	-0.280333949521	548.072334069	27.3083711092	True	
3.78803217533	-0.128974184847	-0.319096054737	542.188053007	27.0352873981	True	
3.23745703286	0.115380709544	-0.430112332014	664.531433518	26.7649345241	True	
4.34037776972	-0.143315075793	-0.344487450212	609.845636101	26.4972851789	True	
3.60868836153	-0.0956155906323	-0.297724350565	533.573348881	26.2323123271	True	
3.84103334265	-0.0251870836942	-0.319761650443	565.900514884	25.9699892038	True	
3.37698202232	-0.114560998632	-0.324231994504	535.777075373	25.7102893118	False	
3.51969833879	-0.043436233017	-0.348592362007	521.883644535	25.7102893118	True	
3.33170673503	-0.0862223338835	-0.312807224967	531.559490519	25.4531864186	True	
3.42894727287	-0.129840902072	-0.328888591906	542.570208081	25.1986545545	True	
3.26792562097	-0.0922364213523	-0.360325918253	551.756923085	24.9466680089	True	
3.72425361051	-0.00492875761482	-0.410371417808	532.889759912	24.6972013288	True	
4.01705966155	-0.059113538141	-0.405406921381	539.121053993	24.4502293155	True	
4.26895058002	0.00842325127797	-0.431232408872	582.468313728	24.2057270224	True	
3.4046239027	-0.0653068779048	-0.339031736358	524.199584984	23.9636697522	True	
3.96198407106	-0.17368374687	-0.332251739257	594.423911219	23.7240330546	True	
3.68355000638	0.0147474461903	-0.367579138318	549.193547289	23.4867927241	True	
3.72113726512	-0.0213364066653	-0.383612365116	524.177591671	23.2519247968	True	
3.55515710402	-0.041391792113	-0.379291639076	521.103379819	23.0194055489	True	
3.34987049424	-0.150894839684	-0.357670315689	591.048463409	22.7892114934	True	
4.01195468495	-0.0541146158221	-0.342691495871	548.97595929	22.5613193785	True	
3.7918672926	-0.0646996952823	-0.372848425603	520.337024445	22.3357061847	True	
3.95630008432	0.0615320004306	-0.392469727512	602.470304653	22.1123491228	True	
3.82824888367	-0.0308631749334	-0.438143178573	548.100339979	21.8912256316	True	
3.99729069909	-0.0915620250914	-0.334012982034	545.76853259	21.6723133753	True	
3.83855035882	-0.0367844870592	-0.420187487925	534.8526844	21.4555902415	True	
3.70565136583	-0.169120281102	-0.277070008901	572.285594901	21.2410343391	True	
3.85451958114	-0.079023337251	-0.365813635289	524.9248821	21.0286239957	True	
3.21799931506	0.0183904252332	-0.3607527093	572.863145184	20.8183377558	False	
3.12677347877	-0.152780521068	-0.257955679154	575.762834359	20.8183377558	True	
3.47584782937	-0.133868759278	-0.22626784854	575.459777252	20.6101543782	True	
4.16007160101	-0.0477883304835	-0.419612453176	555.612317124	20.4040528344	True	
3.6038595029	-0.00452426753548	-0.313395650353	571.738078878	20.2000123061	True	
3.61407988014	-0.0789637672146	-0.359063811778	518.609251446	19.998012183	True	
3.4976456589	0.0225936287767	-0.466417956752	603.885663705	19.7980320612	True	
3.55231978151	-0.0712912796586	-0.361720546567	518.973507207	19.6000517406	True	
3.38973411944	0.0650952636381	-0.40627147591	590.330209404	19.4040512232	True	
3.74206640799	-0.0773660631195	-0.335809620831	523.663974513	19.2100107109	True	
3.47135751025	-0.101896621732	-0.295151273349	532.193370235	19.0179106038	True	
3.56838389817	-0.100393618331	-0.32157480891	524.292513638	18.8277314978	True	
3.78792354129	-0.128292958096	-0.353588896473	543.758747469	18.6394541828	True	
4.11658509012	-0.0717101295685	-0.387577256753	546.528661952	18.453059641	True	
3.66706567859	-0.0997281242743	-0.320084797261	526.485300552	18.2685290446	True	
3.79833115909	-0.0331868058976	-0.401996711215	525.678193579	18.0858437541	True	
3.6966710025	-0.0552539175308	-0.403690482249	527.986487141	17.9049853166	True	
3.99425569227	0.0118274867788	-0.395143642188	556.415120881	17.7259354634	True	
3.00735783358	-0.158032436366	-0.259335155174	596.323481236	17.5486761088	True	
3.37848203237	-0.0348421795446	-0.399782605726	545.764331659	17.3731893477	False	
3.68516610067	-0.0246247117301	-0.348911011776	531.569309559	17.3731893477	True	
3.68787212	-0.0938260400854	-0.385310582676	533.171342332	17.1994574542	True	
3.54558463189	-0.00293209771574	-0.325919037729	558.692067859	17.0274628797	True	
3.52828075908	-0.0538110350487	-0.330179729375	524.406715458	16.8571882509	True	
3.82376845706	-0.118491685673	-0.334436513209	537.277428705	16.6886163684	True	
3.93420619503	-0.104414781062	-0.309861353502	551.788587993	16.5217302047	True	
3.44587718127	-0.110775644735	-0.325784762063	530.047942241	16.3565129026	True	
3.83161832155	-0.0640534017018	-0.320707582176	540.823452619	16.1929477736	True	
3.93368654101	-0.0231478034068	-0.361672664588	543.328583958	16.0310182959	True	
3.59390382274	-0.0306766386654	-0.445500672018	567.810160601	15.8707081129	True	
3.60445346109	-0.00677773261193	-0.350564508074	539.459651647	15.7120010318	True	
3.01353954183	-0.131773699663	-0.274356129684	582.01828316	15.5548810215	True	
3.33531661406	-0.137262087207	-0.199994086603	592.311805174	15.3993322113	True	
3.93893354547	-0.0780727401258	-0.361203026354	531.031423046	15.2453388891	True	
3.88062042289	-0.0877110467937	-0.313632617697	544.501265703	15.0928855003	True	
3.671478119	0.0113572019518	-0.449722414986	564.041105095	14.9419566453	True	
3.5841411684	-0.0196711637518	-0.379660059063	524.722798677	14.7925370788	True	
4.03839776977	-0.0176255042348	-0.413834422623	544.486166715	14.644611708	True	
3.38722021873	-0.104298161803	-0.31230146663	530.780393388	14.4981655909	True	
3.74002969796	-0.111677505892	-0.349191500443	530.401893828	14.353183935	True	
3.79458084237	-0.0703347581549	-0.375627130683	521.422670524	14.2096520957	True	
3.3472618914	-0.0360244379866	-0.395774741951	547.240171248	14.0675555747	False	
3.92219417493	-0.0464150910438	-0.376290099305	528.598580614	14.0675555747	True	
3.43292351744	-0.0556204386011	-0.343708946509	523.169673887	13.926880019	True	
3.36239953217	-0.0182800750929	-0.375760319125	538.098233933	13.7876112188	True	
3.43348065434	-0.153678205383	-0.271248789857	555.93085688	13.6497351066	True	
3.92887852026	-0.115814187095	-0.388447596813	554.934708235	13.5132377555	True	
3.47610439242	-0.123793389639	-0.309316880297	534.389106197	13.378105378	True	
3.44890242279	-0.0970860663199	-0.338552625563	526.196047402	13.2443243242	True	
3.5837146472	-0.101239745504	-0.370347445262	532.277518778	13.111881081	True	
4.09701903963	-0.0765453928157	-0.317753364831	571.213414894	12.9807622701	True	
3.50175736577	-0.0883837079219	-0.325904588852	522.284175985	12.8509546474	True	
3.84007697965	-0.0977860812248	-0.328254162658	533.521923428	12.722445101	True	
3.3219908638	-0.0310449301767	-0.313368197375	548.363217453	12.59522065	True	
3.53085593006	-0.0152441716807	-0.40824097573	536.231085889	12.4692684435	True	
3.48028050195	-0.0128350240019	-0.352890197762	534.76825504	12.344575759	True	
3.64375544723	-0.0992164238001	-0.326699313195	524.097358693	12.2211300014	True	
3.26427671768	-0.147545477481	-0.281850421883	559.092310452	12.0989187014	False	
3.58139014269	-0.0644475677493	-0.3380824593	519.541366986	12.0989187014	True	
3.5939014222	-0.0537850031019	-0.385698589021	521.790765546	11.9779295144	True	
3.4039916402	-0.120197160043	-0.295579886297	536.683634838	11.8581502193	True	
3.58323957197	-0.0678816615072	-0.295234818127	541.104710767	11.7395687171	True	
3.58550335264	-0.0725810511518	-0.317884602791	525.629766178	11.6221730299	True	
3.34699998775	0.0328402065298	-0.390916290645	567.231360529	11.5059512996	True	
3.85617294647	-0.069061023533	-0.361583978648	524.271726152	11.3908917866	True	
3.63394836085	-0.0788141295207	-0.364347764001	519.232556113	11.2769828687	True	
3.3976000148	-0.11235212347	-0.315597824505	532.635077118	11.16421304	True	
3.29905853029	-0.106504804833	-0.308545583105	537.564514216	11.0525709096	True	
3.93405082963	-0.0661549285751	-0.368847932429	528.969510638	10.9420452006	True	
3.74572811428	-0.0581876220248	-0.414822984386	535.73989361	10.8326247485	True	
3.78176489754	-0.0083222643598	-0.407134910296	531.664688003	10.7242985011	True	
4.01204123111	-0.0854135048845	-0.323233707603	553.618332759	10.617055516	True	
3.38816558161	-0.0617031711268	-0.26157569152	568.499216101	10.5108849609	True	
3.61009362376	-0.0260935617938	-0.37892813363	522.296528394	10.4057761113	True	
3.47859186212	-0.0531550504046	-0.306155766922	537.339828304	10.3017183502	True	
3.62149559096	-0.0974894887629	-0.353703227209	523.379353846	10.1987011667	True	
3.30261916371	-0.177839179829	-0.238350419576	581.991631061	10.096714155	True	
3.52148795153	-0.0116835259098	-0.379549082067	529.56512473	9.99574701345	True	
3.9669065205	-0.069094488216	-0.368047062537	531.906590184	9.89578954331	True	
3.45359302634	-0.0738465082786	-0.352901181301	522.482572248	9.79683164788	True	
3.6934280933	-0.0881472384178	-0.32261665097	525.819438919	9.6988633314	False	
3.79208070025	-0.0844711261374	-0.314485120322	536.297596218	9.6988633314	True	
3.71331700097	-0.066736009273	-0.377753254238	519.497685902	9.60187469809	True	
3.13571244041	0.0148511395166	-0.339277147996	586.284462674	9.50585595111	True	
3.80780284736	-0.107502114963	-0.337855413453	531.4127779	9.4107973916	True	
3.59711090116	-0.102095658345	-0.321740472206	524.835560978	9.31668941768	True	
3.52783796261	-0.0575032827801	-0.359658177611	518.659399603	9.2235225235	True	
3.4707914032	-0.0600670320848	-0.367242667572	522.802251794	9.13128729827	True	
3.54684406587	-0.0490117292469	-0.40108166029	531.662435568	9.03997442529	True	
3.35605607555	-0.0428271257067	-0.36934551415	532.973621688	8.94957468103	True	
3.4287336642	-0.099912090226	-0.354413942631	533.464720404	8.86007893422	True	
3.7890390746	-0.0980711031961	-0.360160930259	527.08715811	8.77147814488	True	
3.72285862953	-0.0379955521853	-0.357745664844	523.334072075	8.68376336343	True	
3.60601824376	-0.0867130613859	-0.316463861823	525.117735764	8.5969257298	True	
3.29464602303	-0.144641057057	-0.220609638065	575.787247032	8.5109564725	True	
3.45291997199	-0.0778487645905	-0.33241442738	522.190763618	8.42584690777	True	
3.49940152979	-0.050101519393	-0.343217696836	521.767260215	8.3415884387	True	
3.12795929619	-0.105277166958	-0.266774954009	560.645084035	8.25817255431	True	
3.47657600192	-0.0297056984041	-0.336362026764	532.200323262	8.17559082877	True	
3.29328276795	-0.055301591782	-0.329600021397	534.702474481	8.09383492048	True	
3.69349447931	-0.0595241816742	-0.382116287649	519.459336422	8.01289657127	True	
3.26672618131	-0.0656706858723	-0.288436713031	547.940846213	7.93276760556	True	
3.76344520128	-0.0553905605679	-0.333284604907	530.392460862	7.85343992951	False	
3.383998695	-0.035882600729	-0.349140349041	529.966879251	7.85343992951	True	
3.79192817949	-0.0552698882984	-0.390404504439	522.422611114	7.77490553021	True	
3.51114763179	-0.0817872617295	-0.345678714719	520.200247089	7.69715647491	True	
3.4918219958	-0.082286490719	-0.317070249047	524.283930217	7.62018491016	True	
3.68448911271	-0.044105651711	-0.344612885501	524.58295583	7.54398306106	True	
3.43234569492	-0.103836918477	-0.326609137717	528.131676018	7.46854323045	False	
3.51088788433	-0.0990997072609	-0.355565073859	527.98908023	7.46854323045	True	
3.64055546229	-0.0623797348004	-0.361747777331	516.85104102	7.39385779814	True	
3.48435880789	-0.0795025793177	-0.351832973819	521.604731918	7.31991922016	True	
3.57677246292	-0.0972746206119	-0.356490340198	524.801919028	7.24672002796	True	
3.57118237386	-0.0533367422242	-0.339295491035	521.303163764	7.17425282768	True	
3.3497453279	-0.0541751343493	-0.330236486948	530.374110267	7.1025102994	True	
3.45879319736	-0.0619854120749	-0.384323188908	531.260853192	7.03148519641	True	
3.69859195345	0.00913778110522	-0.409461234205	538.177705735	6.96117034444	True	
3.64393278138	-0.0804419222051	-0.345690081687	518.534310549	6.891558641	True	
3.55432790011	-0.0597266262175	-0.328213759978	523.590760475	6.82264305459	True	
3.6678660726	-0.107100021318	-0.345641191259	526.323142944	6.75441662404	True	
3.70621431962	-0.0663400008014	-0.358752505767	517.806622334	6.6868724578	True	
3.44299082697	-0.00685808995633	-0.360227788465	537.400673115	6.62000373323	True	
3.33057291167	-0.0293849920487	-0.36857523616	537.301801845	6.55380369589	True	
3.49447510699	0.000833996049884	-0.399099317319	538.975223965	6.48826565893	True	
3.75022721515	-0.0742095772256	-0.345855807256	521.298588866	6.42338300235	True	
3.83381587334	-0.0872177823944	-0.371595968984	526.635418146	6.35914917232	True	
3.43188565465	-0.109437734042	-0.292163828627	534.374688004	6.2955576806	True	
3.47522147522	-0.0637048073692	-0.342243302975	520.595983007	6.23260210379	True	
3.53279296775	-0.0632394980349	-0.363412811506	519.030286265	6.17027608275	True	
3.78080765737	-0.0611380056381	-0.409435209279	532.545017098	6.10857332193	True	
3.67377703765	-0.0260065263467	-0.383521683495	522.177108947	6.04748758871	True	
3.65729239234	-0.0656189899632	-0.352378063983	517.452682031	5.98701271282	True	
3.77899410079	-0.0875709890331	-0.372073800563	524.930560732	5.92714258569	True	
3.73534605992	-0.05731558006	-0.388601324891	521.208605794	5.86787115984	True	
3.56153611165	-0.0525137445657	-0.361186447974	518.036941314	5.80919244824	True	
3.89299191437	-0.0911310952252	-0.404782907097	545.854135561	5.75110052376	True	
3.65045016097	-0.0442493785231	-0.391275163871	521.576286408	5.69358951852	True	
3.51486369329	-0.0622026915025	-0.344238086453	519.276331716	5.63665362333	True	
3.52917422843	-0.0165269435782	-0.388243895383	528.548561428	5.5802870871	True	
3.77924129705	-0.0291715812239	-0.366709449391	526.410706519	5.52448421623	True	
3.88087073342	-0.0460883591152	-0.357525779485	530.503008059	5.46923937407	True	
3.54470137818	-0.0744146129035	-0.387334021329	530.528789619	5.41454698033	True	
3.7353894059	-0.0832860058819	-0.346408618391	521.08699541	5.36040151052	True	
3.59967556593	-0.0214615076871	-0.381253602124	523.897943995	5.30679749542	True	
3.62479043285	-0.0760307546933	-0.366662037797	519.156023722	5.25372952046	False	
3.46845826699	-0.0603047014134	-0.340625783464	521.353650985	5.25372952046	True	
3.68170217712	-0.0574625555685	-0.352659955302	518.583167592	5.20119222526	True	
3.4109943217	-0.0795601343638	-0.30736803147	529.446584609	5.14918030301	True	
3.56246427744	-0.0264156423721	-0.354809486529	525.932009657	5.09768849998	True	
3.7651263059	-0.0293207788316	-0.368092984243	525.258009594	5.04671161498	True	
3.72425830006	-0.0532084390268	-0.356459574238	519.751537121	4.99624449883	True	
3.67631782955	-0.0541247149135	-0.370799237496	517.37851019	4.94628205384	True	
3.77057235786	-0.000138305903264	-0.40184113485	533.868334858	4.8968192333	True	
3.5229568093	-0.0460331647432	-0.353652304049	520.336426367	4.84785104097	True	
3.72047858095	-0.0467013050483	-0.395361992834	522.437742956	4.79937253056	True	
3.48547758184	-0.0656931674082	-0.371874950611	524.089547357	4.75137880525	False	
3.36773807067	-0.0806894697708	-0.345515848047	528.7922103	4.75137880525	True	
3.74251545244	-0.0823289007655	-0.352703379226	520.607326138	4.7038650172	True	
3.69265564056	-0.0826323750617	-0.366037567918	520.499366774	4.65682636703	True	
3.5867869607	-0.0997578623557	-0.310650998605	527.240168628	4.61025810336	True	
3.73281946192	-0.104959799287	-0.314723352579	532.170356526	4.56415552232	True	
3.61184502381	-0.056234201261	-0.358957730919	517.144240057	4.5185139671	True	
3.38839975062	-0.0815614581351	-0.360256563919	531.775081289	4.47332882743	True	
3.6531456097	-0.0423803055634	-0.356666519544	520.24252819	4.42859553915	True	
3.60811555768	-0.0370590140026	-0.3537740814	522.081480056	4.38430958376	True	
3.65606073679	-0.0706135452564	-0.359044869607	517.260227448	4.34046648792	True	
3.58458090406	-0.0945165999293	-0.362992689375	525.391176107	4.29706182305	True	
3.58758674286	-0.0507935023796	-0.376905712655	519.177525268	4.25409120482	True	
3.60381787945	-0.0563040583359	-0.343198495727	519.686191772	4.21155029277	True	
3.58537773411	-0.0597042182776	-0.352114420334	517.519558969	4.16943478984	True	
3.640196511	-0.0593843717223	-0.370779683865	517.4139101	4.12774044194	True	
3.56645913436	-0.068257722321	-0.344719900842	518.021411946	4.08646303752	True	
3.55660298099	-0.0425404761992	-0.348062981949	521.792598743	4.04559840715	True	
3.38164707721	-0.0606801905758	-0.336887906316	526.16880108	4.00514242307	True	
3.55175937777	-0.0682328849028	-0.378148003239	523.239124516	3.96509099884	True	
3.60910313132	-0.0741040172145	-0.347317784748	517.672105221	3.92544008886	True	
3.52382784385	-0.072539489549	-0.355147147569	519.185066873	3.88618568797	True	
3.62434724019	-0.0698982340205	-0.353052198047	517.150680351	3.84732383109	True	
3.59526566102	-0.0670732926855	-0.353254131523	517.143286161	3.80885059278	True	
3.7037843783	-0.0645286262787	-0.362686098978	517.559884195	3.77076208685	False	
3.74990495868	-0.0847791341923	-0.379866845436	525.718060168	3.77076208685	True	
3.47548228837	-0.0550720811566	-0.358096932907	520.883676088	3.73305446598	True	
3.60351794757	-0.0381485942754	-0.372517149387	519.420232127	3.69572392132	True	
3.75257060777	-0.0831816050565	-0.381829168576	525.855803194	3.65876668211	True	
3.58762010835	-0.102792628256	-0.331360775095	523.830905091	3.62217901529	True	
3.92537731958	-0.0695666783609	-0.400320010895	534.00682191	3.58595722513	True	
3.7979428584	-0.0602313210625	-0.370462190573	520.364173074	3.55009765288	True	
3.68102478998	-0.0808031354549	-0.34151522516	519.825831236	3.51459667635	True	
3.49205120993	-0.0845253985316	-0.349367024361	521.969752213	3.47945070959	True	
3.62773295907	-0.0564514187291	-0.36472072998	516.995782154	3.44465620249	True	
3.6824596687	-0.0673795899014	-0.368869820726	517.804059461	3.41020964047	True	
3.64388222341	-0.0711585226925	-0.366042973604	517.916908757	3.37610754406	True	
3.60102061743	-0.0490226774248	-0.371827267873	518.090609882	3.34234646862	True	
3.61713241065	-0.0717943291941	-0.33804098301	519.181411358	3.30892300394	True	
3.50385069999	-0.0856224811041	-0.3413864246	520.936843413	3.2758337739	True	
3.54435213952	-0.0791178959621	-0.358922157433	520.247710101	3.24307543616	True	
3.68630804942	-0.071567646999	-0.362074964156	517.743586055	3.2106446818	True	
3.64985896829	-0.0367540286882	-0.389258135644	521.231676903	3.17853823498	True	
3.70251406691	-0.0377525562756	-0.394785190065	522.229655415	3.14675285263	False	
3.71366885437	-0.0383745280983	-0.398400148873	523.363113039	3.14675285263	True	
3.62954096934	-0.0791866739649	-0.342762939205	518.561216415	3.1152853241	True	
3.65631517459	-0.0467237023379	-0.370740620535	517.823470284	3.08413247086	True	
3.65946739815	-0.0732511971796	-0.357529933101	517.509672212	3.05329114615	True	
3.45698537415	-0.0495692510797	-0.391056948567	532.805779787	3.02275823469	True	
3.53452984238	-0.07947784082	-0.360453907288	521.057964624	2.99253065235	True	
3.7239838178	-0.0854807599922	-0.352357459235	520.594702887	2.96260534582	True	
3.60305592983	-0.066975205395	-0.374076066985	519.584028426	2.93297929236	True	
3.74705922762	-0.0512191664862	-0.358867959269	520.46841692	2.90364949944	True	
3.46871950448	-0.0995142140195	-0.288618066588	535.088068259	2.87461300445	True	
3.74138516409	-0.0561816323673	-0.395469153165	523.592189603	2.8458668744	True	
3.65978152099	-0.0455105700084	-0.346232313034	522.622998872	2.81740820566	True	
3.53877267784	-0.0576973701379	-0.373151584218	520.395535055	2.7892341236	True	
3.5729918073	-0.0768362587205	-0.336058204005	519.212051774	2.76134178236	True	
3.55680388568	-0.0511706721856	-0.350677586548	519.106584366	2.73372836454	True	
3.5495287836	-0.0846103470731	-0.344905892101	519.61091461	2.7063910809	True	
3.71728416722	-0.0493378301902	-0.372099958609	518.283526701	2.67932717009	True	
3.59790946768	-0.0957013673054	-0.312139469886	526.646760279	2.65253389839	True	
3.71486723501	-0.0422975141111	-0.400156435522	524.094060256	2.6260085594	True	
3.45164167625	-0.0801023192077	-0.34111222092	522.235358721	2.59974847381	True	
3.85696721268	-0.0701799760699	-0.371178813513	523.849490899	2.57375098907	True	
3.61578142342	-0.0564588809729	-0.350864644314	518.034404048	2.54801347918	True	
3.42403257124	-0.077658440845	-0.369680367475	531.349348354	2.52253334439	True	
3.56044354732	-0.0420010959066	-0.369923890614	519.561930445	2.49730801094	True	
3.74379074943	-0.0387945427911	-0.374704399753	520.478350279	2.47233493083	False	
3.6694402424	-0.0852138303399	-0.349273905742	519.410518542	2.47233493083	True	
3.65503845963	-0.0650869071419	-0.365919439217	517.183101565	2.44761158153	True	
3.70143611896	-0.0761990678672	-0.36203761321	518.607537359	2.42313546571	True	
3.58330345554	-0.0817140066871	-0.35840695608	519.6555506	2.39890411105	True	
3.68454630168	-0.126476769573	-0.341823904202	537.099174804	2.37491506994	True	
3.48495278402	-0.041227173093	-0.351456220469	522.92234554	2.35116591924	True	
3.58731143301	-0.0574123762909	-0.349267810322	518.1225447	2.32765426005	True	
3.59518492057	-0.0538408212657	-0.351638595699	518.245616298	2.30437771745	True	
3.73852391742	-0.0497145003837	-0.372526278456	518.749372461	2.28133394028	True	
3.58633704533	-0.0833095197511	-0.365176128935	521.633171236	2.25852060087	True	
3.89509334505	-0.0656634573373	-0.363106454673	526.761718515	2.23593539486	True	
3.58133511848	-0.0693543283346	-0.362193073691	517.975198755	2.21357604092	True	
3.63343219923	-0.0639985256135	-0.349357260666	517.641269269	2.19144028051	True	
3.65762122617	-0.0784743829198	-0.3657594697	519.271250913	2.1695258777	True	
3.59360135678	-0.0212390809057	-0.378515058837	524.012129681	2.14783061892	True	
3.8051771087	-0.0593203750231	-0.381481040063	521.306130687	2.12635231274	True	
3.64323706748	-0.0533813469081	-0.374343075237	517.732964682	2.10508878961	False	
3.6660570421	-0.0492935049161	-0.372513682383	517.669387444	2.10508878961	True	
3.64893325161	-0.0855253465978	-0.334667611916	520.683766343	2.08403790171	True	
3.43371251404	-0.0799244851524	-0.323126917008	524.288880301	2.06319752269	True	
3.63644093938	-0.0382109020353	-0.366483110243	519.480550777	2.04256554747	True	
3.73595809106	-0.0762274763976	-0.365749002877	519.593921936	2.02213989199	True	
3.74721493041	-0.048942448318	-0.372263643268	519.082444515	2.00191849307	True	
3.68406980435	-0.0554370515765	-0.368678651507	517.325281273	1.98189930814	True	
3.64886731077	-0.0410161803049	-0.374446085616	518.666224897	1.96208031506	True	
3.75633343044	-0.0827177739643	-0.358981078076	521.050645535	1.94245951191	True	
3.69798737503	-0.0671324312604	-0.363773506942	517.575610121	1.92303491679	True	
3.77407880653	-0.054979338854	-0.38716930271	521.154928364	1.90380456762	True	
3.57000791557	-0.0510113344058	-0.364739092937	518.058142172	1.88476652195	True	
3.69252319045	-0.0831648334302	-0.347701334437	519.588880752	1.86591885673	True	
3.71542462844	-0.0515051636713	-0.381703582389	518.95280772	1.84725966816	True	
3.53861337111	-0.0840307133279	-0.360799440897	522.290746656	1.82878707148	False	
3.50799434624	-0.0904096470601	-0.340134435549	521.782478899	1.82878707148	True	
3.6835562301	-0.0456737712105	-0.374222507092	518.186467447	1.81049920076	True	
3.68241993256	-0.0577873807027	-0.347335224596	519.836373162	1.79239420876	True	
3.55594380383	-0.0378706934168	-0.353136497345	522.022915606	1.77447026667	True	
3.67089548379	-0.0460391711848	-0.371063200483	517.988252547	1.756725564	True	
3.62287954233	-0.0794257973677	-0.324988773446	522.708490978	1.73915830836	True	
3.57215056184	-0.0744570404715	-0.357833072909	518.337703159	1.72176672528	True	
3.67280382168	-0.0709633684924	-0.338976778742	520.215630568	1.70454905803	True	
3.78477418967	-0.0455603307258	-0.36733709353	521.576709358	1.68750356745	True	
3.69096280735	-0.0720490254344	-0.360791803416	517.813433071	1.67062853177	True	
3.75348875566	-0.0504065855323	-0.362491391012	520.150281541	1.65392224645	True	
3.6828061049	-0.082191374055	-0.33339528905	521.775625509	1.63738302399	True	
3.57200527361	-0.0692720798892	-0.351760750395	517.498610495	1.62100919375	True	
3.75567400951	-0.0746653963396	-0.360360841935	519.726526823	1.60479910181	True	
3.67860205622	-0.0510603675437	-0.36597641246	517.613239855	1.58875111079	True	
3.61761105449	-0.0471196534887	-0.369832921808	517.874456429	1.57286359969	True	
3.67931058125	-0.0866264632128	-0.33509144527	521.490335783	1.55713496369	True	
3.69385328336	-0.0496786463784	-0.378095159486	518.270235975	1.54156361405	False	
3.6158783872	-0.0425336482493	-0.350310843196	521.334628347	1.54156361405	True	
3.5735477505	-0.0472311478919	-0.382408702544	521.016452457	1.52614797791	True	
3.72291620768	-0.0646115309796	-0.36245285851	518.011541767	1.51088649813	True	
3.56910121597	-0.0936085197094	-0.337764025046	521.196189241	1.49577763315	True	
3.71834479463	-0.0676607405799	-0.379346415673	520.095297943	1.48081985682	True	
3.69052557105	-0.0807485345373	-0.362184242372	519.38657599	1.46601165825	True	
3.75064071684	-0.0400445766119	-0.390033513021	521.302841756	1.45135154167	True	
3.59439752847	-0.0789376637824	-0.338713028191	518.861505372	1.43683802625	True	
3.76532867095	-0.0615174622803	-0.373804961662	519.297989555	1.42246964599	True	
3.52885398485	-0.0797011329451	-0.343338663617	519.295941072	1.40824494953	True	
3.55419053481	-0.0704546719986	-0.356571466939	518.129853842	1.39416250003	True	
3.70470615607	-0.0676515647623	-0.381005214772	520.497868879	1.38022087503	True	
3.54415837601	-0.076799999752	-0.341897397621	518.751786378	1.36641866628	True	
3.50196344464	-0.058132726001	-0.364472884665	520.293245448	1.35275447962	True	
3.64594191299	-0.0630068545572	-0.36034254156	516.867243559	1.33922693482	True	
3.52802359793	-0.0662174843236	-0.352697451699	518.38240318	1.32583466548	True	
3.73791550732	-0.0679793457948	-0.374637414787	519.399207254	1.31257631882	True	
3.63470792722	-0.0744978954412	-0.331271405066	521.224041393	1.29945055563	True	
3.65382238588	-0.0697162920048	-0.354747828159	517.236972379	1.28645605008	True	
3.68136116429	-0.0631587169592	-0.362185527748	517.165345262	1.27359148958	True	
3.61330167089	-0.0757936990317	-0.361251784753	518.289467666	1.26085557468	True	
3.61415228339	-0.0843872643462	-0.340734423207	519.194385655	1.24824701893	True	
3.56431362777	-0.0596128931042	-0.384021615345	523.245560704	1.23576454874	True	
3.65843589526	-0.0749284696727	-0.362516238198	518.053698605	1.22340690326	True	
3.57404190668	-0.0346614809337	-0.369243327107	520.635854616	1.21117283422	False	
3.60150086916	-0.0849054081261	-0.343081427903	519.087734523	1.21117283422	True	
3.67080328531	-0.0595430405785	-0.356760637626	517.476057813	1.19906110588	True	
3.75219383811	-0.0639484230679	-0.360014570117	519.13062854	1.18707049482	True	
3.73276248904	-0.0508220886809	-0.373375502525	518.509308966	1.17519978987	True	
3.75444646979	-0.0637603477016	-0.352433308702	520.491938198	1.16344779198	True	
3.63538069986	-0.049156945143	-0.359657637833	517.984509732	1.15181331406	True	
3.52877640647	-0.0578178091693	-0.359352721763	518.602301739	1.14029518092	True	
3.43463319735	-0.0605243494377	-0.343994667684	522.532458806	1.12889222911	True	
3.73438379235	-0.0776048676979	-0.358046144353	519.454037581	1.11760330682	True	
3.71541027123	-0.0794669944569	-0.357100151186	519.235250397	1.10642727375	False	
3.70196183173	-0.0546328760021	-0.373650099574	517.801298007	1.10642727375	True	
3.66133527244	-0.0694208984337	-0.371941809383	518.597685625	1.09536300101	True	
3.74315062517	-0.039694157145	-0.400136025821	524.019179278	1.084409371	True	
