Parameter 1	Parameter 2	Parameter 3	Potential	Temperature	Equilibruim
6.46832229043	-0.724881857733	1.06470582187	3852.93358234	2030.5119599	False	
7.74456362046	-0.232202364756	0.0414887857319	1420.22583898	2030.5119599	False	
-3.02520169284	-0.241197337997	2.20225930609	1440.54733779	2030.5119599	False	
5.06318239981	-0.0401948643202	-0.539955558828	856.679077875	2030.5119599	True	
2.34103256443	-0.689375494457	2.01792451859	3220.45704084	1928.9863619	True	
5.23868446636	0.288327258046	-0.140585163702	2407.53052502	1832.53704381	True	
-3.19348541549	-0.790047252049	2.45969538787	5009.76495147	1740.91019162	True	
8.78027096187	0.284824266639	-0.611702656097	2093.80360033	1653.86468203	True	
1.29005518454	-0.278417294353	2.99430153639	1986.4640767	1571.17144793	True	
3.35090013805	-0.209524887961	-0.266898574041	616.329505333	1492.61287554	True	
-3.25468951445	-0.431106281938	2.9756177649	1278.16866416	1417.98223176	True	
3.24985202582	-0.651469960497	1.25622226943	2752.68921929	1347.08312017	True	
7.604928399	-0.506532654645	0.809877298329	1870.71784234	1279.72896416	True	
2.83519951862	-0.451988764549	0.584952038628	1350.68730124	1215.74251595	True	
2.25059419036	-0.0627101238427	-0.440242593042	1230.15160162	1154.95539016	True	
4.31763248613	-0.401550603301	-0.0774851640441	1186.56743027	1097.20762065	True	
3.07201604848	-0.0924765904916	-0.484423355432	864.06305717	1042.34723962	True	
-2.91567575708	2.17551629654	1.57407440406	5459.92063954	990.229877636	True	
5.49241616684	-0.273587373563	0.183243858607	1352.56532171	980.327578859	True	
3.33541389027	0.126984295899	-0.44716476966	671.087529888	970.524303071	True	
0.952465729047	-0.373868346608	-0.0394027743948	2183.10645374	960.81906004	True	
3.79864973914	-0.164573333777	-0.526477716287	976.422243969	951.21086944	True	
1.38063873806	-0.19629136473	0.123016224182	1130.87206862	941.698760745	True	
3.82304547207	-0.135008903875	0.616310868739	2007.01140363	932.281773138	True	
3.09024197945	0.5259459487	-0.414334984371	1569.6490838	922.958955407	False	
8.25031037714	-0.399175085595	1.65593928023	1782.27992127	922.958955407	True	
-1.0004279966	-0.0878371722832	1.41736832627	1886.60592664	913.729365852	True	
-1.94175731351	-0.424119651944	2.40493134717	1268.61729254	904.592072194	True	
0.0277338139721	-0.0220896057641	1.23901987444	2202.10409794	895.546151472	True	
1.07381175588	-0.139671525422	-0.000349939191702	1467.84224801	886.590689957	True	
1.33333206867	-0.244439673731	0.145037646009	1135.67388863	877.724783058	True	
2.91144743383	0.590555180334	-0.13237965662	2915.43249773	868.947535227	True	
8.22063449317	-0.492220377613	0.544850583777	1817.74477464	860.258059875	False	
0.803215781815	-0.166705403891	0.381357529737	1369.46833717	860.258059875	True	
4.64927944475	-0.564472849136	2.28409077838	2140.90712378	851.655479276	True	
-3.11281318504	0.426349959508	1.70397806341	3977.92780581	843.138924483	True	
7.96696947073	-0.580793633348	0.10564535565	2460.58262297	834.707535239	True	
2.0267875888	-0.342197705843	0.525365716687	1062.15952303	826.360459886	True	
6.82638464602	-0.0489255224319	-0.347200439257	1083.76018902	818.096855287	True	
-3.63697199299	-0.433779753688	2.57609343103	1294.51698756	809.915886734	True	
3.57828568531	-0.191478230138	2.24540023567	2382.0795978	801.816727867	True	
4.95679888467	-0.143252775192	-0.62277863349	1408.03469044	793.798560588	True	
2.43024590587	0.0296278060105	-0.274146106365	802.249821232	785.860574983	True	
3.50847481784	0.0697961342411	-0.185086201882	938.330699369	778.001969233	True	
6.27807162372	0.430970746841	-0.326736902172	2591.80832655	770.22194954	True	
6.88927272911	-0.486294017391	0.781904657111	1781.49889573	762.519730045	True	
3.21258384564	-0.141863490475	2.74690011413	2679.91232979	754.894532744	True	
3.87195387984	-0.341667476463	1.71487532449	1771.20236678	747.345587417	False	
2.54700157649	-0.356141976856	1.47744871522	1610.27758464	747.345587417	True	
1.37410936264	0.0557433782713	0.337233155364	1877.46473169	739.872131543	True	
7.78297917251	-0.165233819933	-0.473098678854	1241.03060887	732.473410227	True	
1.18027305775	-0.068066413667	-0.200237477037	1711.58458391	725.148676125	True	
4.59418628339	-0.0904288354752	-0.49496772939	726.575366042	717.897189364	True	
1.45462442231	-0.591466362884	0.746970153641	2030.45729805	710.71821747	True	
1.78339972518	0.231408506853	-0.266281423104	1375.2513923	703.611035296	True	
3.38117205658	-0.529594591713	2.51513103259	1953.61561215	696.574924943	True	
4.89191716485	-0.391807554623	2.95556414741	1797.87729193	689.609175693	True	
5.9176387017	-0.635219507345	2.17793266723	2693.02542339	682.713083936	True	
4.61169721547	-0.0415659672059	2.46212731475	3306.1521468	675.885953097	True	
4.26661299846	-0.285200770673	1.24460463098	1851.13053506	669.127093566	True	
-0.758996009308	-0.402656520665	1.71025781542	1195.81120773	662.43582263	True	
-1.49842138388	0.171497945534	2.31421715654	3693.4663585	655.811464404	True	
5.78539028545	-0.349554961001	2.97028629904	1865.85008199	649.25334976	True	
-4.89447156699	0.0739895990754	2.85291939911	2717.25376066	642.760816262	True	
4.70631813106	-0.159663694288	0.812223856749	2200.45443206	636.3332081	False	
9.4502721818	-0.35858619762	1.67227846623	1835.40310554	636.3332081	True	
-0.0114494876112	-0.596428528776	1.84798277704	2089.38061017	629.969876019	True	
2.14341551398	-0.39076389502	0.134235312304	1055.82915614	623.670177259	True	
8.15076340091	-0.288270423074	1.76085808115	2020.83976416	617.433475486	True	
1.56872731182	-0.616908760296	1.47910931858	2334.21091246	611.259140731	True	
0.486731403072	-0.319362233096	1.99988882561	1589.4809501	605.146549324	True	
2.57736827425	1.14304318221	-0.426013290346	2541.97082795	599.095083831	True	
0.588756054068	-0.494791358824	0.361989791749	2021.96523408	593.104132992	True	
4.42644044315	-0.0992041952656	-0.588290615657	1060.41708933	587.173091662	False	
5.96950021232	-0.448569184918	0.744249318344	1653.73221076	587.173091662	True	
3.817350379	-0.0958963385147	-0.16781956062	715.715235918	581.301360746	True	
2.76517904089	2.89430684919	-0.531377607149	2889.97996686	575.488347138	True	
-2.73186498032	-0.257888123225	2.04954421735	1417.24750989	569.733463667	True	
0.0822890738199	2.61237941803	-0.0353143377243	3272.76989671	564.03612903	True	
1.89354959669	-0.192044309122	-0.234144439042	1149.34824489	558.39576774	True	
3.0067831144	-0.198223194143	-0.194180284069	626.335442427	552.811810062	True	
2.82611066497	-0.262018035747	0.168096587447	900.503878482	547.283691962	True	
2.45801060131	0.0261253970776	0.12342118146	1428.01770095	541.810855042	True	
7.44883163284	-0.483525406457	1.77739842223	1840.51554748	536.392746492	True	
-5.32821797122	-0.261310162147	2.65427647113	2211.83721833	531.028819027	True	
1.19318845639	-0.202573886942	0.821818526518	1371.78785139	525.718530837	True	
6.61959240379	-0.482102906272	0.343796600507	1709.58702616	520.461345528	True	
-0.200307398406	-0.218234303489	0.975546240356	1403.67358758	515.256732073	True	
-3.55116150173	-0.386492616844	2.75545433371	1180.4757074	510.104164752	True	
5.1216807727	-0.0423680539251	-0.43380657384	725.158190025	505.003123105	True	
-5.12169145875	-0.271495971143	2.4939983256	2402.61192359	499.953091874	True	
8.49868576122	-0.282011202251	-0.0112158254703	1362.67803208	494.953560955	True	
9.54931917896	-0.404857933109	0.552162112069	1668.81030695	490.004025345	True	
1.93249364653	-0.410780909948	0.169387013693	1150.41342316	485.103985092	True	
0.426621008903	-0.236155507399	0.729110163968	1282.34819107	480.252945241	True	
1.92384936473	-0.164115521566	-0.0334359516565	917.84166735	475.450415789	True	
3.01104876132	0.0715619965501	-0.409366775786	662.297335901	470.695911631	True	
5.36303314221	-0.277959865018	-0.329847835089	1008.99604226	465.988952514	True	
2.6349502217	-0.227032987986	-0.204656117388	740.34476251	461.329062989	True	
8.30215367393	-0.0475164546964	-0.364875889701	1213.00051727	456.715772359	True	
4.47003327288	-0.385301638556	0.471731280897	1408.90507635	452.148614636	True	
2.44679889346	0.0364036902639	-0.337029096066	809.972542172	447.627128489	True	
6.44514264161	-0.026444040357	-0.316390201207	1097.83280771	443.150857205	True	
2.65138973798	-0.168488810092	-0.349859294638	828.651827662	438.719348632	True	
-2.37256231532	-0.343718647874	1.60991226607	1667.82258865	434.332155146	True	
0.83794244266	-0.236849174893	0.623107691415	1207.3714703	429.988833595	False	
4.02384337178	-0.309187095326	0.555489729392	1449.21512932	429.988833595	True	
4.76603961863	-0.308761546203	2.71751757524	1962.77196341	425.688945259	True	
0.972966455426	-0.238386957642	0.574385370086	1179.45693418	421.432055806	True	
7.074026997	-0.0627582897771	-0.592417623955	1411.21640768	417.217735248	True	
5.02636988178	-0.367620109299	1.65772910535	1767.25702781	413.045557896	True	
5.0612840261	-0.255059099061	-0.0517908899307	1042.446475	408.915102317	True	
3.39715496741	-0.116799953034	-0.369567694497	558.428824036	404.825951293	True	
3.36839751953	-0.00370779735888	-0.355694228387	544.601124955	400.777691781	True	
3.37353094973	-0.366179785065	0.11237847441	1003.23654786	396.769914863	True	
6.81350064268	-0.429982513045	1.33924555288	1748.11781426	392.802215714	True	
2.118005988	-0.139389612182	-0.361066822274	1194.14757511	388.874193557	True	
-3.91129241586	-0.148191053074	2.24480041506	2009.47403032	384.985451621	True	
1.54509481428	-0.455497862942	0.773562409394	1262.7665129	381.135597105	True	
-0.82850713879	-0.459927074205	1.93320343331	1331.18824812	377.324241134	True	
3.50917730529	-0.269756584524	-0.39523640114	931.141471042	373.550998723	True	
1.94204057129	-0.043241783674	-0.388736816512	1330.20059326	369.815488736	True	
3.2664277084	0.535890769283	-0.574188217408	1519.37640137	366.117333848	True	
3.70410974647	-0.208986892737	-0.210671235886	632.553711359	362.45616051	True	
3.30593382651	-0.443746104568	0.687875629579	1438.17410505	358.831598905	True	
3.02094707718	-0.214767147772	0.597339402582	1515.74218309	355.243282916	True	
3.31477729487	-0.39217257382	0.107807194576	1055.58168207	351.690850086	True	
-1.4680767312	-0.0273581032397	1.290836672	2244.6403184	348.173941586	False	
1.05722938002	-0.487045123459	1.9735664061	1643.23062833	348.173941586	True	
3.49249826331	0.00223818165225	-0.172285266115	811.527253831	344.69220217	True	
3.25216748208	-0.00503882398435	-0.25341229203	633.930916912	341.245280148	True	
8.42148033896	-0.436580054401	1.64306016113	1778.91986128	337.832827347	True	
0.682593346139	-0.292142457801	1.00770005511	1198.07748488	334.454499073	True	
8.38958999492	-0.433386494962	1.47033783087	1772.12405398	331.109954082	True	
6.62855102328	-0.0945795042914	-0.409709882398	1002.32942814	327.798854542	False	
2.52832102108	0.117175770468	-0.256024237377	908.645162559	327.798854542	True	
2.19930462695	-0.111697692395	-0.437709601705	1360.60024407	324.520865996	True	
4.26944692515	-0.187586242637	-0.285566158998	650.839339074	321.275657336	True	
3.83332990454	-0.0361727141747	-0.378603177518	524.526116932	318.062900763	True	
3.42585202986	-0.346155366991	0.0787356312302	953.921990111	314.882271755	True	
4.80066546771	-0.0924165055185	-0.436160132095	676.993048115	311.733449038	True	
2.82031300956	0.214288410009	-0.164606226981	1332.05410837	308.616114547	True	
3.97542969216	-0.293181241075	0.174466495811	1098.90534505	305.529953402	True	
4.43966517569	0.273190899138	-0.522221282032	1010.97329675	302.474653868	True	
-2.82255210884	-0.396696721858	2.2319924724	1235.88403652	299.449907329	True	
-1.76459375682	-0.258687270707	1.72397132701	1355.73980093	296.455408256	True	
3.78335787806	-0.223338172568	-0.508732782794	1099.18243208	293.490854173	True	
7.46374832164	-0.14054650489	-0.0821669550765	1392.79623235	290.555945631	True	
3.51171997491	0.0292097679394	-0.315030503212	604.544500857	287.650386175	True	
2.07171674587	-0.196794758148	0.609172238428	1361.65270855	284.773882313	True	
2.50562555956	0.172343494158	-0.268513623318	1002.47758404	281.92614349	True	
6.12013078197	-0.147878255683	-0.38500588948	937.872628666	279.106882055	True	
7.00771489273	-0.209159385545	-0.283014582418	1085.84660097	276.315813235	True	
1.14311546254	-0.262726013487	0.327028238681	1133.63812564	273.552655102	True	
5.57575651172	-0.0327175276	-0.415132428511	827.63016837	270.817128551	True	
4.69024075104	0.103798193276	-0.571766853571	876.737755614	268.108957266	True	
3.30141713868	0.148228689541	-0.142022247731	1252.04150822	265.427867693	True	
3.03646370072	0.352199370991	-0.464553244131	1080.69745893	262.773589016	True	
0.0925777237639	-0.530282978909	2.09396709361	1736.81224866	260.145853126	True	
2.48851946884	-0.126609525717	0.815808936078	1949.63504622	257.544394595	True	
4.03881506233	-0.146168003754	-0.14241602918	753.396097056	254.968950649	True	
3.81172505182	-0.211988285831	0.413663235579	1483.24037745	252.419261142	True	
3.19462762084	-0.245978004094	0.00247002786314	777.155344689	249.895068531	True	
5.45960804152	-0.308478349642	0.0330537400356	1192.86409314	247.396117846	True	
5.88158832867	-0.00883281057493	-0.0650144504338	1616.0000289	244.922156667	False	
4.40405033101	-0.0887351849797	-0.338108701986	604.32166342	244.922156667	True	
3.82343745723	0.414809745128	-0.270722369986	1892.14746603	242.472935101	True	
5.91972786666	-0.115431239465	-0.430008544885	903.305885673	240.04820575	True	
5.70654869137	-0.00601380617584	-0.538762940599	966.210949634	237.647723692	True	
4.6750873529	0.0950409606994	-0.397885925705	778.343824891	235.271246455	True	
5.90637304783	0.0371748200699	-0.430825394673	956.859225887	232.918533991	True	
4.69324706781	-0.0973745917597	-0.290214334491	704.492808167	230.589348651	True	
5.14961084423	-0.156743024858	-0.374737467141	768.980432382	228.283455164	True	
6.35627402047	-0.0251417585157	-0.451299640619	988.432171581	226.000620613	True	
2.57786154829	-0.349518959957	0.686121199589	1255.4492132	223.740614406	True	
1.29153204378	-0.37188046531	1.15018728548	1276.11761794	221.503208262	True	
4.18152881119	-0.0623507932513	-0.425220198408	564.177881985	219.28817618	True	
4.60862883596	-0.253263534572	0.056664685143	1095.29261451	217.095294418	True	
4.42872664654	0.0258982907481	-0.349048433411	682.941953263	214.924341474	True	
-1.53167324709	-0.306820927944	2.08950573652	1272.88883802	212.775098059	True	
2.63345178897	0.317598520542	-0.543660862415	1266.20657537	210.647347078	True	
1.08599735625	-0.338382647772	0.708489560691	1087.33965009	208.540873608	True	
3.4893936992	0.0693115383949	-0.3017001886	683.638522142	206.455464872	True	
4.96908481016	0.061441721789	-0.516474059661	789.29791283	204.390910223	True	
2.68808082989	-0.177835272469	0.0500623252246	828.395075966	202.347001121	False	
2.33808459225	-0.365805019491	0.426108175983	1052.56504195	202.347001121	True	
3.1311750439	-0.477224916452	0.205512445206	1380.95534699	200.323531109	True	
3.73847012436	0.207240721072	-0.351731103321	915.652596906	198.320295798	True	
3.46390464425	-0.274523274053	0.375084247535	1235.13565825	196.33709284	True	
2.96017294733	0.0636564209922	-0.338477543625	663.093163096	194.373721912	True	
8.60372893813	-0.225721575322	-0.293559110932	1199.39109235	192.429984693	True	
3.47316990969	-0.079252577933	-0.540932305788	916.727640101	190.505684846	True	
3.17625779168	-0.0155186483943	-0.416328747936	597.736560434	188.600627997	True	
1.25941555794	-0.111833457829	0.225061707716	1292.54499636	186.714621717	True	
3.94057580271	-0.123583086176	-0.0216546828936	982.397828068	184.8474755	True	
3.41470043171	0.00595449829992	-0.447057898674	587.609146269	182.999000745	True	
2.50306561412	-0.299639341312	-0.0814230645888	839.050488685	181.169010738	True	
3.58582122753	-0.458388500929	0.718986014989	1512.60763283	179.35732063	True	
3.76346128672	-0.400044922709	0.277339296901	1225.45104507	177.563747424	True	
3.34274736367	0.0402383661276	-0.40455139166	575.283013697	175.78810995	True	
2.34617499027	-0.0910739525611	-0.222415116145	768.576120043	174.03022885	True	
-0.0877723368665	-0.299584863008	1.36615585552	1231.99006121	172.289926562	True	
0.935669177154	-0.415247306988	0.949977602428	1173.48014939	170.567027296	True	
5.27059567739	-0.170534219885	-0.258424064972	847.757935502	168.861357023	False	
3.07240231567	-0.107077351349	-0.261939141692	568.441135895	168.861357023	True	
3.14017375833	-0.209668852311	-0.173358252935	630.941124561	167.172743453	True	
3.15351462138	0.27533187803	-0.363554846695	1012.38183903	165.501016019	True	
3.90609593879	-0.127406342446	-0.219168488711	630.087766636	163.846005858	True	
5.04927423718	-0.00474503265284	-0.346559359158	790.177751701	162.2075458	True	
2.27442942642	-0.129933627737	0.308990526963	1232.56609964	160.585470342	True	
3.02922063376	-0.15381962257	-0.19838589815	601.314397247	158.979615638	True	
4.07709919169	-0.00168916096778	-0.431269006448	556.957856214	157.389819482	True	
1.85933957486	-0.278210753949	0.0668831437507	949.261110536	155.815921287	True	
0.782073793168	-0.226132489758	0.731920761811	1250.22400196	154.257762074	True	
-1.71981103411	-0.279450114503	2.23358816504	1355.06295056	152.715184454	True	
3.14453400294	-0.00490016311421	-0.267834925472	619.193163771	151.188032609	True	
9.05539992755	-0.194280791951	-0.0615494282997	1409.63380369	149.676152283	True	
3.8394758051	-0.0297333852775	-0.360342372948	532.392957245	148.17939076	True	
3.80795057509	-0.119430738741	-0.275431520257	561.961757303	146.697596853	True	
2.31563939257	0.199849451089	-0.307097584316	1060.53790331	145.230620884	True	
3.636233797	0.0559513234897	-0.425233090659	572.03997635	143.778314675	True	
3.27080267745	0.0232171218202	-0.406339946274	576.697421109	142.340531528	True	
5.99265650169	-0.17155614001	-0.322103518432	934.368509407	140.917126213	True	
3.90146675243	0.0391868830225	-0.27447348179	730.650969153	139.507954951	False	
0.0550564862044	-0.356100132426	1.46949596948	1218.67120089	139.507954951	True	
-2.15145606539	-0.281971170464	2.43899766314	1358.44077398	138.112875401	True	
-3.72377795555	-0.406520478172	2.78379425108	1197.17669357	136.731746647	True	
-2.83713280949	-0.343528904981	2.42769975306	1189.7303437	135.364429181	True	
0.833618982233	-0.299727336174	0.594676536059	1135.29941464	134.010784889	True	
0.763619861957	-0.465190963703	1.29004603953	1351.59462466	132.67067704	True	
3.96920335068	-0.15740969043	-0.414242764074	635.949491721	131.34397027	True	
4.26375676125	-0.146157064388	-0.444865324139	679.312621421	130.030530567	True	
3.79625616626	-0.0438093642386	-0.442205091348	556.323801881	128.730225262	True	
3.7294108784	-0.12384042256	-0.352154203299	538.458032551	127.442923009	True	
6.15587776304	-0.0807558808643	-0.215904783958	1133.17478689	126.168493779	True	
2.6761595684	-0.0765182370846	-0.308286062115	669.227688674	124.906808841	True	
4.31923082928	-0.129403267174	-0.12921126004	851.241088278	123.657740753	True	
-0.304637659266	-0.232390745197	1.01037581908	1385.02872621	122.421163345	True	
3.64034315612	-0.0744707970882	-0.447602947084	592.498231422	121.196951712	True	
4.07378724708	-0.0570351333724	-0.162823443075	831.856268718	119.984982195	True	
4.04098210057	-0.113342366818	-0.413891709408	578.545571899	118.785132373	True	
2.98151040676	-0.000483204066866	-0.2762133994	630.808837101	117.597281049	True	
4.21025800578	-0.145776217604	-0.174388873452	738.885061367	116.421308238	True	
2.85667093007	-0.00197741630445	-0.391054527406	666.234158045	115.257095156	False	
3.658928515	-0.223272538929	-0.287197534453	641.001653791	115.257095156	True	
1.86007113508	-0.255430484175	0.0125894130712	952.840354942	114.104524204	True	
2.91528161827	-0.220384171688	-0.094327173626	683.11713715	112.963478962	True	
2.51481237493	-0.192565166504	-0.0133358352666	764.07164981	111.833844173	True	
1.66514860114	-0.225759516511	0.123867030028	993.023867292	110.715505731	True	
4.44089251085	-0.0279773391428	-0.453915026545	608.227553427	109.608350674	True	
4.84766410751	-0.189396920311	-0.436682139702	823.724741889	108.512267167	True	
3.86423437826	0.119200423625	-0.375461939665	697.67588178	107.427144495	True	
4.31123332244	-0.031793025436	-0.409982311928	572.772512741	106.35287305	True	
3.21462515567	-0.219256426651	-0.241009614998	633.29123596	105.28934432	True	
3.81759242941	-0.0497960456901	-0.529095527707	754.074787622	104.236450877	True	
7.19577026962	-0.0862424194411	-0.399464736495	1073.10160247	103.194086368	True	
3.99040487798	-0.0366884638935	-0.333162255469	562.394008822	102.162145504	True	
3.37766283045	-0.26422936079	-0.140131911844	704.987704453	101.140524049	True	
4.67921589156	-0.173505962229	-0.371784940181	702.159515635	100.129118809	True	
3.4508630121	-0.00114990811529	-0.389514474645	538.940886636	99.1278276206	True	
4.05170977421	-0.132628483557	-0.386226767926	577.206664493	98.1365493444	True	
2.2643074962	-0.04594865184	-0.324414198037	890.720515772	97.1551838509	True	
4.22347011924	0.032413337774	-0.359919343515	637.10601709	96.1836320124	True	
3.4992014744	-0.0574763628058	-0.390606689984	530.407054614	95.2217956923	True	
3.56614524018	-0.0616832099333	-0.272512566033	564.344940305	94.2695777354	True	
2.88343390093	-0.192572062424	-0.0918740746935	679.782155476	93.326881958	True	
3.54670197557	-0.0834547590403	-0.263165648376	560.05258604	92.3936131384	True	
4.10630644305	-0.0469913055521	-0.514861136314	692.937163829	91.4696770071	True	
3.52317264905	0.0374692123622	-0.37046042446	565.930454265	90.554980237	True	
4.83256291268	0.0598171747321	-0.356992900669	817.00302905	89.6494304346	False	
3.48973921801	-0.136070502398	-0.323843182482	542.665227678	89.6494304346	True	
2.77071349292	-0.0965053379424	-0.330770680016	659.522329819	88.7529361303	True	
5.63046547598	-0.0909565426878	-0.328307608698	866.165394627	87.865406769	True	
3.488692054	-0.0992894273243	-0.349501300101	527.298070656	86.9867527013	True	
4.03878130094	-0.0099061605296	-0.371259564841	557.628819054	86.1168851743	True	
4.18422962793	-0.0806328799516	-0.313682198188	587.004519719	85.2557163225	True	
4.34776004187	-0.0174109131263	-0.422781988813	582.455510218	84.4031591593	True	
4.14512737217	-0.0997330210967	-0.329472693863	567.416089643	83.5591275677	True	
4.2974348291	-0.033088062594	-0.425091710061	573.255041994	82.723536292	True	
2.95582061126	0.0973858812391	-0.299274671071	746.007732699	81.8963009291	True	
2.11851915995	0.178759777407	-0.416434183953	1191.05030752	81.0773379198	True	
3.87167965857	-0.0849711262708	-0.363633548058	527.176329215	80.2665645406	True	
3.04309629315	-0.150242758048	-0.252020523224	585.172004537	79.4638988952	True	
5.47250842707	0.0895062331241	-0.469884959991	909.296308715	78.6692599063	True	
2.70217427163	-0.247216492784	-0.326771055108	939.332240598	77.8825673072	True	
4.67200375828	-0.079872525789	-0.415985669322	636.416014933	77.1037416341	True	
3.77134572398	-0.124355906781	-0.39250544724	563.037003805	76.3327042178	False	
4.54751335072	-0.016533067897	-0.410895579544	616.636853842	76.3327042178	True	
3.86441441799	0.201614556271	-0.499321923695	784.415708472	75.5693771756	True	
3.03924914012	-0.0814212509139	-0.282175769123	569.733459932	74.8136834039	True	
5.30522601098	-0.0295896928529	-0.385492387859	784.304094985	74.0655465698	True	
4.36678789664	0.116166719851	-0.482045512592	703.796635298	73.3248911041	False	
5.68530029179	-0.17617939622	-0.444504053043	952.337523278	73.3248911041	True	
3.53481341253	-0.124816465866	-0.268670003306	547.801963105	72.5916421931	True	
4.11317574449	0.0963694063229	-0.42045669414	649.251819248	71.8657257711	True	
5.73922653132	-0.145286780093	-0.319091071874	884.464189584	71.1470685134	True	
4.06669949537	-0.227544918813	-0.0791304862436	820.22320418	70.4355978283	True	
3.70910360203	0.114519600175	-0.429319134325	635.489492166	69.73124185	True	
4.10806971985	-0.00489633667063	-0.36184361321	577.312196993	69.0339294315	True	
4.14169782019	-0.0232959358241	-0.458387646873	578.877623368	68.3435901372	True	
4.04650247625	-0.169738077032	-0.38662552279	627.276469308	67.6601542358	True	
4.03744572216	-0.0989755889975	-0.360086105315	544.993738615	66.9835526935	True	
2.71892130396	-0.169939312883	-0.190623692633	655.658459523	66.3137171665	True	
2.70597495871	-0.271324072823	-0.0619293038136	753.3841798	65.6505799949	True	
3.48860781516	-0.206205951859	-0.307248006964	622.188244215	64.9940741949	True	
2.7037777627	-0.0627389853377	-0.164898680113	708.992429505	64.344133453	True	
3.77333038634	-0.253908311885	-0.279459117815	705.021328988	63.7006921184	True	
4.44755025839	-0.0945622672767	-0.276925115464	670.357547589	63.0636851973	True	
2.80437845731	-0.0415018249695	-0.335052271738	637.03633842	62.4330483453	True	
3.02314142684	-0.091109599648	-0.293125641865	570.924412929	61.8087178618	True	
4.47061644792	0.0119809310028	-0.465119128551	626.104779641	61.1906306832	True	
4.37217570836	-0.146722200664	-0.297816835817	633.464423471	60.5787243764	True	
3.39758014583	-0.125466511926	-0.313589636843	538.578697739	59.9729371326	True	
4.30961147199	-0.0477643393138	-0.41794478414	572.701921997	59.3732077613	True	
3.93602881341	0.00471633718616	-0.426910216303	547.569219809	58.7794756837	True	
3.45204785656	-0.186134192938	-0.31101091875	594.246802859	58.1916809268	True	
2.99213357309	-0.0851947633563	-0.322680696372	582.512285975	57.6097641176	True	
4.12226330424	-0.0780945570154	-0.407350321149	554.690758195	57.0336664764	True	
5.19464303448	-0.155424764695	-0.378712397334	777.215247156	56.4633298116	True	
3.73601084416	0.0662140618786	-0.386439495998	593.728693377	55.8986965135	True	
3.5487532377	-0.131417156564	-0.357354076759	550.009058277	55.3397095484	True	
3.31741127097	-0.11429929139	-0.243727600007	561.014078717	54.7863124529	False	
3.7742631429	-0.041408438867	-0.442075454221	555.847777078	54.7863124529	True	
3.73596748686	-0.0846182147087	-0.415453423209	550.552134126	54.2384493284	True	
4.19689448703	-0.0576811588248	-0.388746851578	554.84365838	53.6960648351	True	
2.82885889487	0.0259886681799	-0.454708465269	784.596095258	53.1591041867	True	
3.51017960339	0.0755662245948	-0.387729215453	599.225709913	52.6275131449	True	
4.00413640233	-0.0649700076207	-0.29276009633	587.488329563	52.1012380134	True	
3.63225626748	-0.158580328564	-0.313033664973	558.068728743	51.5802256333	True	
3.86572892614	-0.148755180244	-0.34300265975	562.502705859	51.064423377	True	
3.51329135697	0.0247722645229	-0.397678238562	549.823856174	50.5537791432	True	
3.50594617963	-0.13610430525	-0.397201038432	598.492966567	50.0482413517	True	
3.41571581825	-0.116398038642	-0.308008108373	533.430342682	49.5477589382	True	
3.28243302224	-0.218597760797	-0.280603224193	642.878925201	49.0522813488	True	
3.53471129458	-0.0131254368892	-0.363926097927	530.181190482	48.5617585354	True	
4.14928097314	-0.156843964685	-0.21058017862	675.278935085	48.07614095	True	
2.24094177846	-0.211537768495	-0.0454745958414	803.281386999	47.5953795405	True	
3.68467139038	-0.0259506572705	-0.389148629078	522.679900617	47.1194257451	True	
2.90057269392	-0.0932491596783	-0.30629538496	600.684616986	46.6482314877	True	
3.81794888377	-0.0322508444163	-0.365282765398	527.884749573	46.1817491728	True	
4.05816051254	-0.0497834530549	-0.359201852738	546.820035053	45.719931681	False	
3.46813897528	-0.110960162139	-0.360853058455	540.373332274	45.719931681	True	
3.53203669879	0.0375937615631	-0.349978276873	579.722230124	45.2627323642	True	
3.50406142565	0.063841617547	-0.371357229569	594.500699116	44.8101050406	True	
4.10358684976	-0.0730470895945	-0.309809903594	580.554447739	44.3620039902	True	
3.41823480459	-0.00829918421749	-0.319435179077	558.118548752	43.9183839503	True	
3.64817104197	-0.0498293540445	-0.352090272258	519.374235726	43.4792001108	True	
3.75222781986	-0.120811775215	-0.281233361179	552.752625569	43.0444081097	True	
3.51966820825	-0.0872144923066	-0.392113453456	542.626824653	42.6139640286	True	
3.26284203757	-0.0892697333011	-0.22147793655	589.864785666	42.1878243883	True	
3.81981325728	-0.0610510979521	-0.333677564986	532.535224053	41.7659461444	True	
4.00492986037	-0.168455273015	-0.35827239577	601.107989742	41.348286683	True	
3.75376340567	0.0106573765538	-0.434406122418	548.690127295	40.9348038161	True	
3.80940052488	0.0413693275017	-0.393425749388	566.906914003	40.525455778	True	
3.68827197998	-0.0318012268487	-0.40839214942	528.045840131	40.1202012202	True	
4.09198109249	-0.171485975507	-0.302068783228	605.369506765	39.718999208	True	
2.74836792599	-0.133918202569	-0.151356387576	661.740258801	39.3218092159	True	
3.64483965602	0.00577217837882	-0.302277768395	599.299528621	38.9285911238	True	
3.90977846675	-0.0372849629627	-0.429468196858	542.965582717	38.5393052125	True	
4.20856421443	-0.0496415385924	-0.321375117538	598.684658079	38.1539121604	True	
3.81800623868	-0.0112359454653	-0.346020543001	551.000305053	37.7723730388	True	
4.1607802631	0.117740610803	-0.521531310277	718.833545359	37.3946493084	True	
3.76902645008	0.0308146759727	-0.426687184556	554.390245899	37.0207028153	True	
4.14217337077	-0.157046907694	-0.243452327626	639.371634565	36.6504957872	False	
3.76606170571	-0.0205377559062	-0.382555136882	525.834706603	36.6504957872	True	
2.72578487246	-0.132045830096	-0.189782768039	646.970793261	36.2839908293	True	
3.62181295475	0.0315878027967	-0.417002946418	553.128558697	35.921150921	True	
3.54978953389	-0.150388397562	-0.305597738105	549.897437403	35.5619394118	True	
3.4660048876	-0.0124923312456	-0.420682456558	551.181439897	35.2063200177	True	
2.99835084543	-0.0605022570207	-0.264391375664	589.295323656	34.8542568175	True	
4.21913700125	-0.0561784100505	-0.380125074822	559.094861545	34.5057142493	True	
4.31792284648	-0.122241026516	-0.313592741498	606.811431188	34.1606571068	True	
3.53048933884	-0.0232174784824	-0.407183451801	534.883626746	33.8190505358	True	
3.53502994041	0.0127837845155	-0.349295048337	554.979747287	33.4808600304	True	
3.00965719529	-0.109018535109	-0.347912622719	607.548324462	33.1460514301	True	
3.20471279896	-0.146262530789	-0.228800751179	574.003871041	32.8145909158	True	
4.02859932222	-0.0421397603682	-0.435878990719	554.084236999	32.4864450066	True	
3.3185639071	-0.200780853963	-0.154523219068	635.811983198	32.1615805566	True	
3.31726227728	-0.147962969195	-0.145589922257	644.401610897	31.839964751	True	
3.67585783876	-0.117555890822	-0.347543060665	532.351290745	31.5215651035	True	
2.85309085187	-0.192285601375	-0.29176651481	693.482325574	31.2063494525	True	
4.05373902651	-0.0380724151337	-0.414458935667	543.244466699	30.8942859579	True	
3.54052841133	-0.15714296652	-0.311863596145	556.676125837	30.5853430984	True	
3.73516311433	-0.195204062598	-0.30077859942	601.976546275	30.2794896674	True	
4.11494357675	-0.0182459525966	-0.382706871573	556.378390142	29.9766947707	True	
3.67900382835	-0.0574393572642	-0.330937791936	526.234397673	29.676927823	True	
3.36215947488	-0.0707662733563	-0.3681298369	534.880864742	29.3801585448	True	
3.87652109595	-0.168616752517	-0.360456257657	595.300325051	29.0863569593	False	
3.64767457263	-0.0277606578267	-0.398698837313	524.970236514	29.0863569593	True	
3.70016603244	-0.0529503058131	-0.413379994657	533.935055719	28.7954933897	True	
3.82584642379	-0.101203545436	-0.256781795251	584.727261286	28.5075384558	True	
3.36494235226	-0.111731319967	-0.319314451938	534.701214264	28.2224630713	True	
3.60273646805	-0.059826715556	-0.327340023411	524.671587438	27.9402384406	True	
3.82281985319	-0.0315446300125	-0.377474004897	525.374398444	27.6608360561	True	
3.37954115312	-0.136468438417	-0.317228302177	547.520144966	27.3842276956	True	
3.76201519449	-0.0263928215761	-0.40506326634	526.70752386	27.1103854186	True	
3.75041549695	-0.0893265166076	-0.331654222627	525.612649081	26.8392815644	True	
4.03114142173	0.0207294887255	-0.41249496815	562.102013051	26.5708887488	True	
3.96035358994	-0.0292416444283	-0.436737786399	549.346743926	26.3051798613	True	
3.59209917373	-0.100883706423	-0.380961208737	538.145486815	26.0421280627	True	
3.70630295364	-0.0696357737444	-0.36656468491	518.089493875	25.7817067821	True	
3.43632141321	0.0483393545101	-0.439002520477	587.581649796	25.5238897143	True	
3.42994962074	-0.110299345187	-0.260265742586	550.46958039	25.2686508171	True	
3.50837719358	0.0769721888084	-0.398202531659	596.76819147	25.0159643089	True	
3.71139637402	0.0319472336365	-0.396293436263	553.176570111	24.7658046658	False	
4.03460046918	-0.176185032199	-0.325929403851	602.896932757	24.7658046658	True	
3.36218149627	-0.172163371605	-0.252868568209	573.196335033	24.5181466192	True	
4.20250625707	-0.122687015538	-0.352072635111	575.768138821	24.272965153	True	
4.06924159817	-0.0265199703499	-0.395976532567	544.307462463	24.0302355015	True	
3.24552428648	-0.0168877439037	-0.354774356316	549.80616631	23.7899331465	True	
3.59882723982	-0.0702863707432	-0.379867393904	522.491819844	23.552033815	True	
4.20140624962	-0.000281760171304	-0.451068759889	579.009455717	23.3165134768	True	
3.24662834234	0.0223372386342	-0.42017016411	590.483742236	23.0833483421	True	
3.62413750795	-0.0112450891467	-0.396347402418	528.405650284	22.8525148586	True	
3.26126324293	-0.0665868504664	-0.30579150581	540.466792613	22.6239897101	True	
3.60238688711	-0.0715063115261	-0.292394441945	542.710760887	22.397749813	True	
3.54133414566	-0.0400811633851	-0.424760658593	550.507622276	22.1737723148	True	
3.36889877429	-0.0779820589912	-0.375672392704	541.028034476	21.9520345917	True	
3.62387230904	-0.0304931610643	-0.316699914369	547.139873991	21.7325142458	True	
3.57907802183	-0.035379059607	-0.334018019343	530.548909907	21.5151891033	True	
3.75335619098	-0.0532009910957	-0.40931252633	530.25350325	21.3000372123	True	
3.84303364258	-0.108697194128	-0.26572583935	575.369147018	21.0870368402	True	
4.01654255822	-0.0407284369894	-0.368361785339	540.944922657	20.8761664718	True	
3.60918556377	-0.0939119578379	-0.286382348234	540.821268847	20.667404807	True	
3.32830878117	-0.0319225441263	-0.348131009423	535.704272224	20.460730759	True	
3.72514075039	-0.0931631083721	-0.335865166982	523.837518664	20.2561234514	True	
3.99448601123	-0.0496896521479	-0.390990175415	533.46407239	20.0535622169	False	
3.3735992179	-0.137151329159	-0.273026675012	548.611947305	20.0535622169	True	
3.6158633995	-0.0621588754065	-0.353120756271	517.178834888	19.8530265947	True	
3.32932383717	-0.0165150736616	-0.292988171133	574.827127139	19.6544963287	True	
3.4336379665	-0.0279741248248	-0.354169985876	529.024005359	19.4579513655	True	
3.69720291952	-0.0252869926219	-0.374447530711	523.145079005	19.2633718518	True	
3.95603974597	-0.116218270294	-0.404413017678	568.517321803	19.0707381333	True	
3.73103184908	-0.0279153683937	-0.364767622746	525.302972391	18.880030752	True	
3.22787987078	-0.0811616993991	-0.294390447223	544.129037585	18.6912304444	True	
4.05235137906	-0.0364537527771	-0.37703417432	543.271529967	18.50431814	False	
3.45706681815	-0.198978931742	-0.160327039982	638.66306104	18.50431814	True	
3.43829555785	0.0550788697947	-0.411550319602	578.358144694	18.3192749586	True	
3.70493963672	-0.0673963694081	-0.34348537161	520.352850991	18.136082209	True	
3.30657924215	-0.079322925367	-0.272205180451	550.91204977	17.9547213869	True	
3.46166760261	-0.0612944682759	-0.364113905362	522.731168775	17.775174173	True	
3.52591003924	-0.0815973105663	-0.358135092941	521.425179578	17.5974224313	True	
3.37337379571	-0.0215079561588	-0.399071368029	545.826009557	17.421448207	True	
4.05775344794	-0.00376215278715	-0.395275115898	553.066975491	17.2472337249	True	
3.1040238035	0.0279472354368	-0.357875313594	597.202492881	17.0747613877	True	
3.52063112925	-0.0597108478401	-0.358205559945	518.792465172	16.9040137738	True	
3.73188813148	-0.0240649935399	-0.380991931142	523.673689737	16.7349736361	True	
3.51383350716	-0.133275486624	-0.247319872039	561.185085607	16.5676238997	True	
3.80968344756	-0.0872480633785	-0.334139179407	528.324541396	16.4019476607	True	
3.83783609043	-0.0864237828516	-0.325078874305	534.177364131	16.2379281841	True	
3.42991158999	-0.0545344249135	-0.271722004546	564.31029469	16.0755489023	True	
3.50804330982	-0.116373989931	-0.360734257583	541.456869917	15.9147934132	True	
3.81593095533	-0.0167281280044	-0.363666366633	535.946169677	15.7556454791	True	
3.29984740002	-0.0911648159512	-0.298276211421	536.835649216	15.5980890243	False	
3.99900532497	-0.0310880571791	-0.349857292204	553.547747945	15.5980890243	True	
3.66518594001	-0.0658703327949	-0.378401476604	519.530475766	15.4421081341	True	
3.90861807356	-0.0176696369457	-0.364008759108	542.792297384	15.2876870527	True	
3.69116732836	-0.0509435168786	-0.350959714685	520.490232584	15.1348101822	True	
3.56240754043	-0.0134411070386	-0.40720921614	533.954743624	14.9834620804	True	
3.26822699338	-0.0563218132501	-0.302500052851	544.433198736	14.8336274596	True	
3.70244449726	-0.0254787388513	-0.396932944942	524.196918722	14.685291185	True	
3.71721028061	-0.0876548930973	-0.364889904379	522.106514793	14.5384382731	True	
4.1720961078	0.0100982715156	-0.39382219915	577.243405366	14.3930538904	True	
3.1926993802	-0.1070205972	-0.350078640263	566.2997472	14.2491233515	True	
3.76908496382	-0.063626300853	-0.419054432075	541.130965825	14.106632118	True	
3.72488763414	-0.0881481753832	-0.34535939177	521.559174971	13.9655657968	True	
3.7403743911	-0.139970020347	-0.352531658762	552.511413038	13.8259101388	True	
3.37637558316	-0.0287876527138	-0.393482000692	541.707768819	13.6876510374	True	
3.5716834225	-0.0434726037366	-0.378793496522	520.255481273	13.5507745271	True	
3.83193120455	-0.0455153629736	-0.387374963381	523.008986645	13.4152667818	True	
3.86993934498	-0.0290233835701	-0.40642531344	529.727478539	13.281114114	True	
3.58438981204	-0.127787737808	-0.352626519308	542.69829696	13.1483029728	True	
3.34894429871	-0.049568533819	-0.318229688793	535.418387605	13.0168199431	True	
3.34519943129	-0.103923227212	-0.331713827589	535.110553064	12.8866517437	True	
3.66860608061	-0.0473124572732	-0.372947399554	517.867711005	12.7577852262	True	
3.71579880606	-0.168900119636	-0.304272842264	569.689518311	12.630207374	True	
3.36340903147	-0.0979320819126	-0.326199895286	530.628903704	12.5039053002	True	
3.95232083436	-0.0643249686717	-0.398599255541	533.393111578	12.3788662472	True	
3.54709128305	-0.0386885970121	-0.289472956608	562.666016862	12.2550775848	True	
3.58970773904	-0.0979733898406	-0.327631893449	522.920684743	12.1325268089	True	
3.64965751155	-0.0263315525153	-0.361185560022	524.674218712	12.0112015408	False	
3.6349963941	-0.0611194038663	-0.355708101217	517.072269614	12.0112015408	True	
3.71145769322	-0.0619716600997	-0.389522193096	522.260200557	11.8910895254	True	
3.73337113645	-0.106393336223	-0.319926628389	530.705282937	11.7721786302	True	
3.5510635499	-0.103375791802	-0.345422655246	525.603222063	11.6544568439	True	
3.51716685133	-0.040189034751	-0.351687747677	522.244912457	11.5379122754	True	
3.6060090817	-0.0499256489872	-0.32658366381	528.563299602	11.4225331527	True	
3.2725846273	-0.0814661117864	-0.2199700585	596.760306678	11.3083078211	True	
3.92397530157	-0.0108136478895	-0.397866140689	536.89591242	11.1952247429	True	
3.78098993673	-0.0936279233566	-0.340326976179	525.7568483	11.0832724955	True	
3.77671876272	-0.0658627915287	-0.347588033668	522.667617276	10.9724397706	True	
3.5530383408	-0.106654387018	-0.316376158445	526.609785858	10.8627153728	True	
3.319112036	-0.0556697062009	-0.36536229327	536.097920513	10.7540882191	True	
3.45896234648	-0.0741979577879	-0.347280500321	521.516013786	10.6465473369	True	
3.847464315	-0.0665627673779	-0.384744020357	524.47500462	10.5400818636	True	
3.86172962478	-0.0610042846977	-0.349746818077	528.341399776	10.4346810449	True	
3.64185938747	-0.0642104027508	-0.376403541601	518.975295427	10.3303342345	True	
3.66998517415	-0.0305703531838	-0.401157726789	525.171002429	10.2270308921	True	
3.75687501719	-0.075216069487	-0.370149298445	520.420207063	10.1247605832	True	
3.77726533734	-0.0820885991318	-0.348008262073	522.563553187	10.0235129774	True	
3.60129075035	-0.0230185333075	-0.357392436763	526.737436172	9.9232778476	False	
3.60577706967	-0.0489801376047	-0.357450321756	518.211339029	9.9232778476	True	
3.69297096691	-0.0797919596087	-0.36398603374	519.421403886	9.82404506912	True	
4.21395912971	-0.142533286294	-0.339909732901	591.358533777	9.72580461843	True	
3.68301663864	-0.0622831387294	-0.378766316627	518.972082651	9.62854657225	True	
3.84204363648	-0.0779899653898	-0.395413570913	531.529506206	9.53226110653	True	
3.28930177131	-0.0662072197469	-0.324056285222	534.09944536	9.43693849546	True	
3.3674771438	-0.0589734320823	-0.352008020028	527.673629818	9.34256911051	True	
3.75272680557	-0.108271796909	-0.365928738396	532.764870078	9.2491434194	True	
3.54419637003	-0.0770160804756	-0.3469593608	518.619684676	9.15665198521	True	
3.56393927138	-0.00945470906835	-0.397712737365	531.232609114	9.06508546536	True	
3.61665209917	-0.0710831680731	-0.369937115353	518.976957497	8.9744346107	True	
3.33647619438	-0.101385167987	-0.29167604895	536.87769757	8.88469026459	True	
3.87799096418	-0.0627698449349	-0.345344730861	531.128408467	8.79584336195	True	
3.75948710199	-0.0850761733643	-0.327568313627	527.43872528	8.70788492833	True	
3.76712047014	-0.0588121841812	-0.325039744538	534.412925652	8.62080607905	True	
3.66356489328	-0.031310241546	-0.371878620843	520.978439544	8.53459801826	True	
4.03462487737	-0.035690944559	-0.374598919415	542.359100494	8.44925203807	True	
3.76921120239	-0.114955708512	-0.31637379184	536.040701118	8.36475951769	True	
3.62244460702	-0.11196479757	-0.379607477327	544.247345801	8.28111192252	False	
3.32239782771	-0.0730407080052	-0.356621780431	535.09021466	8.28111192252	True	
3.64928232588	-0.0327000773585	-0.370430685156	520.603277874	8.19830080329	True	
3.77460636251	-0.0128115228566	-0.356316736368	539.513943559	8.11631779526	True	
3.66367296862	-0.0645062683467	-0.369941388223	517.581139036	8.0351546173	True	
3.38160935199	-0.0513111029907	-0.35686725986	527.355818505	7.95480307113	True	
3.41335611578	-0.0441912376247	-0.361639154776	526.059721532	7.87525504042	True	
3.61135146232	-0.0978799155684	-0.342464759536	522.226355491	7.79650249002	True	
3.62696614015	-0.0336127697227	-0.363406728881	521.161241538	7.71853746512	True	
3.71446322882	-0.0654094194993	-0.3513655346	519.007582097	7.64135209046	True	
3.42946566069	-0.067679935003	-0.384673110126	536.09353251	7.56493856956	True	
3.87078916442	-0.0871520934322	-0.384894416954	531.916454854	7.48928918386	True	
3.67838173503	-0.0527952625268	-0.350147526238	519.918242092	7.41439629203	True	
3.56462029549	-0.0250066923578	-0.33795062334	533.881818326	7.34025232911	True	
3.78172449918	-0.0331313170297	-0.378316780288	522.868589987	7.26684980581	True	
3.64478776324	-0.0456380229161	-0.343826332873	523.08373083	7.19418130776	True	
3.65114416436	-0.0695881818904	-0.347005440584	518.00081414	7.12223949468	False	
3.64602470402	-0.0415697868095	-0.379107561838	518.959546398	7.12223949468	True	
3.50353152511	-0.0397545147898	-0.362588643712	521.681523421	7.05101709973	True	
3.7532611054	-0.105103783092	-0.335639162208	528.018083222	6.98050692873	True	
3.95397745315	-0.0808305143285	-0.373523659627	532.287243859	6.91070185945	True	
4.06352096084	-0.0765585062001	-0.383593429563	541.693718046	6.84159484085	True	
3.73458101636	-0.0745525191742	-0.327101752099	527.021689754	6.77317889244	True	
3.74595574071	-0.113748754022	-0.347861669713	531.510721026	6.70544710352	True	
3.57485221304	-0.0559004935842	-0.353891950681	517.802429814	6.63839263248	True	
3.6512153278	-0.0439018437209	-0.372897376785	518.20790728	6.57200870616	True	
3.35810281949	-0.0580413935607	-0.355897963927	529.185815461	6.5062886191	True	
3.43880792396	-0.0558887176419	-0.384116525918	531.652455054	6.44122573291	True	
3.90265303661	-0.11427568089	-0.310222922944	549.369955617	6.37681347558	True	
3.87243298419	-0.0643122301465	-0.347323631866	529.566910057	6.31304534082	True	
3.48899764476	-0.0614254422001	-0.353850954081	519.81971975	6.24991488741	True	
3.52252445171	-0.0256642679654	-0.378816488395	524.935868305	6.18741573854	True	
3.80624671191	-0.031070402717	-0.430476482736	541.395103007	6.12554158115	True	
3.7698416637	-0.0866738866381	-0.362513280138	522.702165848	6.06428616534	True	
3.53198970987	-0.0859958032056	-0.313768603531	525.077256266	6.00364330369	True	
3.51077001876	-0.0464851313192	-0.379043261942	523.028094202	5.94360687065	True	
3.53003192611	-0.09140717763	-0.347044163784	522.01471516	5.88417080195	True	
3.78364590369	-0.0610453505354	-0.344184504797	524.971487269	5.82532909393	True	
3.56185595091	-0.0885426025659	-0.365581738114	524.538296258	5.76707580299	True	
3.49876532321	-0.0558315473338	-0.336190654965	522.1771748	5.70940504496	True	
3.78431576365	-0.0968425157438	-0.367361653107	527.783212504	5.65231099451	True	
3.56326643049	-0.0581308543766	-0.329400927656	523.602301529	5.59578788456	True	
3.60759749154	-0.0830244779966	-0.326322406821	521.834449047	5.53983000572	False	
3.28957298958	-0.10267739807	-0.310366963859	537.363194082	5.53983000572	True	
3.62946806887	-0.077548236542	-0.343682765347	518.337876541	5.48443170566	True	
3.94478127912	-0.0419350946384	-0.389057307538	530.10246626	5.4295873886	True	
3.68404329713	-0.0904250230491	-0.331625186216	522.808734898	5.37529151472	True	
3.64986826357	-0.0857324992187	-0.349697314177	519.294033431	5.32153859957	True	
3.7469180754	-0.0323910382916	-0.424351290181	537.216449155	5.26832321357	True	
3.84381238914	-0.0459346884645	-0.393177778297	524.381551128	5.21563998144	True	
3.79023200652	-0.0846554975244	-0.345696297355	523.914602777	5.16348358162	True	
3.75553506944	-0.0666378334046	-0.392151090804	524.561531017	5.11184874581	True	
3.78711897114	-0.050248465595	-0.3585589129	522.661192186	5.06073025835	True	
3.67458439171	-0.0689495306779	-0.373167665725	518.735017444	5.01012295577	True	
3.6481410572	-0.0909015663631	-0.398389057243	542.090512102	4.96002172621	True	
3.36683992021	-0.0625053304357	-0.33657751655	527.033160003	4.91042150895	False	
3.39658991472	-0.0795213369092	-0.361595514805	530.865663334	4.91042150895	True	
3.49024816959	-0.0853305439124	-0.327001553686	522.094076984	4.86131729386	True	
3.56681587589	-0.036049925761	-0.364602284159	520.653612867	4.81270412092	True	
3.57949892213	-0.0281136329386	-0.378895329113	522.356162032	4.76457707971	True	
3.48670240288	-0.0884545092905	-0.33479859167	521.968247657	4.71693130891	True	
3.63883839639	-0.105050595947	-0.35850157414	528.049700111	4.66976199582	True	
3.90875700332	-0.079136464665	-0.368168161208	528.418533741	4.62306437587	True	
3.57625317478	-0.0732841449011	-0.336841098214	519.096978725	4.57683373211	True	
3.61468176311	-0.0363680588101	-0.380831409372	520.219652808	4.53106539479	True	
3.5867253866	-0.0587072158754	-0.356922884779	517.25083212	4.48575474084	True	
3.63362036968	-0.0862235893388	-0.380783857374	527.786219524	4.44089719343	True	
3.71218758132	-0.0571465980113	-0.378331947917	518.53296665	4.3964882215	True	
3.73513246316	-0.0860919748614	-0.36572495722	522.053413576	4.35252333928	True	
3.67300726985	-0.0511829652518	-0.379264823629	518.354770307	4.30899810589	True	
3.56519604959	-0.0889178292367	-0.343909128259	520.199222249	4.26590812483	True	
3.70522100101	-0.0575340644686	-0.39805384975	525.221390742	4.22324904358	True	
3.88787438845	-0.0661084424392	-0.365505418543	525.876488035	4.18101655314	True	
3.57636078867	-0.0347103451417	-0.374745165187	520.690514478	4.13920638761	True	
3.71156298224	-0.0676157939788	-0.35317661428	518.526813445	4.09781432374	True	
3.47788697104	-0.0676796984848	-0.329683811362	522.265604539	4.0568361805	True	
3.60793836579	-0.090799864908	-0.364276399461	523.569718573	4.01626781869	True	
3.6307667558	-0.0640782889238	-0.362877568614	516.949665455	3.97610514051	True	
3.48737001272	-0.0442454776862	-0.372001525512	522.710877622	3.9363440891	True	
3.60001929827	-0.0434514539856	-0.365082939805	518.567898982	3.89698064821	True	
3.5776497356	-0.0968576999277	-0.328458468734	522.541378858	3.85801084173	True	
3.54551783077	-0.0826577996249	-0.348788129627	519.544536522	3.81943073331	True	
3.60427378068	-0.0803397883961	-0.365024619674	520.240230133	3.78123642598	True	
3.43750267822	-0.0895711986315	-0.322961375632	524.72479081	3.74342406172	False	
3.4957659186	-0.0856921119839	-0.318070400422	523.885845253	3.74342406172	True	
3.50672239623	-0.073007750433	-0.317139275972	525.117100414	3.7059898211	True	
3.5644271947	-0.050507832318	-0.368940473103	518.547216996	3.66892992289	True	
3.57355039212	-0.0554014835873	-0.345012298652	519.293281245	3.63224062366	True	
3.80367545192	-0.0639760702585	-0.366314488588	520.79938129	3.59591821743	True	
3.69475325046	-0.109020459629	-0.329286130506	527.782437565	3.55995903525	True	
3.91680254014	-0.00601875864356	-0.435782907247	547.953036658	3.5243594449	True	
3.76562610305	-0.0682884703331	-0.347087613453	521.991907204	3.48911585045	True	
3.44268096683	-0.0812269115487	-0.337431693899	522.729762799	3.45422469195	True	
3.54242221279	-0.0855203183444	-0.361188136645	522.735340092	3.41968244503	True	
3.49542167545	-0.064525956491	-0.350271644538	519.447784215	3.38548562058	True	
3.61780704607	-0.0655301890711	-0.34626320077	517.896420147	3.35163076437	True	
3.77612322073	-0.0547497324112	-0.375545981665	519.633852633	3.31811445673	True	
3.59981050055	-0.0617632964189	-0.370417394525	518.093412777	3.28493331216	True	
3.53765393811	-0.0395303872003	-0.367705687566	520.54467886	3.25208397904	True	
3.70875675502	-0.0238698209932	-0.393530958567	523.864715006	3.21956313925	True	
3.62159967359	-0.0564582517792	-0.351949908559	517.888140524	3.18736750785	False	
3.73793748142	-0.0526877304937	-0.369687306906	518.545576623	3.18736750785	True	
3.54014835407	-0.0583555493858	-0.334639446589	521.594256705	3.15549383278	True	
3.52701400311	-0.0576640243913	-0.359480694373	518.673544264	3.12393889445	True	
3.64502768043	-0.0778960165207	-0.382392809331	524.71533322	3.0926995055	True	
3.71152285951	-0.0278512840898	-0.363469345175	524.994940925	3.06177251045	True	
3.71720527544	-0.0699795866694	-0.359798192626	518.166408739	3.03115478534	True	
3.60906639971	-0.0598241704834	-0.377085891111	519.204743941	3.00084323749	True	
3.41383489103	-0.0484649344382	-0.357678307958	525.148192242	2.97083480512	True	
3.43568657598	-0.0680642253311	-0.351354194061	522.717512974	2.94112645706	True	
3.62620149907	-0.0852827419676	-0.358362175488	519.944644593	2.91171519249	True	
3.54145535722	-0.0450186301045	-0.391148227421	525.817530059	2.88259804057	True	
3.6563455389	-0.0865839904949	-0.358502522971	520.226108153	2.85377206016	True	
3.77917171793	-0.0495449635638	-0.370575257038	520.253213871	2.82523433956	True	
3.79494124635	-0.0567517700968	-0.360788665527	521.45968291	2.79698199617	True	
3.60234428522	-0.0448277738048	-0.366176639709	518.280058219	2.7690121762	False	
3.65709256044	-0.0953645984619	-0.345202662667	521.736018432	2.7690121762	True	
3.50820780738	-0.0939143183909	-0.319521158361	523.915579633	2.74132205444	True	
3.42069839036	-0.0816834523794	-0.338243762481	524.043087184	2.7139088339	True	
3.77539904185	-0.0425117915589	-0.363501243508	522.648665488	2.68676974556	True	
3.57225810235	-0.0643467561529	-0.361961069668	517.688849121	2.6599020481	True	
3.77154504786	-0.0717929143955	-0.365794794026	519.971989827	2.63330302762	True	
3.55824654513	-0.0770606028592	-0.348742829072	518.357255626	2.60696999735	True	
3.69872886523	-0.0653011179289	-0.351661912614	518.469739695	2.58090029737	True	
3.5253153009	-0.092455940754	-0.348966389853	522.830457998	2.5550912944	True	
3.57903014336	-0.0560350093198	-0.37539875608	519.285211961	2.52954038145	True	
3.56701594851	-0.0549412718233	-0.36382163859	517.850266936	2.50424497764	True	
3.62498212031	-0.0397528150636	-0.372790717411	518.920544334	2.47920252786	True	
3.67940774695	-0.0442000767215	-0.379498215922	518.684890991	2.45441050259	True	
3.48887492432	-0.0709523065942	-0.34108790722	519.986759475	2.42986639756	True	
3.58738429016	-0.0410551678601	-0.361976918216	519.397818224	2.40556773358	True	
3.61176854549	-0.0357806152178	-0.381796882662	520.498127624	2.38151205625	True	
3.7038530328	-0.0585518777079	-0.373154133687	517.820082427	2.35769693569	True	
3.6548964114	-0.0591144320328	-0.361618804447	516.953869433	2.33411996633	True	
3.83458825977	-0.0436549243152	-0.396892904432	524.889651438	2.31077876667	True	
3.57264519528	-0.0764075405379	-0.365930502792	520.27179847	2.287670979	True	
3.82098641932	-0.037629414574	-0.385796730781	523.312396676	2.26479426921	True	
3.6797678054	-0.0942474269678	-0.34696224208	521.756084163	2.24214632652	True	
3.73779445488	-0.0613580553475	-0.35880042641	518.85866077	2.21972486325	True	
3.64446510955	-0.0595513349787	-0.328465577692	525.4441853	2.19752761462	True	
3.64176540807	-0.0469992889334	-0.372548368952	517.863276611	2.17555233847	True	
3.58000396449	-0.0628184438341	-0.36264090909	517.501188853	2.15379681509	True	
3.61166733797	-0.0387839286981	-0.376195086679	519.400517725	2.13225884694	True	
3.54447145463	-0.0814749855249	-0.362322154653	521.691823231	2.11093625847	False	
3.56365332576	-0.0518111906158	-0.359599813788	518.07736301	2.11093625847	True	
3.65937527514	-0.0474030676184	-0.369135586945	517.754744805	2.08982689588	True	
3.67009249525	-0.0878800992819	-0.349137794385	519.979157629	2.06892862692	True	
3.78887606693	-0.0437515603544	-0.363636172559	522.973995075	2.04823934066	True	
