Parameter 1	Parameter 2	Parameter 3	Potential	Temperature	Equilibruim
-6.3820511494	2.1266972385	1.35817247644	11353.5065086	3597.17579818	False	
-2.39814932341	-0.192600886647	0.409688073762	4764.35603093	3597.17579818	True	
-1.09825125393	-1.33155194606	0.100739931372	9567.24720876	3417.31700828	True	
-0.787901442842	-1.46596138567	1.35141924211	14703.9195376	3246.45115786	True	
-8.14906823155	1.5258430441	2.6390368393	4271.43489818	3084.12859997	True	
-3.78313568591	-0.312806292916	1.17927653462	5398.79960626	2929.92216997	True	
-3.8400964656	1.03299140263	0.95611928413	5151.80894209	2783.42606147	True	
-2.01448910433	-0.345745515793	0.155582914248	4316.45612351	2644.2547584	True	
-7.56020706517	-0.463674352762	2.46438479374	4149.5282228	2512.04202048	True	
-5.58638795884	2.02192476694	1.66361355131	4824.35263144	2386.43991945	True	
-3.29191680036	2.68690174832	0.484484149255	4359.1070568	2267.11792348	True	
-0.825832823457	-0.0843580137008	-0.0664208839524	6411.27739927	2153.76202731	True	
-5.21451102387	-0.156915253233	1.58921682039	4593.96682687	2046.07392594	True	
-4.71584160973	-0.0329306933211	1.22997029194	4236.544661	1943.77022964	True	
-7.34557324127	2.44031601459	2.55319876738	5965.37712513	1846.58171816	True	
-6.73240916714	-0.159118830583	2.1841464956	4334.39472194	1754.25263225	True	
-2.80008660335	-0.955763143997	1.50018988349	5571.00053513	1666.54000064	False	
-1.26205231377	-0.784100477001	-0.229031383191	5137.21130811	1666.54000064	False	
-7.01066692154	0.0439994227575	2.33464369125	4671.27732511	1666.54000064	True	
-2.809333206	1.50821237481	0.521826644968	5301.4319141	1583.21300061	True	
-5.5187083447	-1.08180726577	2.24295929346	5278.98034924	1504.05235058	True	
-5.20108877364	0.732174954898	1.43688366022	4432.61428493	1428.84973305	True	
-4.34715827458	1.30878883498	1.11411582768	4731.45796483	1357.4072464	True	
-5.23264394095	1.2843449767	1.50313375714	4756.4458209	1289.53688408	False	
-0.902438156207	0.78121533441	-0.252801674278	5634.88596646	1289.53688408	True	
-2.66825146128	1.95489527873	0.149928221456	4682.70098608	1225.06003987	True	
-4.35033490502	0.516924489223	0.763743673746	5574.600795	1163.80703788	True	
-3.26567533001	1.49794801494	0.344784958513	5053.59593447	1105.61668599	True	
-3.63782005557	2.65409070694	0.671338141646	4310.38708063	1050.33585169	False	
-0.451015713966	1.13487115083	-0.537707011459	5383.42697852	1050.33585169	False	
-1.16247812606	2.92955923037	-0.337070969024	4800.59814642	1050.33585169	True	
-4.83476612162	0.963162237402	1.15093926016	4303.37062684	997.819059103	True	
-1.6958744954	-0.996560317472	0.750725855965	5025.01613391	987.840868512	True	
-4.86833088743	-0.644310221161	1.57785024992	4122.96827246	977.962459826	True	
-7.85492999502	-0.313198809103	2.58397172506	4139.0756294	968.182835228	True	
-7.49209228221	1.85752593997	2.73490006249	7447.30520122	958.501006876	True	
-8.23949679962	1.41728449497	2.77189067515	4549.81441334	948.915996807	True	
-5.3268004708	-1.02655158253	1.86905114861	4911.64078163	939.426836839	True	
-5.38248882796	-0.857081455662	2.07339119588	4291.31009342	930.032568471	True	
-6.04192816642	0.0633315267585	1.66545994108	4363.17416065	920.732242786	True	
-5.29497050485	-0.890276413554	1.96154870926	4255.18921301	911.524920358	True	
-2.46289308703	2.61287231491	0.118687339619	4481.17094244	902.409671154	True	
-3.04414120706	-0.262906402421	0.34803818245	4727.20493149	893.385574443	True	
-1.46108583777	-0.292849504953	-0.0659278716954	4482.42661052	884.451718699	True	
-3.87020684495	2.3253094525	0.684657354242	4472.75453344	875.607201512	True	
-5.59043707098	-0.954459313206	1.71640491715	5114.59952108	866.851129496	True	
-5.54977827769	2.40918941828	1.47511615844	4278.03547104	858.182618201	True	
-8.09785385277	-0.595171240273	2.8529495655	4049.58427636	849.600792019	True	
-2.85038033031	-0.761571559305	1.2531896243	5135.81550014	841.104784099	True	
-2.68649957596	0.12795599548	0.154323999803	4831.01485305	832.693736258	True	
-4.2608075915	0.31682033118	0.798808570843	4878.36199765	824.366798896	True	
-2.49147602896	-0.556136573933	0.279785007657	4321.32899568	816.123130907	True	
-2.52645048613	1.34849365781	0.329799271734	4791.5913019	807.961899598	True	
-7.43444640337	0.376130019434	2.28127938255	4292.91218963	799.882280602	True	
-4.34029794637	2.63678803932	0.992549864468	4301.25218403	791.883457796	False	
-7.6458951034	1.70499875054	2.28307431276	4631.59070887	791.883457796	True	
-6.55876308734	-0.135687685785	2.33525328694	5683.9637932	783.964623218	True	
-3.02100211975	1.21181691458	0.484292327554	4482.81861786	776.124976986	True	
-6.18971548925	-0.632925452586	1.72553437515	5144.74819092	768.363727216	True	
-1.85902703165	-0.925804028886	0.446430752727	4441.07081024	760.680089943	True	
-6.55290392637	2.19698334185	2.10740268823	5001.13707292	753.073289044	True	
-7.11831621516	2.99190798114	2.33629236095	4880.55106067	745.542556154	True	
-5.83463601355	-0.690000659523	1.87908373485	4057.39863328	738.087130592	True	
-2.94793168055	1.99486408912	0.188095332664	5292.32316532	730.706259286	True	
-4.2961737052	0.782462747669	1.12088913647	4856.36110141	723.399196693	True	
-5.73702693806	1.49538025437	1.67343712153	4498.35262589	716.165204726	True	
-8.04545847116	-0.236048214052	2.96102964244	5231.19874051	709.003552679	True	
-5.01714426445	1.95221160139	1.38103385852	4608.39438618	701.913517152	True	
-1.76730344914	0.808401057253	-0.17589860777	4676.09204703	694.894381981	True	
-4.55867184665	-0.710691210596	1.44040023486	4061.48708268	687.945438161	True	
-4.62075124037	0.513413674182	1.39011657738	5843.01067352	681.065983779	True	
-1.31721229945	-0.693927839756	-0.147913863138	4577.32072522	674.255323942	True	
-6.41472758489	2.04218400743	1.93829450491	4388.54070943	667.512770702	False	
-7.69577952292	1.95954998477	2.75749432626	6573.38038925	667.512770702	True	
-3.75233617521	0.749439242484	0.733051575932	4293.34566933	660.837642995	False	
-1.21205536356	0.116220888536	-0.143721642641	5049.46091042	660.837642995	True	
-7.16115680346	-0.768777304404	2.67417795432	4109.855742	654.229266565	True	
-7.88280671334	-0.554004624165	2.38680946995	5592.65401987	647.6869739	True	
-2.15651989325	-0.146249417613	0.259704614809	4639.94808876	641.210104161	True	
-6.33387814758	0.571538531719	1.67578274781	4977.25663996	634.798003119	True	
-3.79462661013	-0.976506843599	1.06474677434	4847.68370642	628.450023088	True	
-6.18412800511	-0.209503129166	1.97944399418	4391.05334174	622.165522857	True	
-4.86728502486	0.17357644433	1.25466540807	4241.88142014	615.943867628	True	
-5.71470312291	1.53981969109	1.63354346952	4382.33272276	609.784428952	True	
-4.04503178	-0.271768238035	0.854369373458	4307.18083948	603.686584662	True	
-2.95661366781	1.96196957804	0.392573521653	4358.63318614	597.649718816	True	
-5.89978134682	2.49831364734	1.6408078555	4269.55745779	591.673221628	True	
-7.67832347375	0.391661076203	2.40934122746	4253.24459194	585.756489411	True	
-8.02895216538	0.308582551475	2.80250192994	5084.60364599	579.898924517	True	
-5.60533358078	1.03455413902	1.64606444153	4624.05144236	574.099935272	True	
-2.52562888188	0.647512302186	0.318399083774	4652.81764501	568.358935919	True	
-5.94803697665	2.54809211438	1.85689895716	5100.24994361	562.67534656	True	
-8.65681346837	2.61047749231	2.80791757271	4290.6860359	557.048593095	False	
-8.42849489963	0.794369372076	2.81402703246	4351.80773644	557.048593095	True	
-3.72033508822	-0.047217439829	0.882648225081	4479.02446862	551.478107164	True	
-8.15489550855	-0.605297775518	2.88224354796	4046.84149913	545.963326092	True	
-5.93626119021	0.867751025219	1.58740321455	4413.11966737	540.503692831	True	
-2.92613225419	-1.03028647845	0.935057422451	4893.84660206	535.098655903	True	
-4.57359525464	1.34394238126	0.982842268217	4479.69401363	529.747669344	True	
-5.12391976898	1.19537400708	1.20842411114	4535.89541737	524.45019265	True	
-4.72435295657	1.18477262816	1.19439628367	4352.19235477	519.205690724	True	
-7.64961109002	2.03991418637	2.29521735095	4566.14899465	514.013633817	True	
-7.57932071032	1.16077424603	2.58238674844	5194.40101879	508.873497478	True	
-7.201126276	-0.846826335553	2.72391696619	4153.19952687	503.784762504	True	
-6.08643713011	0.309543144678	1.82774727517	4363.24719273	498.746914879	True	
-6.45671210602	2.46375166795	1.90478096458	4277.17442519	493.75944573	True	
-7.77274242688	0.11383269383	2.38300953647	4497.56245927	488.821851273	True	
-8.20822071272	1.48730074304	2.62853572963	4271.17855188	483.93363276	True	
-5.88504678925	-0.425361077636	1.99619649968	4538.06518502	479.094296432	True	
-7.11415487831	0.353552806662	2.32069013943	4572.75700125	474.303353468	True	
-8.14550606205	2.2198082149	2.70215548037	4432.42092432	469.560319933	True	
-6.36622817332	0.294767720714	1.9003960675	4249.82665465	464.864716734	True	
0.143435013616	-0.660102308593	-0.516535151543	4988.05533589	460.216069567	False	
-0.977282972803	-0.872366816959	0.0641724248525	4454.95408978	460.216069567	True	
-8.22234909098	-0.171047034701	2.77226700091	4191.94574203	455.613908871	True	
-8.86547306356	2.06725416792	2.80547866422	4675.92530005	451.057769782	True	
-6.15261081678	1.76857241706	1.81572525203	4359.63128312	446.547192084	True	
-7.25710497932	1.02760614661	2.3189995456	4416.15568935	442.081720164	True	
-6.39530762795	-0.0494492855089	1.73272581685	4929.15134699	437.660902962	True	
-5.91947699823	-0.624383038261	1.75881412957	4284.33661367	433.284293932	True	
-6.71726101286	-0.68186082497	2.37564635186	4070.94170277	428.951450993	True	
-7.70966688538	-0.252746956544	2.46960343339	4203.80508729	424.661936483	True	
-6.24496988999	0.440490315181	1.77128543233	4280.20580079	420.415317118	True	
-5.15540101683	-0.600986854878	1.55020418904	4055.51613936	416.211163947	True	
-3.33025200342	-0.662094072136	0.807651464146	4075.28457399	412.049052308	True	
-7.18870286825	-0.763781837966	2.58505036162	4055.67587949	407.928561784	True	
-6.46282882408	-0.586508032143	2.21811560571	4123.71934825	403.849276167	True	
-3.04134588047	-0.249605403142	0.359736874769	4636.57026664	399.810783405	True	
-3.41452279285	1.74693516135	0.441015369569	4773.77465767	395.812675571	True	
-4.60062046781	-0.828233420904	2.13041917607	5240.30398408	391.854548815	True	
-0.438163656025	-0.683660823343	-0.0592136213817	4826.81262078	387.936003327	True	
-3.74653309467	-0.775601799291	1.12213324453	4083.80342177	384.056643294	True	
-7.09999509237	0.836374690957	2.20432461058	4281.71152922	380.216076861	True	
-5.89694719808	1.79720115917	1.5720075596	4395.65928196	376.413916092	True	
-2.13840551579	-0.660737640692	0.284282910281	4168.72183592	372.649776931	True	
-2.08212428423	-0.714061065107	0.268196834988	4202.78459961	368.923279162	True	
-7.73985146086	-0.705206919984	2.65769033502	4130.41181794	365.23404637	True	
-7.46674868459	-0.539956711912	2.65674946599	4201.11475146	361.581705907	True	
-4.11253876035	-0.409068216252	0.882382889965	4399.23919796	357.965888848	True	
-7.2629537694	2.88186716958	2.19070219078	4314.70354611	354.386229959	True	
-7.84637712874	2.04396339601	2.49053044841	4265.10084763	350.84236766	True	
-7.69934029561	0.547895347575	2.45938195893	4255.59916382	347.333943983	False	
-4.19566820689	1.83210023013	0.8427644958	4394.26706559	347.333943983	True	
-6.31087474366	-0.724697287444	2.01585369532	4208.74787753	343.860604543	True	
-5.82550812986	-0.408785222538	1.73068406869	4117.13579219	340.421998498	True	
-6.63936409006	-0.552834568872	2.19514468869	4062.14064283	337.017778513	True	
-4.60375855733	-1.05337094913	2.05306734317	5340.1560939	333.647600728	True	
-7.88463587162	1.41081968413	2.6389180858	4664.3341851	330.31112472	True	
-2.4898313243	-0.470799730063	0.421971989459	4226.73178002	327.008013473	True	
-6.34333704776	0.673552804136	1.82155285103	4267.49376623	323.737933338	True	
-4.48544760489	1.84250652859	1.02199785012	4285.54404089	320.500554005	True	
-4.61469361325	1.85195798593	1.10653176321	4289.7683587	317.295548465	False	
-4.73259540145	-1.01242879177	1.45656450277	5135.50863854	317.295548465	True	
-1.87729584573	-0.873691896998	0.412440451797	4302.99398509	314.12259298	True	
-1.6015982997	-0.443136078497	-0.0369514876362	4342.61991502	310.98136705	True	
-0.54776604436	-0.583272275008	-0.328702989333	4614.71655858	307.87155338	True	
-6.98869692527	-0.994249881934	2.86728410829	4695.00833125	304.792837846	True	
-4.05289142365	-0.501913101256	0.901662829689	4316.67523193	301.744909468	True	
-7.29172813344	-0.52081857954	2.5010198708	4098.78224916	298.727460373	True	
-6.00025201574	-0.642266369387	2.18138964248	4345.70993506	295.740185769	True	
-4.20986925933	-0.240286053909	0.954478555017	4219.88977332	292.782783912	True	
-2.68959451286	-0.89099991268	0.837310955139	4299.07135283	289.854956072	True	
-7.95061869182	0.654107862381	2.49203955863	4316.28407622	286.956406512	True	
-5.36804476922	1.5577984084	1.46797042516	4340.586443	284.086842447	True	
-1.70554061216	-0.761344004785	0.375224568407	4293.78961841	281.245974022	True	
-3.51843658076	0.038438881525	0.645673743019	4254.50506421	278.433514282	True	
-8.22043850265	1.32723034003	2.56694235076	4449.43113612	275.649179139	True	
-5.41945870716	2.0434722134	1.53185003551	4490.80527667	272.892687348	True	
-2.08255931218	-0.636262679929	0.240854334807	4184.81425412	270.163760474	True	
-2.55742663212	-0.734577154876	0.707562620665	4223.78203795	267.46212287	True	
-3.75184089823	0.516664749428	0.738356933781	4283.50519298	264.787501641	True	
-3.87232327348	1.6331819426	0.825522276596	4377.33096745	262.139626624	True	
-2.06715825033	0.953039116067	-0.0158734785003	4494.52556215	259.518230358	False	
-5.18856508976	1.14109577864	1.21250128422	4680.79714137	259.518230358	True	
-4.98142057345	-0.329614204955	1.37898945345	4136.96681051	256.923048055	True	
-3.53860008664	-0.450011435845	0.977471098597	4482.2647379	254.353817574	True	
-1.38949899309	0.447721466503	-0.190917244608	4700.82293565	251.810279398	True	
-2.97708449154	1.89357987417	0.410555068008	4365.48239567	249.292176604	True	
-3.72033429029	0.107760491374	0.727669823009	4253.7423762	246.799254838	True	
-3.12257181255	-0.630999395978	0.762427147554	4102.07623512	244.33126229	True	
-1.55131322348	1.04312321248	-0.0543538015087	5053.1220029	241.887949667	True	
-6.4100110097	-0.681950010056	2.15684336192	4039.41687438	239.46907017	True	
-8.20855436148	0.0455632279643	2.88350082973	4840.24817958	237.074379469	True	
-4.01190737025	0.702149858065	0.808722504126	4300.79765017	234.703635674	True	
-4.94569722209	1.05668079104	1.30366163961	4383.40683409	232.356599317	True	
-5.99668982665	1.76205155429	1.66086531322	4283.64485492	230.033033324	True	
-4.91254371623	2.29022919056	1.26821849032	4343.50831406	227.732702991	True	
-6.48578190476	1.94851834515	1.89130546304	4267.79919789	225.455375961	True	
-8.47440557076	0.368281288427	2.83751848701	4300.23942042	223.200822201	True	
-5.66061747384	-0.561566993656	1.87314215532	4167.74545372	220.968813979	True	
-8.4515812025	-0.649151242044	2.92567928164	4137.61565636	218.759125839	True	
-4.48142746998	0.223676885996	1.21830794936	4727.16672956	216.571534581	True	
-5.21978070483	-0.771327706072	1.68787607883	4077.16177588	214.405819235	True	
-3.19241836719	-0.793391961343	0.843174601861	4119.33057111	212.261761043	True	
-6.60556352489	-0.780527368297	2.20951249917	4182.04774801	210.139143432	True	
-8.47917279774	1.9820562569	2.69018938813	4400.50177849	208.037751998	True	
-8.6490983217	1.26332661622	2.79992092661	4299.72000645	205.957374478	False	
-2.29342319827	-0.783462483472	0.841179330387	4601.86049574	205.957374478	True	
-4.47969952743	-0.0342435774278	1.06094706305	4220.53588421	203.897800733	True	
-6.25027410866	-0.64356809551	2.28273984784	4324.33883986	201.858822726	True	
-3.57879239104	1.94466393207	0.628271460295	4316.6160011	199.840234499	True	
-4.8360739734	0.749060039289	1.21385034189	4277.33593958	197.841832154	True	
-4.02742321538	2.02058605365	0.753995448661	4460.21998131	195.863413832	True	
-2.81945342089	-0.405519712824	0.539163790182	4241.29574656	193.904779694	True	
-1.36795011238	-0.647480973665	0.0527392626563	4288.79124278	191.965731897	True	
-7.92584242587	-0.710538345498	2.80417700537	4055.56371254	190.046074578	True	
-7.12395879487	-0.790248581793	2.49173159993	4117.87219599	188.145613832	True	
-6.90876988856	-0.360476580255	2.23236788999	4123.87802168	186.264157694	True	
-7.63925270308	0.388141564294	2.41862019028	4236.92466338	184.401516117	True	
-7.47036101232	2.99866185216	2.28369961357	4308.07981982	182.557500956	True	
-5.55127221953	1.49750626697	1.59435031737	4505.9973684	180.731925946	True	
-2.46653133705	-0.410344602414	0.272165577664	4243.5034478	178.924606687	False	
-7.28643628645	-0.0894552216855	2.2752183645	4206.40722782	178.924606687	True	
-7.36394405672	-0.584248311601	2.79600441723	4597.62667615	177.13536062	True	
-6.47754362244	-0.399740647073	1.91853683936	4319.82661272	175.364007014	True	
-7.10156143775	0.196217868059	2.21103894851	4225.43651346	173.610366944	True	
-7.39680071705	2.53307455397	2.3017534268	4267.7694623	171.874263274	True	
-8.37458874528	2.07058061485	2.79734400413	4415.30184076	170.155520641	True	
-4.81187143952	-0.584023660567	1.45262350307	4076.59500004	168.453965435	True	
-2.1295551567	-0.573240773946	0.250723951821	4182.87058903	166.769425781	True	
-4.68372327529	1.25978341954	1.13674879648	4284.09618638	165.101731523	True	
-3.07431683653	0.855609360781	0.417531545553	4339.71997744	163.450714208	True	
-3.33582307727	0.466074106889	0.527614475139	4317.74531612	161.816207066	True	
-4.94836894254	-0.70821337823	1.49692658555	4073.24977593	160.198044995	True	
-2.92814695172	1.1517522774	0.432776963741	4448.02936629	158.596064545	True	
-2.47204497815	-0.757560778245	0.476593750858	4159.47934097	157.010103899	True	
-3.56067441095	0.484406085068	0.623530807205	4305.96546376	155.44000286	True	
-3.70143782668	0.635242797017	0.671715254918	4317.64984975	153.885602832	True	
-4.38052376513	2.36984682485	1.06117972779	4420.91779989	152.346746804	True	
-2.59446721915	0.477277475172	0.220801543386	4376.10555385	150.823279336	False	
-3.85102780498	-0.311082074263	0.86052073923	4161.8683557	150.823279336	True	
-3.23316664274	-0.64704407923	0.751795235518	4082.26893949	149.315046542	True	
-4.05125986948	-0.369730508394	0.921241528352	4184.30887375	147.821896077	True	
-4.28518583507	-0.678062145336	1.2601686779	4050.50143885	146.343677116	True	
-2.16999751005	-0.744571961445	0.412944357708	4146.06785689	144.880240345	True	
-2.10089939358	-0.658577759527	0.326811088376	4156.83548093	143.431437941	True	
-7.07995485339	-0.776909988262	2.58121872089	4069.67329353	141.997123562	True	
-6.45485794872	-0.663055094516	2.26727977694	4095.83245531	140.577152326	True	
-6.57745946511	0.041869508958	1.89209242918	4388.67137261	139.171380803	True	
-5.12764347119	2.047255853	1.33183115845	4287.21354145	137.779666995	True	
-6.79146410722	-0.536665989405	2.1189849826	4228.41066902	136.401870325	True	
-6.38575217775	-0.666610079159	2.14594410759	4038.41537891	135.037851622	True	
-5.13684196242	-0.79725834628	1.92265965046	4259.08337722	133.687473106	True	
-7.83945767559	0.81697816807	2.4962636383	4255.11527428	132.350598375	True	
-8.15844551887	0.529721291472	2.64321806383	4245.05618518	131.027092391	True	
-8.83553908244	0.67968759681	2.9775793469	4306.59997706	129.716821467	True	
-2.68545391612	-0.745969383871	0.683316373348	4124.66273495	128.419653252	True	
-4.11447498396	-0.6936873762	1.30362462428	4134.24910249	127.13545672	True	
-7.31010204902	2.23161589663	2.2704931831	4271.3344824	125.864102153	True	
-8.71735917611	2.08966138739	2.83502149399	4289.39457396	124.605461131	True	
-7.8257544888	2.32343616151	2.49234109621	4269.58590754	123.35940652	False	
-8.59832413918	1.54566057105	2.81905136717	4263.50040627	123.35940652	True	
-8.63962044033	2.58656933928	2.85888588852	4282.15866757	122.125812455	True	
-7.85457541637	1.39921286792	2.60600811588	4555.68912107	120.90455433	True	
-6.55459132171	-0.835914848551	2.19782093531	4307.74156986	119.695508787	True	
-8.03642212843	0.0698356475564	2.56009872628	4270.79426169	118.498553699	True	
-6.08153656937	1.70778827198	1.66791977335	4343.76480603	117.313568162	True	
-2.89813433418	-0.910413789935	0.89538579812	4322.94025974	116.14043248	True	
-6.81046370782	-0.647610926498	2.31051081404	4040.00482727	114.979028155	True	
-3.60350096981	-0.680068928435	0.954239545507	4062.59800205	113.829237874	True	
-7.04604950733	-0.715702128357	2.46135082586	4041.2021235	112.690945495	True	
-7.02083242409	-0.0391489715876	2.23932697364	4239.2568293	111.56403604	True	
-5.07417626648	0.0356435168417	1.35717085544	4220.98317997	110.44839568	True	
-6.26261593897	-0.670186950398	2.15602423236	4061.76353558	109.343911723	True	
-6.96139193635	-0.558272979627	2.45294802178	4200.92699543	108.250472606	True	
-5.88087354299	-0.819780024729	2.20820664784	4190.91719448	107.16796788	True	
-6.19185484177	-0.201029699967	1.85717899756	4160.97827422	106.096288201	True	
-8.15476996235	-0.383985466017	2.84366085115	4196.33513577	105.035325319	True	
-6.02495257895	-0.32624362188	1.82765306272	4131.22956813	103.984972066	True	
-4.03852894634	0.723463626295	0.856750251821	4282.8435267	102.945122345	True	
-3.07820422658	0.487160936594	0.425771345289	4327.07259691	101.915671122	True	
-2.13439528167	-0.621263535323	0.410987367215	4254.46320709	100.89651441	True	
-6.68830934312	-0.750973246768	2.37667678346	4053.44251181	99.8875492662	True	
-5.08980231474	-0.895538686882	1.8906995001	4278.02721016	98.8886737736	True	
-8.15086319874	-0.438574106642	2.86269095791	4171.31932528	97.8997870358	True	
-6.25678042843	1.3164682908	1.78411042558	4271.26555539	96.9207891655	True	
-5.39055093108	0.909504191475	1.45703027583	4283.00849866	95.9515812738	True	
-7.41057991477	0.929277109258	2.21317850469	4468.42617432	94.9920654611	False	
-8.77644614624	2.15625576349	2.86277962966	4286.16196797	94.9920654611	True	
-8.8505080116	2.02225612116	2.92127497879	4264.75164298	94.0421448065	True	
-8.54888041637	1.10687934002	2.7476446353	4320.00845251	93.1017233584	True	
-5.3538720552	2.95465607731	1.34777270921	4360.77772516	92.1707061248	True	
-7.31864769193	1.8025055054	2.20427527954	4342.16824463	91.2489990636	True	
-6.42673630639	2.46004056054	1.85911940478	4271.456731	90.3365090729	True	
-5.14729116714	1.87718675911	1.19903567779	4641.63620791	89.4331439822	True	
-5.07473026875	2.16993540857	1.28879994218	4275.36998054	88.5388125424	True	
-3.03485785134	2.62676571364	0.424543754386	4352.18756616	87.653424417	False	
-5.73014228378	2.96035439565	1.55739883323	4274.10356096	87.653424417	True	
-7.57883407795	2.27854454614	2.30122275707	4393.21426331	86.7768901728	True	
-6.52532525119	2.77615094252	1.93815332204	4281.04469198	85.9091212711	True	
-7.09609249783	1.94433746287	2.20010321289	4299.45050422	85.0500300584	True	
-7.11977036194	1.18516093043	2.11624092322	4350.39351825	84.1995297578	True	
-7.33788039377	1.22326071537	2.24692618647	4275.05857946	83.3575344602	True	
-6.13981022158	1.20498801224	1.74800408216	4264.3100255	82.5239591156	True	
-3.51056224773	2.97349759071	0.654941462111	4360.19802987	81.6987195244	True	
-6.07712694177	2.3861112415	1.71804159095	4268.69682474	80.8817323292	True	
-4.64195037799	1.48633164342	1.08409327049	4285.49798843	80.0729150059	True	
-4.56683950184	1.1698696511	1.07726156516	4279.25287298	79.2721858558	True	
-5.30907331572	-0.35095205673	1.58001723362	4182.85424795	78.4794639973	True	
-5.51789995066	-0.271833781542	1.52041121196	4209.24054397	77.6946693573	True	
-6.21452424074	-0.518838546356	1.977614622	4070.93609318	76.9177226637	True	
-6.67557098984	0.807000900728	1.99035728894	4256.19560937	76.1485454371	True	
-7.72799277797	-0.0565982543397	2.60278510672	4380.73767182	75.3870599827	True	
-7.46077321518	-0.404236954778	2.46413232033	4104.62365962	74.6331893829	True	
-7.83448186178	-0.647565873958	2.89432733692	4157.43257397	73.8868574891	True	
-8.26364755578	0.100231569228	2.70038192497	4212.45384437	73.1479889142	True	
-7.88829298995	-0.409702432014	2.72927021305	4170.02527675	72.416509025	True	
-4.23992693054	-0.626542941261	1.29298273153	4135.01727391	71.6923439348	True	
-5.34188301376	-0.31535356532	1.50936541065	4137.01188725	70.9754204954	True	
-4.94869314319	-0.790216403299	1.70117806479	4099.8910169	70.2656662905	True	
-5.1240428711	-0.584978271905	1.59739704319	4081.63699802	69.5630096276	True	
-5.46915850732	-0.766444174463	1.92475421849	4099.39639027	68.8673795313	True	
-5.6442920171	-0.556934454885	1.81397564049	4096.98916022	68.178705736	True	
-6.76443477152	-0.627272475186	2.37519630693	4105.90231098	67.4969186786	True	
-5.35250590488	-0.51912570991	1.64343913984	4089.56553997	66.8219494918	True	
-4.39456366399	-0.334954600005	1.14369800027	4152.38415566	66.1537299969	True	
-7.40090161551	0.0324086760311	2.3707562136	4215.83212015	65.492192697	True	
-6.47066025423	-0.56890660141	2.17000880519	4081.06867982	64.83727077	True	
-6.00959787168	-0.599367588313	1.91179553815	4055.28785222	64.1888980623	True	
-5.58970039258	-0.72221157489	1.86386311328	4044.8000787	63.5470090817	True	
-3.55391184583	-0.597741550682	0.96086801427	4135.74994286	62.9115389909	True	
-5.18878001162	-0.336639528331	1.42266084131	4149.93421814	62.2824236009	True	
-4.50444819599	-0.724664135572	1.45587797593	4082.41258467	61.6595993649	True	
-4.52659966088	-0.777294911633	1.38306622055	4092.29401892	61.0430033713	True	
-5.11221898438	-0.486289015304	1.50428636765	4090.32771267	60.4325733376	True	
-4.25412179977	-0.636154752904	1.29123921886	4111.51632073	59.8282476042	True	
-3.17462059627	-0.594519158862	0.640613126706	4143.93975963	59.2299651282	True	
-1.90704308405	-0.795173088116	0.366121375144	4197.7218871	58.6376654769	True	
-5.10437532333	0.0352009152761	1.36657109507	4217.59653217	58.0512888221	True	
-6.3753135065	-0.680573878015	2.17913789702	4041.86541919	57.4707759339	True	
-7.05848280232	-0.570921118915	2.34688560156	4061.93029256	56.8960681745	True	
-6.96425798085	-0.721091229387	2.54372406768	4097.5146115	56.3271074928	True	
-8.24998005273	-0.240834240338	2.7412862277	4154.67483178	55.7638364179	True	
-7.7444945875	-0.416305184741	2.68785738993	4202.6913313	55.2061980537	True	
-3.99938411164	-0.708753398913	1.33794362214	4247.47578222	54.6541360732	True	
-7.78588230721	-0.72984068974	2.83131379511	4045.17692817	54.1075947124	True	
-7.9577773932	-0.612564992162	2.7892592611	4044.50924172	53.5665187653	True	
-5.74625471132	-0.368244680892	1.7603796513	4152.11085095	53.0308535776	True	
-6.85190482781	-0.730568480262	2.39608763558	4043.59866348	52.5005450419	True	
-6.69938393038	-0.626244547613	2.27335974661	4045.68576937	51.9755395915	True	
-6.8061324479	-0.710127594299	2.37777978244	4039.87516805	51.4557841955	True	
-4.93727738503	-0.398687361844	1.3531042991	4118.85047426	50.9412263536	True	
-6.23782391856	-0.454327462137	1.92983783877	4099.89976843	50.43181409	True	
-4.7259874823	-0.203783742363	1.20933753721	4173.23612045	49.9274959491	True	
-2.84357542852	-0.79727881143	0.734163696116	4126.83987132	49.4282209897	True	
-4.4805666615	-0.242581413874	1.15822395458	4180.43825352	48.9339387798	True	
-3.40072474009	-0.542865590038	0.764407765018	4100.828089	48.444599392	True	
-4.49559214278	-0.810453894966	1.43524810027	4103.22918506	47.960153398	True	
-7.8420527716	-0.702614006645	2.80265140347	4037.99667	47.4805518641	True	
-5.22794441135	-0.761548495314	1.68818608198	4068.83840922	47.0057463454	True	
-3.45573021109	-0.754839863343	0.96952106526	4078.80890011	46.535688882	True	
-2.48490667409	-0.676343009877	0.465095705853	4118.84896618	46.0703319931	True	
-3.48292203093	-0.67948224378	0.923937160799	4068.00572965	45.6096286732	True	
-5.77501430747	-0.748011162808	1.98371774229	4055.78291077	45.1535323865	True	
-5.16514232729	-0.835412625908	1.82337977929	4137.29450122	44.7019970626	True	
-7.42097140553	-0.74328483162	2.77393129017	4113.18632878	44.254977092	True	
-6.90104983973	-0.759468496795	2.39555195769	4074.03655147	43.8124273211	True	
-4.18113524761	-0.738433604246	1.24783252444	4058.58506706	43.3743030479	True	
-3.55726173537	-0.739045980069	1.09966522371	4137.44608925	42.9405600174	True	
-4.39051429183	-0.742190849322	1.36721013036	4058.58265046	42.5111544172	True	
-2.15141471038	-0.679460755377	0.281275501558	4184.62970215	42.086042873	True	
-4.73726799395	-0.691324367474	1.38720368147	4079.21091505	41.6651824443	True	
-6.69461421734	-0.699427001239	2.28580305917	4042.07844995	41.2485306199	True	
-7.81833562388	-0.265508287858	2.64081301007	4201.42711397	40.8360453137	True	
-6.10016649022	-0.683536613308	2.0505635811	4039.44932053	40.4276848605	True	
-6.83867672846	0.749466591223	2.08097861809	4264.96602017	40.0234080119	False	
-6.35789062511	-0.674432415157	2.12198899326	4041.31420957	40.0234080119	True	
-7.46833485798	-0.845354698021	2.76637487883	4137.64867432	39.6231739318	False	
-8.18604168081	-0.680140822787	2.91857048938	4040.24852412	39.6231739318	True	
-6.92521637097	-0.741420375705	2.43289717163	4047.44391983	39.2269421925	True	
-3.8973160293	-0.721217426308	1.03725322777	4105.55946043	38.8346727706	True	
-6.0374124848	-0.0883118864063	1.79692990953	4198.84898485	38.4463260429	True	
-4.66241371852	-0.581711830011	1.3984537105	4088.90243401	38.0618627824	True	
-4.30022659186	-0.731911600748	1.18675599953	4148.0719544	37.6812441546	True	
-6.50878771283	-0.641625220585	2.12645743715	4067.84804565	37.3044317131	True	
-5.56669781865	-0.524191278655	1.70372022977	4071.56777102	36.9313873959	True	
-7.28008824567	-0.740269780274	2.65897149825	4065.99841915	36.562073522	True	
-5.67910829786	-0.710284491047	1.99955434504	4127.71471276	36.1964527867	True	
-7.23838318651	-0.539272144883	2.43154368156	4063.46259298	35.8344882589	True	
-6.00495011504	-0.528530590607	1.99757140322	4172.88903103	35.4761433763	True	
-6.09506247228	-0.677428657919	2.05431390781	4042.2391699	35.1213819425	True	
-6.1428353393	-0.56471248544	2.03532123893	4093.3217155	34.7701681231	True	
-5.37256904389	-0.790768714839	1.79479167469	4080.11831511	34.4224664419	True	
-6.73355011274	-0.647584864443	2.28330758025	4039.62288352	34.0782417775	True	
-6.20553310382	-0.205230929864	1.88997677469	4171.03503564	33.7374593597	True	
-6.95041160491	-0.657572222679	2.44398309265	4061.99320677	33.4000847661	True	
-6.1337036015	-0.647814419699	2.00751579569	4042.99653139	33.0660839184	True	
-6.12190732781	-0.7047575694	2.05543381273	4040.21423845	32.7354230792	True	
-6.95747943077	-0.493784814146	2.3024384203	4079.80597247	32.4080688484	True	
-7.68886787945	-0.644288406753	2.67949269072	4041.81990448	32.08398816	True	
-6.64639057022	-0.637772526898	2.29522769219	4064.34554915	31.7631482784	True	
-7.42560126504	-0.715411045677	2.58353281939	4062.14365897	31.4455167956	True	
-7.28227103831	-0.448906561231	2.46599768913	4130.07322653	31.1310616276	True	
-7.03725709134	-0.643833483824	2.39726872454	4042.02898698	30.8197510113	True	
-4.59779770568	-0.711263813801	1.47826911753	4075.25616493	30.5115535012	True	
-3.62648137513	-0.541788158663	0.867630797773	4092.14119733	30.2064379662	True	
-3.67046650806	-0.633609244525	0.963762074628	4067.5216939	29.9043735866	True	
-4.1964687873	-0.603697352902	1.18586707992	4069.52243804	29.6053298507	True	
-4.84556760798	-0.666263771645	1.5430939249	4071.27474273	29.3092765522	True	
-5.05797341119	-0.725480016243	1.6411501842	4048.8022089	29.0161837867	True	
-6.50545674282	-0.681310817766	2.16135631236	4057.52016643	28.7260219488	True	
-5.32324249521	-0.436022642647	1.59021485996	4117.10902834	28.4387617293	True	
-5.84487795356	-0.714247444531	1.95855358383	4041.54599819	28.154374112	True	
-4.0422497585	-0.523088451537	1.02154329103	4091.63811946	27.8728303709	True	
-6.83650488144	-0.675165586629	2.40357663463	4056.43849548	27.5941020672	True	
-7.6373699056	-0.625451410787	2.76422365926	4121.69387166	27.3181610465	True	
-7.10301567298	-0.585425953209	2.45128416803	4072.11446803	27.044979436	True	
-4.71733994118	-0.690575581886	1.43588003361	4045.61871822	26.7745296417	True	
-4.19631005702	-0.673584679908	1.20806493512	4051.03552971	26.5067843453	True	
-5.68363297161	-0.631609149514	1.8616781151	4059.15194486	26.2417165018	True	
-3.04397494917	-0.557985415199	0.643134854141	4110.39309351	25.9792993368	True	
-3.22715165877	-0.587345903766	0.71405931219	4094.83350446	25.7195063434	True	
-3.31386919004	-0.64759333205	0.815730244897	4075.03213366	25.46231128	True	
-4.8814557956	-0.696629473964	1.53473158883	4045.10625462	25.2076881672	True	
-6.5747877377	-0.655209139211	2.22482964372	4039.03791041	24.9556112855	True	
-7.52202581889	-0.489397290329	2.60279346194	4133.41670737	24.7060551727	True	
-6.64869954064	-0.703026280223	2.29248001889	4038.47962382	24.4589946209	False	
-8.35747024597	-0.563156219598	2.95897398848	4062.50521103	24.4589946209	True	
-8.19318443402	-0.636685029718	2.82018141964	4112.91939048	24.2144046747	True	
-7.9366763305	-0.611323054019	2.76024839017	4048.63995382	23.972260628	True	
-6.36847079924	-0.631851011177	2.18897739902	4083.88437924	23.7325380217	True	
-7.23414017736	-0.542921610739	2.48402448699	4086.88203258	23.4952126415	True	
-5.04412493619	-0.711887126644	1.5902489507	4045.79581795	23.2602605151	True	
-5.81834399647	-0.666812067669	1.92715420673	4043.92002185	23.0276579099	True	
-5.10610338365	-0.758043723153	1.68091002408	4057.75899467	22.7973813308	True	
-4.59219942716	-0.66878310028	1.39109758967	4048.66735472	22.5694075175	True	
-4.48819886689	-0.718791902494	1.35323602387	4051.92029983	22.3437134423	True	
-5.52076685555	-0.543169028241	1.68692822389	4066.14051641	22.1202763079	True	
-6.25708847417	-0.677786031121	2.09876738562	4038.20844088	21.8990735448	True	
-5.62343761511	-0.695611250271	1.75575615833	4096.23999435	21.6800828094	True	
-6.72457094371	-0.635138202855	2.26630563044	4041.57766776	21.4632819813	True	
-6.08666171526	-0.601502656051	1.97226543753	4048.85748254	21.2486491615	True	
-6.04857688317	-0.673715507456	2.00409893565	4038.80101139	21.0361626699	True	
-5.1054300794	-0.751946573286	1.60939026705	4076.08439829	20.8258010432	True	
-5.01442277782	-0.529973582432	1.44527946366	4076.64650104	20.6175430327	False	
-6.24313693892	-0.649337350342	2.05402640378	4043.20715601	20.6175430327	True	
-5.57100559165	-0.552514432366	1.73113984069	4064.87910328	20.4113676024	True	
-5.32917955626	-0.751631083545	1.79440731125	4058.89612868	20.2072539264	True	
-8.31073398466	-0.671919877228	2.95032326338	4047.91259251	20.0051813871	True	
-8.35552333273	-0.560569220812	2.92739261873	4057.0028376	19.8051295733	True	
-7.91193709749	-0.628303688681	2.78357694874	4041.57713407	19.6070782775	True	
-7.79367746092	-0.677132846121	2.79132810888	4040.48196968	19.4110074947	True	
-7.23843655264	-0.686730863162	2.51327949846	4040.41264394	19.2168974198	True	
-6.17941860754	-0.648663643353	2.07377055479	4046.48021373	19.0247284456	True	
-5.71967286391	-0.61049622705	1.8075909163	4049.05497659	18.8344811611	True	
-7.88983935751	-0.653247441292	2.75654681663	4047.8373094	18.6461363495	True	
-7.01743572152	-0.752821442299	2.53568757793	4059.01732313	18.459674986	True	
-5.87190592193	-0.730785926742	1.97975006808	4044.75093504	18.2750782362	True	
-6.85880725441	-0.692089302831	2.33569885255	4048.53716909	18.0923274538	True	
-6.70887411374	-0.457829334127	2.13109810596	4101.29234939	17.9114041793	True	
-6.03248033242	-0.758298587636	2.04024827133	4061.66023139	17.7322901375	True	
-5.29076636748	-0.757532874494	1.78232335911	4061.24806945	17.5549672361	True	
-6.14748738817	-0.676374622681	2.02717492914	4043.45278012	17.3794175637	True	
-4.97486618648	-0.690090094913	1.5612942441	4043.16177923	17.2056233881	True	
-6.66192277839	-0.682284615179	2.28674644701	4037.7057902	17.0335671542	True	
-6.34415471061	-0.590586228158	2.08099595705	4051.03683325	16.8632314827	True	
-7.40944330972	-0.631642270552	2.57355802424	4041.64856016	16.6945991679	False	
-6.36098225991	-0.645748035157	2.12577296954	4040.47979947	16.6945991679	True	
-8.34668961684	-0.657327618757	2.95592397737	4048.43248816	16.5276531762	True	
-7.99840236044	-0.723870700266	2.89117883361	4041.02998045	16.3623766444	True	
-7.45400994207	-0.73006326984	2.69801454956	4048.81997414	16.198752878	True	
-7.09702707634	-0.744409227147	2.59350490295	4074.59806736	16.0367653492	True	
-8.3194646704	-0.685584786619	2.95051188944	4057.55516208	15.8763976957	True	
-7.35091547413	-0.609239459115	2.5156556639	4046.32052679	15.7176337187	True	
-7.05897302641	-0.741106904622	2.52608683447	4048.85968883	15.5604573816	True	
-6.96695173939	-0.717600457993	2.49289845386	4055.33690611	15.4048528077	True	
-6.37021860209	-0.735138342376	2.21046584323	4045.60543628	15.2508042797	True	
-7.11497767108	-0.659454767093	2.51981008481	4063.97534591	15.0982962369	True	
-7.57796356346	-0.645952270475	2.69784641849	4056.10189824	14.9473132745	True	
-8.25069148906	-0.558879821943	2.87649113029	4057.9710398	14.7978401418	True	
-6.90595780986	-0.730877431464	2.45282146039	4046.68255127	14.6498617403	True	
-5.53561506494	-0.685137110098	1.79693149057	4040.08896492	14.5033631229	True	
-4.14865197987	-0.609978982108	1.15092355308	4062.28146849	14.3583294917	True	
-5.54861115446	-0.653103348148	1.76171465862	4043.14602853	14.2147461968	True	
-5.56311715518	-0.626909389073	1.76507242841	4045.44317939	14.0725987348	True	
-5.13138743212	-0.644372233202	1.52802440147	4075.330729	13.9318727475	True	
-5.13998436038	-0.638534301343	1.57203860963	4047.51536401	13.79255402	True	
-4.5529154287	-0.745589690613	1.38066882693	4067.55169362	13.6546284798	True	
-3.15084237089	-0.642160351649	0.789563603865	4103.29276286	13.518082195	True	
-2.84739209641	-0.781124118893	0.766181060107	4122.17803441	13.382901373	True	
-4.23674675766	-0.725997807087	1.24819530401	4057.01051928	13.2490723593	True	
-6.11635310519	-0.63694989845	1.94335569761	4079.88190038	13.1165816357	True	
-4.63520334026	-0.554217873438	1.28487177504	4077.78125371	12.9854158194	True	
