Parameter 1	Parameter 2	Parameter 3	Parameter 4	Potential	Temperature	Equilibruim
1.21284775106	-1.81806455346	0.345781865866	1.00306243615	4089.6395268	2030.5119599	False	
2.12553319735	-0.91645329654	-0.630405153199	2.10131576732	2550.0443708	2030.5119599	True	
1.97535378364	9.6844591299	-0.421937641982	2.72787312943	1941.3073651	1928.9863619	False	
-6.65050122778	7.19983047962	2.93971200912	1.87228258606	4899.42147425	1928.9863619	True	
0.96894661613	-1.86679094318	-0.120374849404	1.46585146758	2962.84289745	1832.53704381	True	
8.45428457498	2.37189084888	-0.661192315107	1.9075630417	4299.38455289	1740.91019162	True	
7.62836975093	6.22002578462	-0.481741378224	1.40598425443	4254.34918677	1653.86468203	True	
3.53581515419	-3.25817369008	-0.775857125683	2.66545266547	3060.04319334	1571.17144793	True	
2.19043663658	4.7340980504	-0.272110215958	2.51820345066	2076.45650882	1492.61287554	True	
3.54341721569	-3.02920307687	-0.834897832504	2.25720687063	4229.47890862	1417.98223176	True	
4.1881000977	5.50648914792	-0.343168223694	1.5953064552	2953.89579313	1347.08312017	True	
0.111535411643	3.42221905246	-0.597678951959	2.84711189722	9782.09608471	1279.72896416	True	
1.84514022383	0.760834176619	-0.384339125291	2.0625052427	1760.70592779	1215.74251595	True	
2.94491124075	1.60755654645	-0.690939488324	1.88075072241	2418.57442891	1154.95539016	True	
7.96923178481	6.68335433266	-0.562735927901	2.87918596733	4202.49481363	1097.20762065	True	
2.20128629839	-1.22741642961	0.504111901412	1.42495974744	4749.62357534	1042.34723962	False	
1.76826449091	3.21021197594	-0.228432999551	2.5498137507	2220.16955062	1042.34723962	True	
4.50997768884	3.02853254753	-0.213153521441	1.12007998135	3814.19877961	990.229877636	True	
5.81940040143	2.37317693369	-0.119286445669	1.37782396957	5507.22180132	980.327578859	False	
-1.94391421852	3.39858912391	1.14410180262	2.76084531816	5369.8052536	980.327578859	True	
1.29322733739	-3.09601146943	-0.209222415787	2.59518622788	1890.44854008	970.524303071	True	
1.48815765495	2.70831737158	-0.0429624900331	1.14629244836	2463.29974984	960.81906004	True	
-2.76299900038	9.31303809713	1.91149186082	1.55409377624	7192.55383008	951.21086944	True	
1.83853214905	-2.48552422799	-0.048552357807	2.42730928922	2063.87773911	941.698760745	True	
3.74856693831	0.905634310146	-0.61661980531	1.53907379685	1767.67827197	932.281773138	True	
3.50187116784	3.94505873634	-0.500295019625	1.65207772073	1752.7514318	922.958955407	True	
0.829847050621	3.15022012819	-0.356856614133	1.49901076125	3224.74725692	913.729365852	True	
1.98828510887	-1.5144945584	-0.467268761009	1.17072104782	2425.35739041	904.592072194	False	
3.47726144501	2.55950429886	-0.507479956606	1.05512863218	1526.3510684	904.592072194	True	
1.65977298338	5.94983478731	-0.46171243187	1.64457311638	2347.85626361	895.546151472	True	
1.09198852591	-1.25603428787	0.20627622722	2.36200605111	3196.81807547	886.590689957	True	
-5.91856394618	9.3350487612	2.9793329873	2.39567454842	6067.31212414	877.724783058	True	
1.62973055943	0.369959464272	-0.295486468197	1.64501363599	1690.42745345	868.947535227	True	
2.99672183478	-4.82433380004	-0.335998928214	2.50628053391	1774.52913558	860.258059875	True	
5.33517390047	0.392049158764	-0.558781395833	2.73175335936	2966.42909611	851.655479276	True	
2.2374935357	1.51602782576	-0.411158525381	2.13568495661	1617.79684189	843.138924483	True	
-1.12739871569	-4.31703039194	2.18272154647	2.94443185613	6233.28543173	834.707535239	True	
2.97128401282	4.54759915473	-0.268583843268	1.71282377434	2322.91693847	826.360459886	True	
-0.724350840897	8.3834507113	0.455679213116	2.1719729096	4574.18259517	818.096855287	True	
2.71083534358	1.51332593334	-0.269956885654	1.70672725264	1908.22192164	809.915886734	True	
2.83556894938	-1.17972649958	-0.487872957995	2.14246671095	1187.83942193	801.816727867	True	
2.81050802277	3.14394015742	-0.408293652722	1.9223051754	1644.13478542	793.798560588	True	
2.9976631882	4.16608962917	-0.497395311684	2.87065786324	1668.10276841	785.860574983	True	
3.91308260049	8.53438918009	-0.655567448431	1.91916970382	2287.21092338	778.001969233	True	
7.09699858792	-1.65885082498	-0.656661163492	1.42561793818	3729.86439659	770.22194954	False	
1.65826267418	-1.86427286722	-0.232902442895	2.83987456259	1846.67277615	770.22194954	True	
1.89338617002	9.03825203977	-0.227159422827	1.02918225579	2152.02414997	762.519730045	True	
2.4095389221	0.0049862194561	-0.191851549233	2.6836643343	2268.02889684	754.894532744	True	
7.48166222915	-2.24267934182	-0.66661314607	2.81833080122	3911.17881393	747.345587417	True	
5.00852620338	-2.48648706316	-0.266363548444	2.87136189408	3665.12948939	739.872131543	True	
1.34174181406	6.04695180643	-0.0265370834651	1.63365495526	2993.09785276	732.473410227	True	
6.30936585879	-5.07261455368	-0.539698028863	2.71233824441	3327.39127638	725.148676125	True	
2.30234870966	-5.56841450646	-0.211607068597	2.48395155206	3041.69019013	717.897189364	True	
3.06210473401	-0.897082224469	-0.4698166195	1.66393499574	1075.33361265	710.71821747	True	
3.23832783347	-0.863551368904	-0.638384281619	1.85374659356	1666.76295163	703.611035296	True	
2.43162926908	-4.87952867407	-0.465540632242	2.79888531369	1552.04870255	696.574924943	True	
2.06355142542	1.14010224079	-0.441305447111	1.93662899485	1673.20687884	689.609175693	True	
2.27931714012	-0.833949297114	-0.178498038074	2.52648885728	2080.3767566	682.713083936	True	
2.82396505272	6.53991117839	-0.506238275149	1.55836345911	1653.6644236	675.885953097	True	
2.43410316787	2.51380567344	-0.267383719261	2.74725697469	2094.95655587	669.127093566	True	
2.45154015995	4.77890916404	-0.549624950616	2.77653550724	1904.48396967	662.43582263	False	
3.01111715101	5.32779825984	-0.464738193053	2.19641058799	1685.47158441	662.43582263	True	
1.42018537026	-0.806491539593	-0.296995584459	2.37289914239	1966.60357688	655.811464404	True	
4.33018664662	5.36417153755	-0.329588717277	1.17680499297	3084.15604548	649.25334976	True	
3.42265223765	0.222987131064	-0.574261032259	2.38516474654	1647.09591085	642.760816262	True	
2.07509717973	-1.43675848212	-0.390649872406	2.0822375619	1302.98813473	636.3332081	True	
0.259118281319	-1.31337189476	0.027934810756	2.26529423241	2993.99192366	629.969876019	True	
-0.024320095276	0.183009271655	-0.102917613528	1.76288409054	3749.56534091	623.670177259	True	
3.84237410034	5.61764941577	-0.392004373575	1.41183425623	2358.13687991	617.433475486	True	
1.36672295827	-3.42184480291	-0.33629986054	2.84488272385	1927.84521837	611.259140731	True	
2.7018798332	-0.535572259266	-0.541140799089	2.87855045624	1591.83242448	605.146549324	True	
2.42948442438	4.74631135781	-0.712033730439	1.3028560191	3286.14345117	599.095083831	True	
2.25731213167	8.47699223611	-0.172528727839	1.60550418293	2522.39286671	593.104132992	True	
2.51220345215	-4.39639789366	-0.056848730801	2.53723626968	2284.41768191	587.173091662	True	
3.01967297705	-3.2035722143	-0.642528523382	2.13885784058	2027.12157933	581.301360746	True	
2.78220207941	0.165885469065	-0.486694305507	2.06066022727	1370.13082575	575.488347138	True	
1.09668733046	-2.11429192378	-0.0991567470872	2.65728419617	2225.01924324	569.733463667	True	
5.47613814347	0.747305914602	-0.715966038707	1.698032807	3355.39598827	564.03612903	False	
3.278240277	3.62410890021	-0.462467669536	2.60476444608	1772.05853375	564.03612903	True	
3.42762053523	5.35752970938	-0.371671649633	2.21806121027	2182.47228159	558.39576774	True	
3.41778865704	8.74258384862	-0.505853467181	2.18097864806	1798.93309588	552.811810062	True	
2.6954506915	-4.17809599498	-0.187494700048	2.80968419122	1670.36018941	547.283691962	True	
2.0521204849	-2.69932868823	-0.307635232537	1.91353665801	1559.08984806	541.810855042	True	
3.38624617668	2.83061126216	-0.64966006047	2.37026206889	2062.55772056	536.392746492	True	
4.21441152576	-1.1730122603	-0.59422618881	1.91887317728	1771.73480375	531.028819027	True	
1.77651271504	9.15287386037	-0.400087576333	2.42707870148	2081.13656196	525.718530837	True	
3.04358851645	0.243519477823	-0.705243837174	1.48917524791	2372.74112604	520.461345528	False	
3.58112369493	2.29001029449	-0.496346743495	1.32863926528	1636.91687264	520.461345528	True	
2.88382861349	-4.18015455672	-0.314694364649	2.68518167521	1305.95719156	515.256732073	True	
2.53910133858	-2.59816272293	-0.344715996086	1.8673610839	1320.96368991	510.104164752	True	
4.86914314757	-2.9581991827	-0.474191526942	2.05603425079	2243.37184563	505.003123105	True	
3.93184186104	-3.62364235547	-0.646888026594	2.20651871225	2134.90613631	499.953091874	True	
3.32654552011	5.03383566463	-0.52228121608	1.38983709656	1684.08707233	494.953560955	True	
2.38555063598	4.33869050376	-0.531633405962	2.81709312327	1878.1630981	490.004025345	True	
2.97343521536	-3.7566175069	-0.406468125215	2.49324636645	1155.83908316	485.103985092	True	
3.22012982655	7.8328417215	-0.675285648327	1.76052240921	2310.85610211	480.252945241	True	
2.96443441071	0.0994566985069	-0.786238737469	1.79909049867	3627.44398074	475.450415789	True	
2.07440744839	-2.22247756153	-0.28755814567	2.12633397016	1308.21694659	470.695911631	True	
2.83315048157	-1.81037299226	-0.422046290874	2.37939346754	1170.49930169	465.988952514	True	
1.9850205628	8.35754697188	-0.600090537736	2.1916573641	2760.58312571	461.329062989	True	
2.28096725322	-1.32740693262	-0.61022329747	2.40209198616	2151.16388507	456.715772359	True	
2.46920066626	-3.3861388066	-0.223031242113	2.86069137621	1526.17049751	452.148614636	False	
2.33048855255	3.13163906006	-0.425153769938	2.1312650958	1668.22737513	452.148614636	True	
1.87336308031	-0.186725588979	-0.346399133321	1.72556808072	1462.68146944	447.627128489	True	
3.476778696	-1.54158512572	-0.346871975984	1.66042493763	1452.68307033	443.150857205	True	
2.11634570204	-2.15525814482	-0.506549653778	2.84531107405	1692.55623878	438.719348632	True	
3.30807959619	6.75485655092	-0.517276057188	2.71669352858	1749.6248916	434.332155146	True	
2.74270949508	-4.73033777568	-0.228772310329	2.49508569085	1921.55975999	429.988833595	True	
2.55000193232	-3.56913759657	-0.282885612523	2.47740040416	1307.84631857	425.688945259	True	
4.12641906036	-2.80113357092	-0.30533448307	2.03870904067	2170.49018626	421.432055806	True	
3.73500679819	-0.465536164889	-0.636371530303	2.12912710463	1841.950698	417.217735248	True	
3.34573769996	-1.38593747171	-0.593686763803	1.66518845389	1397.29071577	413.045557896	True	
2.03996990345	3.03678646525	-0.47978906579	1.20501300633	1798.23876763	408.915102317	True	
3.18523857711	-1.32534610684	-0.0650343822789	1.46249547338	2589.51244462	404.825951293	True	
0.92099704082	1.15934632154	-0.0194384055619	1.56151191363	2574.88758854	400.777691781	True	
2.02467506906	5.49538456521	-0.475480537276	1.20507803834	1923.23565907	396.769914863	True	
4.06997515941	-4.02641764548	-0.551857188395	2.63591930029	1591.23618325	392.802215714	True	
2.80381354045	-2.06071839925	-0.457660019395	2.02856280846	1055.71625889	388.874193557	True	
2.93659669575	3.05742704648	-0.250686151816	1.14942386173	2119.99077612	384.985451621	True	
2.66108545663	1.28401081604	-0.161253653759	1.50415665566	2277.09090396	381.135597105	True	
2.4160594771	2.44778792033	-0.342207548704	1.90010580423	1709.72022409	377.324241134	True	
1.80248582226	3.53824905464	-0.421243688939	2.04455072747	2013.14105882	373.550998723	True	
1.78501774674	5.9914965815	-0.307228073902	2.15211641024	2077.55215341	369.815488736	True	
3.15255062749	0.785201820058	-0.428926481237	1.36298425116	1282.38103309	366.117333848	True	
2.5005411837	6.61227369464	-0.61791240579	1.35075827538	2251.54578707	362.45616051	True	
1.8478455552	0.538421259971	-0.305051336739	2.34487319977	1829.85389439	358.831598905	True	
3.6035148629	-2.62524147269	-0.521686578681	2.39401144058	1271.51024944	355.243282916	True	
2.64482979158	-1.95371333216	-0.35602405786	2.48810950803	1270.64001421	351.690850086	True	
1.90591154455	0.129132224019	-0.178535694231	1.49146957495	1649.37546062	348.173941586	True	
1.97208264181	1.37931022924	-0.371184055626	1.25544658271	1469.52582749	344.69220217	False	
1.88036915567	3.02910344462	-0.358011715163	1.91890865966	1866.22269228	344.69220217	True	
1.851259343	2.67067193009	-0.375529345722	2.21282735608	1903.62756687	341.245280148	True	
3.36764912368	-2.64908917433	-0.531355600096	2.54650718116	1227.38441495	337.832827347	True	
2.21353183995	1.40307166576	-0.349331005518	2.47340492552	1731.94499952	334.454499073	True	
1.47628291239	-0.912092082824	-0.285812100497	2.17377548371	1815.74478931	331.109954082	True	
2.13414984613	-1.36367303804	-0.594549024594	1.7677677431	2190.74548049	327.798854542	True	
2.45662733194	-1.30467514412	-0.357925914366	1.92586089001	1145.59789199	324.520865996	True	
3.0337525154	4.65410012182	-0.427691622254	1.75518194793	1712.45273065	321.275657336	True	
2.64000226868	-2.62063490218	-0.541569667949	2.40686485208	1304.70474989	318.062900763	True	
3.21021573274	-0.747184428367	-0.565095507382	1.24729936483	1337.94984814	314.882271755	True	
2.68828336338	1.36255283998	-0.316452761147	1.52259946473	1603.00261971	311.733449038	True	
2.54307897399	1.33495145798	-0.570856514868	2.6083604747	1844.50410615	308.616114547	True	
2.62311920976	4.44918540101	-0.356507425903	2.78086491577	1850.21556499	305.529953402	True	
3.2281695385	-3.82907892461	-0.448740806174	2.8569915127	1116.52673783	302.474653868	True	
2.38158200665	1.19423434422	-0.408735183183	2.23540794749	1569.45435032	299.449907329	True	
2.28335481086	-0.788155368887	-0.409129284577	2.67652687266	1511.64909627	296.455408256	True	
4.37404289245	-4.28806064685	-0.470504009975	2.69223432882	1837.82560953	293.490854173	False	
3.18182327663	-4.73174378279	-0.423298752633	2.80249889512	1262.61726386	293.490854173	True	
3.51107143815	0.40011923897	-0.493502098272	2.45941752363	1675.9242069	290.555945631	True	
4.37086632263	0.0881776609872	-0.427156188948	1.28519222922	1960.52838239	287.650386175	True	
3.05681838463	-1.58075960932	-0.20412065082	1.75933294172	1788.24179105	284.773882313	True	
2.75524871078	2.70864825031	-0.462641674846	1.14472171065	1396.2881059	281.92614349	True	
3.46793542664	-1.0711750583	-0.398490369169	1.61190445293	1300.04690887	279.106882055	True	
1.86365277119	1.02979570332	-0.304944249395	1.30322251221	1498.13705376	276.315813235	True	
2.65757517588	-3.60734231141	-0.551539000933	2.90416592895	1342.6938315	273.552655102	True	
2.68069602283	-4.05626387403	-0.371711455795	2.86509942186	1097.07270708	270.817128551	True	
2.56208773901	-4.68846044227	-0.341249854406	2.62110267757	1518.42211394	268.108957266	True	
2.65438548532	-4.16640315263	-0.309440783149	2.73905508859	1251.33989241	265.427867693	True	
3.18957260685	-2.1719183671	-0.507198940733	2.24428535946	1130.55931787	262.773589016	True	
2.69843221728	-4.95889201781	-0.400451415813	2.76774316639	1420.90053747	260.145853126	False	
2.40392184374	-2.46349473558	-0.345545495371	2.81053429372	1328.37129938	260.145853126	True	
2.79027125352	-4.75736900115	-0.351931076779	2.99850440788	1175.92881076	257.544394595	True	
2.96818704802	0.607239163857	-0.499610706959	1.7763837866	1350.42215519	254.968950649	True	
3.40323420996	2.39823303026	-0.391199416345	2.25165080304	1984.45942295	252.419261142	True	
3.09296019731	-3.40760835547	-0.40080252025	2.62301622026	1126.92781439	249.895068531	True	
2.80005001764	-0.649214942442	-0.431160994728	1.88457956895	1160.63076847	247.396117846	True	
3.67794433143	8.24940641001	-0.411963539597	1.78641147992	2198.91004107	244.922156667	True	
2.98718464013	4.73041631964	-0.457147507543	2.95785072739	1700.63948478	242.472935101	True	
1.86618329827	0.440277466324	-0.309617259035	1.59562523373	1526.35016413	240.04820575	True	
2.24741461723	-0.520986145624	-0.303516551084	1.37217372697	1209.66797031	237.647723692	True	
2.18299294162	4.62319765845	-0.362248534995	1.08612974498	1671.60176165	235.271246455	True	
3.19387790408	-4.77452614449	-0.480515919059	2.78168480487	1308.29230182	232.918533991	True	
2.76197012691	-2.7609589246	-0.397018841321	2.25899763278	1074.08089302	230.589348651	True	
2.6294427873	0.502712199439	-0.587444976225	1.05586185738	1579.12241615	228.283455164	True	
1.9884983723	2.06278614352	-0.300477672335	1.71359678595	1782.481945	226.000620613	True	
3.26722216532	3.53807103219	-0.599380283195	2.52312752708	1846.31553025	223.740614406	True	
2.10914120082	-3.25076020961	-0.159323368356	2.70221335705	1655.30912952	221.503208262	True	
3.02520066233	-0.913549816168	-0.488665845721	1.7773417266	1106.44668779	219.28817618	True	
2.70130980455	1.04966942734	-0.391090692204	1.08428225254	1129.95659411	217.095294418	False	
3.53617216195	-1.81372305038	-0.570392659897	1.66490655169	1411.26883067	217.095294418	True	
2.2388124404	0.268651480152	-0.259214133177	1.33569053389	1355.35257745	214.924341474	True	
1.65328014082	-0.299679867253	-0.425702876244	2.76309174258	2078.39813933	212.775098059	True	
3.21824774923	-1.33739892276	-0.459548837799	1.57321922389	1113.5294003	210.647347078	True	
3.7132820029	1.34955309396	-0.641351215104	1.92644839794	1976.53257843	208.540873608	True	
2.38552524144	-0.238724560802	-0.4393431011	1.40776838795	1147.94725589	206.455464872	True	
2.87551073265	-0.00999172169536	-0.345987118333	1.00900593167	1123.5260536	204.390910223	True	
3.04931330815	0.114965646355	-0.452289995863	1.32711929162	1091.40839905	202.347001121	True	
2.72107405284	-1.12595488263	-0.495740861264	1.57249491417	1138.49108879	200.323531109	True	
3.33594457699	3.20164585544	-0.554586652026	1.63571081065	1659.17866011	198.320295798	True	
2.46728010839	0.401356728738	-0.415643922048	1.12409284005	1081.11029653	196.33709284	True	
3.18288967269	-0.834311938552	-0.401016484531	1.40321459087	1142.3731598	194.373721912	True	
2.49141097496	-2.23688335491	-0.530448736363	1.86643886477	1495.59549515	192.429984693	True	
3.31849850354	-0.972486364784	-0.415796415492	1.80496341611	1248.63677289	190.505684846	True	
3.2129813163	8.93617803904	-0.534481331994	1.21417794436	1720.28220676	188.600627997	True	
2.54156444708	-2.81826214595	-0.485721601719	2.88789882885	1261.44631369	186.714621717	True	
2.06863325035	-1.74927792288	-0.404759022029	2.59683579145	1449.80053252	184.8474755	True	
3.7804194258	-3.14218116241	-0.511252481915	2.58884370057	1355.46236003	182.999000745	True	
3.15150742923	-3.74975180618	-0.568631886505	2.90231359006	1271.95204645	181.169010738	True	
3.16052787233	-0.348682897454	-0.603913755244	1.38003673108	1442.55607168	179.35732063	True	
2.90937911996	-3.34096436059	-0.439673574246	2.16948023138	1263.60099639	177.563747424	True	
2.20267671556	-3.14879018207	-0.310327339609	2.9036054086	1320.28507217	175.78810995	True	
2.40341174308	-2.70402126855	-0.18957749172	2.56633915927	1638.83228004	174.03022885	True	
2.66036974485	-3.60819535327	-0.549724969437	2.72253513891	1339.78494569	172.289926562	True	
3.22639516189	-2.35948968448	-0.535969582376	1.95822065151	1230.65410293	170.567027296	False	
3.12150073083	-2.2956139191	-0.505188207245	2.53651327334	1187.74821306	170.567027296	True	
3.13985658502	0.818687210201	-0.402385858857	1.33649736943	1320.22709197	168.861357023	True	
2.82198764593	3.74453682851	-0.489824143426	1.4991270901	1542.76310876	167.172743453	True	
2.59364249681	-0.322228163572	-0.521997795501	1.07551603663	1357.37787057	165.501016019	True	
3.92484639174	-0.893751859758	-0.596662753414	1.33339819555	1609.74623615	163.846005858	True	
3.36949160478	-0.922167131738	-0.503586519966	1.10222868238	1365.60239839	162.2075458	True	
2.36301308821	-0.0227278757434	-0.376105919993	1.59906876895	1215.10003291	160.585470342	True	
2.61800129634	-1.04103874051	-0.374978809033	2.16388184219	1263.58966021	158.979615638	True	
3.49787837678	-1.16259055371	-0.469889388427	1.93972049587	1280.61837397	157.389819482	True	
1.427152662	-1.26316100763	-0.306473569899	2.04813753548	1799.17285886	155.815921287	True	
3.23031510409	-2.89496855637	-0.333674562805	1.8614340888	1560.57283085	154.257762074	True	
2.97955922345	-0.457781140197	-0.472717734233	2.46659467515	1418.05507154	152.715184454	True	
2.38170817295	-3.30743002391	-0.408087694669	2.32118993504	1244.72456867	151.188032609	True	
2.13511820999	-0.67703585531	-0.256624279413	1.30104419671	1338.01973697	149.676152283	True	
2.75765901717	0.593521049003	-0.51056837123	1.62997214139	1325.96900833	148.17939076	True	
2.47096746107	0.169553765768	-0.420916558088	1.49776601457	1170.981218	146.697596853	True	
2.88725607355	1.44641629448	-0.435027961382	1.89134950064	1493.17217602	145.230620884	True	
3.27798023455	-1.0918177818	-0.468635512109	1.9321620857	1190.5274296	143.778314675	True	
3.85916103697	0.0273428433981	-0.521006827993	1.07863223475	1385.79953122	142.340531528	True	
3.22658086806	0.896116102797	-0.483497941832	1.26297021637	1238.41300137	140.917126213	True	
2.5585196231	-2.53309282836	-0.487002818385	2.37989859668	1164.07753908	139.507954951	False	
2.74043164462	-2.70662935326	-0.439183896633	2.42633127899	1056.29006343	139.507954951	True	
3.86981335583	-2.32720605275	-0.494083328808	1.87482550234	1445.80962543	138.112875401	True	
1.84358316566	-2.22431167197	-0.274177126315	2.63357665847	1539.23871056	136.731746647	True	
3.17779798444	-1.14772314805	-0.472038713603	1.69653166269	1088.95088388	135.364429181	True	
3.3108356446	0.453241024536	-0.497995933737	1.17513638744	1162.49967367	134.010784889	True	
2.47024025123	-0.0303554717126	-0.438530088407	1.38982558417	1122.31292117	132.67067704	True	
2.18485533788	1.55962501596	-0.408041341476	1.17387426387	1366.74793341	131.34397027	True	
3.0893143812	-3.25484066161	-0.567396387282	2.10805445445	1574.24701146	130.030530567	True	
3.56813328548	-0.467432667549	-0.507137770751	1.41404384167	1235.99026639	128.730225262	False	
2.96653877312	-2.88278541975	-0.384151307885	2.17362881694	1151.03716108	128.730225262	True	
2.50312796973	-1.2359474927	-0.441117695154	2.17014901354	1203.6161443	127.442923009	True	
3.05020429029	-2.97681327253	-0.45279467761	2.6278602754	1092.90665498	126.168493779	True	
2.13526446429	-1.08370892135	-0.446603431054	2.87106410792	1627.68522266	124.906808841	True	
3.35278594845	-2.85183991436	-0.487752678674	2.59432806274	1179.94429592	123.657740753	True	
2.95703877181	-4.17900985336	-0.49630264212	2.8370034476	1112.36024998	122.421163345	True	
2.29470432933	-2.06943508422	-0.523692564477	2.36394929657	1487.79177993	121.196951712	True	
2.68195870948	-2.71156494602	-0.313255458402	2.30588229246	1211.44778737	119.984982195	True	
2.64980258311	-4.01792637544	-0.314491524891	2.92740169849	1209.63463865	118.785132373	True	
3.20461010121	-3.86969005263	-0.412212705514	2.66371834922	1158.71590615	117.597281049	True	
2.95561453492	-2.3985225994	-0.481814210032	2.18074963265	1069.62700527	116.421308238	True	
2.89860176073	-2.62783078024	-0.402443904457	2.31440093877	1076.2746283	115.257095156	True	
2.82925741705	-0.906484742553	-0.453669492754	1.54986600056	1045.23026655	114.104524204	True	
2.62712284736	-2.13672780336	-0.446243346166	2.43598905482	1134.85994386	112.963478962	True	
2.89864287101	0.725848703739	-0.518361617922	1.02306402464	1146.5947287	111.833844173	True	
3.21843065048	-0.653705870433	-0.532944318305	1.61426412499	1181.24880355	110.715505731	True	
2.74540028427	-2.46580406098	-0.434539554581	1.91622002509	1164.14503515	109.608350674	True	
2.44166963272	-2.85692616465	-0.366610373652	2.53955341648	1129.79450953	108.512267167	True	
2.88800265787	-0.812209082168	-0.476487709323	1.71505491544	1085.22171936	107.427144495	False	
3.75961909843	-1.03212042408	-0.364701603165	1.31195688959	1595.79963797	107.427144495	True	
3.35751367809	-1.31786710843	-0.490723883067	2.21176436088	1290.0459693	106.35287305	True	
2.8863075352	-3.77273875971	-0.450706507687	2.8088209371	1050.1207644	105.28934432	True	
2.80834470298	-3.69222369086	-0.385925771597	2.28821869681	1314.25389159	104.236450877	True	
2.7451857099	-3.59503495331	-0.439844642908	2.5758941613	1078.25368271	103.194086368	True	
2.75302330341	-1.02264679456	-0.422522929285	1.95584355118	1126.87853283	102.162145504	True	
3.34865375412	-4.19221480183	-0.411203313267	2.58972919142	1313.01352427	101.140524049	True	
2.68097063625	-0.444980571236	-0.328550501399	1.62496898913	1232.73041824	100.129118809	True	
2.01988390791	-0.741599517323	-0.419720051142	2.56415452905	1631.23228334	99.1278276206	True	
2.59249809281	-3.58730765388	-0.444773735122	2.63640108284	1097.59998255	98.1365493444	True	
2.55523251254	-2.9783128207	-0.259475311793	2.19662511864	1379.71902521	97.1551838509	True	
2.76427254924	-1.87756942172	-0.427563210424	2.35616109901	1138.53134101	96.1836320124	True	
2.63457675222	-2.61591381868	-0.439115655078	2.43961297707	1076.90562143	95.2217956923	True	
2.81279159543	-3.43021726566	-0.458374931904	2.78804620561	1065.74822046	94.2695777354	True	
3.1295588459	-4.12481065229	-0.537161126774	2.94567916566	1169.90571875	93.326881958	True	
3.05138659815	-2.66004789173	-0.457590375362	2.40796566874	1073.60771266	92.3936131384	True	
3.48083626568	-3.99213757195	-0.484259577756	2.8349912622	1192.38314393	91.4696770071	True	
2.33908876762	-2.48571842607	-0.524729281262	2.95897618515	1564.85485702	90.554980237	True	
2.04146701683	-1.64407713988	-0.316175636812	1.95235546395	1286.6333799	89.6494304346	True	
2.59793569726	-0.272424056885	-0.490588722648	1.39527188028	1152.27034296	88.7529361303	True	
3.06403513177	-0.985765080816	-0.478214714453	1.6106341023	1068.85011478	87.865406769	True	
2.69896465739	2.73800550618e-05	-0.369171959099	1.34619980067	1107.42669733	86.9867527013	True	
2.59634925162	0.180998379023	-0.384631188367	1.53091184863	1189.34528865	86.1168851743	True	
2.77430502447	-0.0264349060424	-0.520068411808	1.30150544041	1172.84469173	85.2557163225	True	
3.34307303909	-1.40676171589	-0.353464109687	1.34534166216	1430.68119009	84.4031591593	True	
2.4887773089	0.370214430234	-0.309272112184	1.21075145493	1200.26518953	83.5591275677	True	
2.70094890421	1.12906804681	-0.466508534942	1.06899962545	1137.16635604	82.723536292	True	
2.63531075995	-0.543644257531	-0.456848916666	1.46667581509	1076.32175248	81.8963009291	True	
2.03273318856	-0.106564063963	-0.215517826323	1.09423733472	1405.21284954	81.0773379198	True	
2.82136105294	0.535223274458	-0.424532608542	1.40551399816	1171.86667995	80.2665645406	False	
3.06196711684	-0.491872275809	-0.443159346791	1.81748033467	1198.31363519	80.2665645406	True	
3.16564877155	-1.84187125384	-0.478176824398	1.92796797201	1087.40328312	79.4638988952	True	
3.11286652424	-0.285754384382	-0.526442593481	1.46790220473	1159.41141026	78.6692599063	True	
3.72945300824	-0.0363357104067	-0.491491805225	1.04188655819	1305.93162047	77.8825673072	True	
2.85418609321	-1.38837388663	-0.390486236877	1.77631344783	1078.92474044	77.1037416341	True	
2.93583845399	-1.29543549457	-0.441811650968	1.6195818874	1054.60049225	76.3327042178	True	
3.16899790124	-0.39506289982	-0.508679867351	1.20132365229	1129.11193056	75.5693771756	True	
3.13363311318	-1.28243688188	-0.363473044006	1.66485585483	1210.94434144	74.8136834039	True	
3.37217993633	-0.303667496263	-0.437660483496	1.35334444563	1177.17109785	74.0655465698	True	
3.15621085741	-0.93026027907	-0.447943013577	1.89596533788	1175.77762899	73.3248911041	True	
2.58041698985	-2.71985213129	-0.382562591064	2.29051650111	1087.7942567	72.5916421931	True	
3.49558254146	-1.9840889555	-0.442102834438	2.10237918787	1252.2632629	71.8657257711	True	
3.0986287006	-3.11445426066	-0.443914800369	2.63545452475	1096.33684007	71.1470685134	False	
2.58304207728	-3.71987511557	-0.42604658983	2.86390410669	1076.16226845	71.1470685134	True	
2.45430639023	-2.5698354052	-0.397961823075	2.49343605758	1124.96126712	70.4355978283	True	
3.30231423794	-4.00372711348	-0.544123839592	2.64229184776	1274.31907331	69.73124185	True	
2.6726371172	-2.49833106814	-0.449488443898	2.1104950527	1094.25041029	69.0339294315	True	
2.91879905848	-1.17286737765	-0.501985446632	2.01468493471	1157.85845212	68.3435901372	True	
3.15832997389	-1.25233203683	-0.477314563074	1.77886262248	1090.50817531	67.6601542358	True	
3.31457121582	-0.598689144418	-0.48626978108	1.40653174378	1123.5737877	66.9835526935	True	
2.67913923437	1.29636020865	-0.410710374413	1.38067117611	1304.87714695	66.3137171665	True	
2.95576179196	-1.01460236401	-0.380562616981	1.45705804098	1112.5108665	65.6505799949	True	
2.75139430655	-1.24459174992	-0.47576595291	1.54335219471	1114.66283209	64.9940741949	True	
2.42745642457	-0.326495099669	-0.374528948497	1.26074596068	1095.65875649	64.344133453	False	
3.34822926354	-0.0747422492401	-0.493278898467	1.3663932211	1165.51406023	64.344133453	True	
2.84020561436	-0.462349293972	-0.425818884961	1.38079702974	1037.52251045	63.7006921184	True	
2.66303709222	0.21299590755	-0.364070325529	1.14450207573	1073.04325848	63.0636851973	True	
2.75454656673	-0.32303991349	-0.329265474662	1.04564065617	1170.55117547	62.4330483453	True	
3.35455401054	-0.9162481016	-0.520891142764	1.59842544163	1169.85127319	61.8087178618	True	
3.07404417668	-2.39368964433	-0.51698335987	1.96769675862	1186.12803535	61.1906306832	True	
2.338674661	-3.23196842139	-0.445754819711	2.84604022396	1214.11849247	60.5787243764	True	
2.91809147602	-4.05891711313	-0.468576709389	2.94944754519	1058.35895942	59.9729371326	True	
2.83704442164	-3.00779836806	-0.519334108586	2.66777544025	1165.80913031	59.3732077613	True	
3.15286549158	-1.76944050128	-0.509751725818	2.10165138743	1134.13072919	58.7794756837	True	
2.62713322676	-0.960245973444	-0.382872585454	1.34677097725	1117.30953628	58.1916809268	True	
2.84230909365	-0.117536867246	-0.44031366094	1.05780432469	1049.11917305	57.6097641176	True	
2.54592014636	-0.301265865665	-0.393493103387	1.10442361727	1095.27781044	57.0336664764	True	
2.87004939846	-0.0487797586531	-0.429588293868	1.12243000786	1029.56113934	56.4633298116	True	
3.0261865293	2.14027131657	-0.515570064329	1.01529889017	1332.44685439	55.8986965135	True	
2.76309277098	-0.383869271764	-0.400292203067	1.41294180598	1055.86460329	55.3397095484	True	
2.58648473084	-1.27087101529	-0.453702866135	1.59240599814	1116.38088083	54.7863124529	True	
3.11728087483	0.646145568619	-0.554276876227	1.31796201014	1304.76501834	54.2384493284	True	
2.45309944822	-1.03066764933	-0.400749571425	1.40708879861	1147.61573421	53.6960648351	True	
2.63872005828	-0.544433985895	-0.405005132241	1.33837234033	1052.91049695	53.1591041867	True	
3.32625467067	0.0180297130345	-0.459433207827	1.34689195637	1169.39908959	52.6275131449	True	
2.75867599436	-0.0578079814279	-0.440724319495	1.34216629626	1052.82399729	52.1012380134	True	
2.95083846282	0.0785026481979	-0.335739510177	1.17637016612	1193.9241881	51.5802256333	True	
2.61078771907	0.430490759677	-0.450150767891	1.47971114739	1190.01275811	51.064423377	True	
2.6407249593	0.360294874418	-0.36540700021	1.09015908019	1066.61418946	50.5537791432	True	
3.02092583887	-0.753656942015	-0.395449579192	1.38136548441	1096.82610253	50.0482413517	False	
2.66703475981	0.111983138023	-0.374480195182	1.23553420591	1075.28140826	50.0482413517	True	
3.31628615531	0.268502565446	-0.481756331213	1.16057561569	1133.20395808	49.5477589382	True	
2.78149814776	-0.150844894608	-0.386852838991	1.15665948618	1050.57025819	49.0522813488	True	
3.14569725028	-0.409206807534	-0.454581907871	1.37007322362	1076.13528599	48.5617585354	True	
3.09504549351	-1.03246232598	-0.475573774665	1.7387330822	1086.38946446	48.07614095	True	
2.89476068856	0.391411334831	-0.485904315289	1.03246655465	1064.15290485	47.5953795405	True	
3.00962076511	-0.166473156862	-0.471550811679	1.05386494677	1080.25156134	47.1194257451	True	
2.64480794981	-0.184166237197	-0.41914289478	1.15410762842	1049.23095	46.6482314877	True	
2.39392978838	0.350012094465	-0.326117224486	1.03900263345	1118.17315622	46.1817491728	True	
2.93220088096	-0.204731847528	-0.414028065717	1.24879223604	1047.1242755	45.719931681	True	
3.04326708208	0.1867625897	-0.357957423558	1.2053285519	1194.8521959	45.2627323642	True	
3.02824286553	-0.783251480821	-0.4769331087	1.46825231253	1063.49130142	44.8101050406	True	
2.9696655929	-0.292163026042	-0.411841745042	1.30449287859	1059.65240112	44.3620039902	True	
2.72728537357	-1.1078686477	-0.364275107307	1.47838930313	1110.22296236	43.9183839503	True	
3.32084601953	-0.0812942448748	-0.440016964901	1.2122915003	1138.1998011	43.4792001108	True	
2.89675502986	-0.144396325405	-0.513312391518	1.14840490942	1136.45030536	43.0444081097	True	
3.19541425483	-0.746951198515	-0.416779574396	1.29023081411	1133.81656282	42.6139640286	True	
2.66877640402	0.0419522296833	-0.416018064527	1.42708158741	1095.64899261	42.1878243883	True	
2.79573576044	-0.00315290250586	-0.389911545593	1.02518522281	1049.2918352	41.7659461444	True	
3.00125638852	0.797942734374	-0.467801887315	1.00155562001	1065.20417192	41.348286683	True	
2.83850473914	-0.730744469197	-0.439552428955	1.44556412106	1039.28024565	40.9348038161	True	
2.85084418527	-0.93238355238	-0.420276913274	1.62675445775	1050.44031407	40.525455778	True	
2.7235887718	-0.784245009048	-0.360898659928	1.58324212405	1110.61471228	40.1202012202	False	
2.75380060426	-0.341494175131	-0.381372193963	1.44351233784	1087.01896991	40.1202012202	True	
2.9475333507	1.18432712333	-0.471286897129	1.10357162406	1157.65303955	39.718999208	True	
3.00598281391	-0.0374606466312	-0.514380152378	1.43922380975	1150.47135209	39.3218092159	True	
2.7062939126	0.16722841203	-0.46233222647	1.27457827967	1077.40753439	38.9285911238	True	
2.80157214285	-0.556729725518	-0.461828182778	1.47102512973	1052.79905517	38.5393052125	True	
3.42381768913	-2.80025859063	-0.485325099313	2.24557262008	1175.23995386	38.1539121604	True	
2.78062905708	-2.32617914376	-0.47823333334	2.31469585266	1086.86914788	37.7723730388	True	
2.33623759454	-2.03033658493	-0.371351367159	1.92790537151	1163.13867344	37.3946493084	True	
2.92866940835	-2.22337264355	-0.489060001246	2.04451720926	1087.42305848	37.0207028153	True	
2.37916864532	-2.29680799401	-0.386994095161	2.26109363425	1126.71182963	36.6504957872	True	
2.58949426136	-3.38606285191	-0.299654118165	2.8805700061	1301.83883546	36.2839908293	True	
3.2444781058	-3.08513632486	-0.522411038012	2.678329355	1169.27731382	35.921150921	True	
2.873135691	-3.81739289547	-0.421347079494	2.68684456496	1069.25427014	35.5619394118	True	
2.55865025552	-2.88145989344	-0.407031152776	2.49675664276	1079.17951775	35.2063200177	True	
2.98971278514	-4.33584413086	-0.370061544543	2.81050050013	1181.4161113	34.8542568175	True	
2.65046508523	-2.39550360633	-0.442956565245	2.41519816391	1090.21808463	34.5057142493	True	
2.71614754006	-2.3530400735	-0.400251102944	2.53398938606	1148.09427232	34.1606571068	True	
3.0458544934	-2.45966973146	-0.434598095527	2.32689159795	1084.41437843	33.8190505358	True	
2.85074316033	-1.82361397209	-0.425560347546	2.2292886044	1106.84642188	33.4808600304	True	
3.05931349977	-3.13214874501	-0.382543929175	2.44499479199	1147.89871842	33.1460514301	False	
2.78861331834	-4.36822211868	-0.42570442098	2.92309201658	1068.81646211	33.1460514301	True	
2.9706215277	-4.13645101774	-0.437675602414	2.75775018482	1091.12494659	32.8145909158	True	
2.94675176145	-2.92746795858	-0.438038922213	2.56224102043	1070.57737816	32.4864450066	True	
2.96188169141	-3.23617425918	-0.41612093164	2.49108503317	1073.28097762	32.1615805566	True	
3.1603476281	-2.61800618898	-0.498287132198	2.23753417855	1104.58686125	31.839964751	False	
2.89192431534	-1.43859980617	-0.458475763333	1.89347884652	1057.27470945	31.839964751	True	
2.98200365075	-1.70116024543	-0.414848180847	1.77764538266	1078.49089894	31.5215651035	True	
2.43737273285	-1.77908293229	-0.430806948083	1.9923521207	1119.31355253	31.2063494525	True	
2.97901880931	-1.38099621913	-0.426437378088	2.08047567585	1144.00948667	30.8942859579	True	
2.44631272238	-1.08313482259	-0.354934424969	1.51594497613	1130.23927244	30.5853430984	True	
3.15127068093	-0.541071667714	-0.412499603394	1.39541445306	1112.39526108	30.2794896674	True	
3.17576918772	0.379454610812	-0.402071219884	1.05812468177	1126.30162876	29.9766947707	True	
2.61078938998	-0.408939682461	-0.369999344405	1.18285729823	1086.92791567	29.676927823	True	
2.45601450993	0.480604331879	-0.445374990086	1.11881863108	1119.26477859	29.3801585448	True	
2.74158764734	1.01546997625	-0.426360003544	1.15507424286	1135.88641867	29.0863569593	True	
2.79545132675	-0.695793181098	-0.427383479075	1.23977882651	1083.87549535	28.7954933897	True	
2.71170598675	0.280115040968	-0.435063489186	1.16919661574	1043.19259922	28.5075384558	True	
2.83912946704	-1.55932364536	-0.421285158625	1.71803421288	1059.08104609	28.2224630713	True	
2.96070260001	-0.57333641574	-0.464839917974	1.42561770588	1049.10973032	27.9402384406	True	
2.61368527687	-0.762330202991	-0.424560190485	1.38031607868	1073.05907605	27.6608360561	True	
2.84125630445	-0.174812732167	-0.435909976035	1.22154989183	1030.64058238	27.3842276956	True	
2.68250821115	-0.724024029045	-0.42410178787	1.40855583752	1050.98236462	27.1103854186	True	
2.79048542085	-1.04860611702	-0.446001639399	1.37242464429	1108.98783607	26.8392815644	True	
3.21325327261	0.237651321635	-0.4728469068	1.14959790142	1094.59211247	26.5708887488	True	
2.76567995518	-0.308354487084	-0.42239947764	1.27868599654	1033.99631763	26.3051798613	True	
2.34551355384	0.500302817809	-0.378985127932	1.06510217979	1102.942616	26.0421280627	True	
2.79397678294	0.399425135406	-0.449970877997	1.14069648343	1046.83396632	25.7817067821	True	
2.73598819272	0.300641096358	-0.435475742501	1.02315226847	1025.43872872	25.5238897143	True	
2.91577571136	-0.568924936037	-0.417455344836	1.19062030561	1078.99820854	25.2686508171	True	
2.9598988381	-0.654207947625	-0.48441809675	1.53561684126	1071.70697838	25.0159643089	True	
3.23888217822	-0.274011725506	-0.428746791279	1.17718430599	1113.39307505	24.7658046658	True	
3.11883033699	-0.622933533113	-0.447508100964	1.40235956071	1069.79694241	24.5181466192	True	
3.21286950819	0.183499389497	-0.482189740679	1.19321452467	1102.29700017	24.272965153	True	
2.84957741173	-0.562166566063	-0.387897305014	1.52266862762	1091.07705809	24.0302355015	True	
2.82107500324	-0.680277502494	-0.407170814997	1.35670460464	1051.736883	23.7899331465	False	
2.62604245285	-0.239923974841	-0.456710848258	1.43341110433	1087.9764008	23.7899331465	True	
2.8053166054	-1.40359246058	-0.358754663363	1.57689283776	1138.46520991	23.552033815	True	
2.62068920097	0.0678570367478	-0.457919382251	1.38965150118	1109.01369274	23.3165134768	True	
2.55443246618	0.0702416620699	-0.390579671125	1.04837881145	1055.03107882	23.0833483421	True	
2.74095381875	0.337109489164	-0.392172483596	1.01914916075	1029.46426565	22.8525148586	True	
2.53713735926	-0.203311962028	-0.389060769766	1.27276451572	1063.37496507	22.6239897101	True	
2.90405079804	-0.299955933261	-0.42815290768	1.21235712998	1038.42371923	22.397749813	True	
2.65228352871	-0.0130203318329	-0.470036013134	1.29526472887	1091.40375023	22.1737723148	True	
2.78667611418	0.260133810597	-0.426864897915	1.09080466549	1024.28828929	21.9520345917	True	
2.81104476392	-0.338062302275	-0.413453419371	1.25000059158	1037.79426756	21.7325142458	True	
3.1223376504	0.0167746658121	-0.441584962586	1.27289802619	1086.74135612	21.5151891033	True	
3.02101270068	0.372744437245	-0.454633903664	1.04985047375	1041.10800951	21.3000372123	True	
2.88285901389	-0.562098937708	-0.411945233338	1.32879577933	1048.66865999	21.0870368402	True	
2.6485557725	0.379078555369	-0.429209513655	1.17415184378	1057.3733404	20.8761664718	True	
3.08609025366	-0.89563165519	-0.444664328551	1.61218151706	1074.41523369	20.667404807	True	
2.624145151	-1.53250780169	-0.389281682409	1.96209259126	1086.04323529	20.460730759	True	
2.68791984486	-1.21412826726	-0.416427116775	1.74510494586	1052.94630297	20.2561234514	True	
2.98514322234	-0.441119556663	-0.445415497123	1.19237393085	1061.07188061	20.0535622169	True	
3.00501630928	-0.091411788636	-0.446974398318	1.07160595246	1049.67795152	19.8530265947	True	
2.51208386329	0.396699072932	-0.392176660872	1.04842074337	1052.51746254	19.6544963287	True	
2.81844980581	0.599573839594	-0.397691091785	1.12265434878	1080.1380383	19.4579513655	True	
2.69442549232	0.23071775897	-0.47293919803	1.03853467901	1079.94285098	19.2633718518	True	
2.98050963602	-0.147618595843	-0.440177171242	1.13110756753	1042.37239273	19.0707381333	False	
2.82503281365	0.141875942992	-0.377428128924	1.06530177338	1056.14608309	19.0707381333	True	
2.82041237377	0.25387726877	-0.421033833205	1.02390806847	1020.09669747	18.880030752	True	
2.78781535125	-0.0751935871233	-0.419455275945	1.21506208086	1031.11843914	18.6912304444	True	
2.82205819949	-0.0096463906117	-0.423878318759	1.09058509062	1028.89288636	18.50431814	True	
2.81524344872	0.0513318794344	-0.414240315844	1.13852793377	1028.87178924	18.3192749586	True	
2.69405027141	0.538161469483	-0.41798527751	1.2248676	1089.92439911	18.136082209	True	
3.03422504024	0.274529058111	-0.430486200821	1.00986914995	1040.29749449	17.9547213869	True	
2.82125686438	0.469249593603	-0.434269713933	1.05335594332	1027.60395111	17.775174173	True	
2.70273009707	0.426531027454	-0.388194628079	1.03902084363	1037.05534331	17.5974224313	True	
2.97111524986	0.192944411119	-0.421434533488	1.21411083558	1066.00641062	17.421448207	True	
2.90141003377	-0.844643066441	-0.46440428055	1.57653455865	1050.86434042	17.2472337249	True	
2.8942436679	-1.09367931102	-0.425550020001	1.61966061533	1047.0789194	17.0747613877	True	
2.95052516995	-1.48921275564	-0.44656398928	1.88039292286	1055.14399953	16.9040137738	True	
2.64423129799	-2.10176457258	-0.410358674167	2.13796685525	1063.25206603	16.7349736361	True	
2.91280608055	-2.2444648015	-0.463491639739	2.15832499759	1053.90929709	16.5676238997	True	
2.95072610636	-1.86411786565	-0.450316651711	1.92178030127	1052.14172115	16.4019476607	True	
2.76909732951	-1.51105172839	-0.431800596852	1.85116899562	1046.4223669	16.2379281841	True	
2.60627985958	-0.855110138394	-0.430495165768	1.45361799606	1071.9263574	16.0755489023	True	
2.84303631715	-0.741975226669	-0.393027075147	1.42219404059	1063.82123335	15.9147934132	True	
2.70174486031	0.434545878626	-0.431191866427	1.14872354402	1050.6635938	15.7556454791	True	
2.94042329079	-0.565407120606	-0.445706823697	1.41009226357	1041.70223456	15.5980890243	False	
2.83154670946	0.484447096961	-0.429086124043	1.03067968494	1024.20640593	15.5980890243	True	
3.11824287447	0.265319504861	-0.443909236118	1.02669016878	1055.24820756	15.4421081341	True	
2.73706841169	0.48261993452	-0.412543939671	1.05410441939	1030.37221686	15.2876870527	True	
2.79146620412	0.274259234233	-0.412460917833	1.01967043237	1020.79959921	15.1348101822	True	
3.01979285948	0.369309499294	-0.424039681786	1.05757920054	1049.71037033	14.9834620804	True	
2.76440635873	-0.029086124398	-0.446460318492	1.31613156665	1051.19041229	14.8336274596	True	
2.72313413715	0.0556771716067	-0.393016209305	1.04517722692	1038.43385631	14.685291185	True	
3.1063096372	0.100700446062	-0.451740996791	1.05284204652	1054.69769045	14.5384382731	True	
2.76762848733	0.0245718568728	-0.430628685823	1.0069840545	1043.5525606	14.3930538904	True	
2.74607230388	0.325890960015	-0.452630169286	1.02138233598	1036.85821346	14.2491233515	True	
2.61767877824	0.373661596036	-0.4482540102	1.02520557634	1057.32106085	14.106632118	True	
2.88480370425	0.409808915597	-0.404472035581	1.02390925396	1035.2343392	13.9655657968	True	
2.79050588474	0.0778205394708	-0.433759086315	1.01751700992	1034.25937202	13.8259101388	True	
2.69167417889	0.152076872522	-0.364499955628	1.20520676126	1085.58493816	13.6876510374	True	
2.78129168714	-0.2905901263	-0.42481230849	1.37259281571	1041.52250957	13.5507745271	True	
3.0212376704	-0.138737963193	-0.458403379946	1.29640770951	1053.98606775	13.4152667818	True	
2.73889378588	0.414723868538	-0.385191040781	1.11466437811	1060.14145255	13.281114114	True	
2.680430641	0.00595034285624	-0.393800716475	1.07369258111	1040.93794519	13.1483029728	True	
2.74893905881	-0.361279741979	-0.444824363365	1.24788555445	1046.85186426	13.0168199431	False	
2.75780893661	0.365502500803	-0.443988843434	1.05538769897	1029.79990936	13.0168199431	True	
2.77543325509	-0.498938104039	-0.441199852268	1.39446907055	1039.08919228	12.8866517437	True	
2.70686823839	-0.46355925271	-0.398068854315	1.41102473483	1051.85317207	12.7577852262	True	
3.02161252031	0.290910930735	-0.454482510609	1.00804824603	1036.83029551	12.630207374	True	
3.04624203814	0.128009931608	-0.453389733191	1.1132131752	1045.02907943	12.5039053002	True	
2.59419632907	0.291374967756	-0.435303706586	1.08801056148	1052.35686386	12.3788662472	True	
2.85784350404	0.717427446279	-0.464933743664	1.03479148915	1057.42101909	12.2550775848	True	
3.05321790919	0.639769937948	-0.415628715423	1.00895346092	1074.77184679	12.1325268089	True	
2.92502578055	-0.0876724974592	-0.45315645145	1.27795391253	1042.89515956	12.0112015408	True	
2.84835360419	0.463385943065	-0.430048764896	1.21918910278	1077.84007059	11.8910895254	True	
2.79657317835	-0.486054962899	-0.443581846106	1.44166081506	1042.21195436	11.7721786302	True	
2.63655561305	-0.690231110505	-0.446338732532	1.42374582928	1069.10446602	11.6544568439	True	
2.90950645464	-1.7314533959	-0.41983363741	1.85671676837	1057.24228386	11.5379122754	True	
2.81809836043	-1.69134628832	-0.430801279264	1.8694793898	1046.01104606	11.4225331527	True	
2.64274024143	-1.8275549764	-0.402146808278	2.06764631629	1072.49798104	11.3083078211	True	
2.80495300731	-1.8454428427	-0.450988072667	1.96260426501	1049.60079179	11.1952247429	True	
2.78984821605	-2.24296989499	-0.433295689023	2.14430000363	1047.49095579	11.0832724955	True	
2.75136376399	-1.93840981697	-0.416480821622	2.03829544126	1052.38479527	10.9724397706	True	
2.59272957033	-1.63258669614	-0.419419805227	1.98774943242	1073.36431104	10.8627153728	True	
2.83635309848	-0.961911887424	-0.415300504744	1.44661455022	1057.95170445	10.7540882191	True	
2.77055553568	-0.0700197697019	-0.440096281981	1.26643677007	1037.67057115	10.6465473369	True	
2.88330391624	0.354497515014	-0.446958619635	1.13526336445	1040.96202387	10.5400818636	False	
2.92454059427	0.0532662178888	-0.425451191552	1.19574232502	1040.37915151	10.5400818636	True	
2.7844971378	0.174322623884	-0.415927786232	1.21305991117	1044.37845914	10.4346810449	True	
2.84971966191	-0.176586927355	-0.444931410773	1.1829871171	1034.48021206	10.3303342345	True	
2.91540956835	-0.00536812682504	-0.425922948858	1.0861956637	1032.90249871	10.2270308921	True	
2.67859038168	0.300675871958	-0.400246057988	1.00357671738	1025.96852927	10.1247605832	True	
2.85205660201	0.278586781217	-0.432024068924	1.03640319459	1020.63384321	10.0235129774	True	
2.61674334299	-0.157090592772	-0.413932066276	1.30094659862	1049.81977683	9.9232778476	True	
2.62574922706	-0.28476851219	-0.446077533759	1.36185022169	1065.23352746	9.82404506912	True	
2.75222284754	-0.0797192534689	-0.414233294972	1.19547292068	1031.42061317	9.72580461843	True	
2.87234108065	-0.234378974727	-0.457949920071	1.30209215687	1041.19035536	9.62854657225	True	
2.90564929354	-0.236310738694	-0.437399655543	1.29474447871	1036.7014991	9.53226110653	True	
2.89921129855	0.676945499266	-0.432782987508	1.02162310976	1041.0228422	9.43693849546	False	
2.85447132899	0.274287322625	-0.405574056759	1.03143179863	1028.57175221	9.43693849546	True	
2.77781765059	0.0431703298039	-0.44972220029	1.07229121884	1040.41878909	9.34256911051	True	
2.85268835705	0.266262080958	-0.396201720373	1.05165644984	1038.13002312	9.2491434194	True	
2.72272065283	0.250950345626	-0.411209925326	1.01077811006	1022.99898534	9.15665198521	True	
2.63939718212	-0.0253737449377	-0.379773691062	1.04759215806	1057.34876297	9.06508546536	True	
2.71436450643	0.560315819734	-0.444183459224	1.06084556814	1044.32629095	8.9744346107	True	
2.75130321103	0.0841819600695	-0.44624363018	1.1378504484	1035.32797159	8.88469026459	True	
2.59580833899	0.0992586382798	-0.408708303306	1.1636616976	1044.57489898	8.79584336195	True	
2.76966278037	-0.369624437485	-0.410210994088	1.32860174897	1039.36980467	8.70788492833	True	
2.89526223571	-0.519832586759	-0.412513402533	1.37130724225	1048.27024735	8.62080607905	True	
2.82798933077	0.0361686273233	-0.40559126853	1.09240196818	1032.66284414	8.53459801826	True	
2.713210639	0.0794514642583	-0.425143193342	1.06193175143	1031.89791443	8.44925203807	True	
2.67438541756	0.511154760448	-0.396116590664	1.02834120295	1034.08385917	8.36475951769	True	
2.78656008078	0.25509935122	-0.400961461577	1.00224286855	1025.45724936	8.28111192252	True	
2.73698853637	0.304398821571	-0.423007617393	1.04637059602	1022.24905732	8.19830080329	True	
2.80497588826	0.105670803821	-0.423181752503	1.04581113046	1025.43127031	8.11631779526	True	
2.80822820935	0.457803347289	-0.412367458778	1.04547822965	1028.94106452	8.0351546173	True	
2.84314832045	0.348222959829	-0.422737818487	1.07450688914	1027.02567095	7.95480307113	True	
2.93761093527	0.117093053722	-0.411982234798	1.03751165195	1037.86900553	7.87525504042	True	
2.75757804279	0.382240229294	-0.430263892682	1.04089748688	1022.72596254	7.79650249002	True	
2.87785961078	-0.145329864133	-0.435170386645	1.2568633753	1033.69884004	7.71853746512	True	
2.63964014364	0.0183478533771	-0.389296497243	1.18128416588	1046.4450761	7.64135209046	True	
2.8418772474	0.183038923376	-0.424141531011	1.02165232579	1022.78787949	7.56493856956	True	
2.91235415051	-0.245079706056	-0.408236418601	1.23058354795	1047.68790115	7.48928918386	True	
2.85621943632	0.0415344968136	-0.436608065405	1.15764216362	1027.81336005	7.41439629203	True	
2.8732789371	0.15762185818	-0.422186713118	1.02429583642	1025.45802423	7.34025232911	True	
2.71910739733	0.548260580333	-0.423610169785	1.02095798103	1026.93718889	7.26684980581	False	
2.83996559151	0.381282672099	-0.429897120379	1.03438404514	1021.05896909	7.26684980581	True	
2.51940420126	0.305322660416	-0.399537754516	1.10519170327	1056.08413563	7.19418130776	True	
2.72792377603	0.324466051484	-0.441616442556	1.06000584012	1031.22846278	7.12223949468	True	
2.86948991745	0.273538996314	-0.444335617246	1.13039059048	1033.4749622	7.05101709973	True	
2.72377026998	-0.250513921197	-0.440234371634	1.19510522178	1046.22593352	6.98050692873	True	
2.75844507299	-0.190506241408	-0.449808594769	1.26077420023	1041.43383967	6.91070185945	True	
2.8765447945	-0.353326141064	-0.439168070126	1.32893726122	1035.4087839	6.84159484085	True	
2.74131188114	0.205837133199	-0.430731832964	1.0996030385	1026.7721529	6.77317889244	True	
2.59771944252	0.107022023	-0.407124323165	1.1197141906	1041.60293807	6.70544710352	True	
2.68462320231	-0.141682864958	-0.416587162807	1.27780979646	1039.97972549	6.63839263248	True	
2.71025330979	-0.108583630314	-0.439628423449	1.32615138296	1049.43257599	6.57200870616	True	
2.74530106107	-0.42441464613	-0.420177938334	1.29191318917	1038.55585456	6.5062886191	True	
2.72193308863	-0.8316107633	-0.436248858829	1.5019627813	1046.27276892	6.44122573291	True	
2.94602063699	-0.663085356889	-0.450971123775	1.44514360743	1043.46235019	6.37681347558	True	
2.76056717467	0.0383285617875	-0.427789131311	1.06631407537	1030.69675908	6.31304534082	True	
2.83089859841	0.321444017753	-0.44400338106	1.00842011303	1022.83926801	6.24991488741	True	
2.75717306427	0.616389090732	-0.428377632775	1.04419339093	1035.94762247	6.18741573854	True	
2.85058821971	0.223750067115	-0.434534867441	1.06953937927	1022.77087595	6.12554158115	True	
2.83960728486	0.400464242398	-0.45082020179	1.00263190974	1025.58324195	6.06428616534	True	
2.71789618681	0.242888568404	-0.423508387694	1.05500301099	1024.54251856	6.00364330369	True	
2.70543546355	-0.061708194333	-0.432947143632	1.13239549996	1038.58502355	5.94360687065	True	
2.84262510264	0.520727296248	-0.444238140917	1.03919779357	1030.35951279	5.88417080195	False	
2.76425900651	0.283235069668	-0.405195822297	1.08707244049	1029.99085576	5.88417080195	True	
2.85911587068	0.542633564521	-0.439285999464	1.00914370089	1024.92538716	5.82532909393	True	
2.75664049083	0.109622624968	-0.409903530664	1.1109166213	1027.58517204	5.76707580299	True	
2.63452652002	0.500298338219	-0.406827712475	1.04296402392	1035.61554043	5.70940504496	True	
2.85818863987	-0.341866855356	-0.42399920699	1.29128758519	1035.38373246	5.65231099451	True	
2.87672215944	-0.48704608053	-0.434132979335	1.37711900083	1037.06452693	5.59578788456	True	
2.83165745134	-0.534866058525	-0.459670611738	1.38397874349	1046.30771292	5.53983000572	True	
2.95706082267	0.0422945613944	-0.443272355442	1.18184360176	1037.17527583	5.48443170566	True	
2.76707486426	-0.140765005706	-0.416749486113	1.15772165796	1032.84813879	5.4295873886	False	
2.78327773487	-0.25951132465	-0.424247631917	1.24474526653	1032.57471425	5.4295873886	True	
2.78216666774	0.4045242321	-0.426873196154	1.05906086964	1024.7877869	5.37529151472	True	
2.83906654923	0.24570239235	-0.436411769593	1.00229764629	1022.21965392	5.32153859957	True	
2.69939540473	0.210620167073	-0.406379321289	1.00833218701	1027.14371775	5.26832321357	True	
2.71474391551	0.320532741929	-0.425942510487	1.01095963578	1023.01451727	5.21563998144	True	
2.78795028238	0.448463892524	-0.447308402545	1.05724312419	1032.54708763	5.16348358162	True	
2.80949022632	0.0531490805999	-0.429034614718	1.04649291463	1029.60828117	5.11184874581	True	
2.82537355783	0.792963325867	-0.432689578803	1.0053091338	1042.53607621	5.06073025835	True	
2.73458001772	0.231077682301	-0.423404153087	1.06213103748	1023.64619057	5.01012295577	True	
2.7494919936	0.231673040988	-0.416549932656	1.04397237773	1022.06996429	4.96002172621	True	
2.81283023151	0.240618803006	-0.411341760158	1.00623905988	1022.36015648	4.91042150895	True	
2.72929808362	0.306613013207	-0.426258373637	1.08919121793	1027.51688487	4.86131729386	True	
2.98889569831	-0.0992849467418	-0.455089436852	1.16464889906	1041.05727674	4.81270412092	True	
2.78561715784	-0.119599117717	-0.408381551342	1.1846737648	1033.83201793	4.76457707971	True	
2.74327719149	0.433509907496	-0.444219813264	1.00792780669	1028.41719914	4.71693130891	True	
2.77104394031	0.385459925	-0.417181711502	1.02379773574	1019.97363959	4.66976199582	True	
2.86979698035	0.167194960163	-0.414630848306	1.08095339312	1028.56901119	4.62306437587	True	
2.70772798205	0.22618830572	-0.402510660733	1.00861390043	1026.54893206	4.57683373211	True	
2.86356636942	0.403943174549	-0.417064899063	1.02003569689	1023.93281595	4.53106539479	True	
2.77146451156	0.221467928722	-0.433543682218	1.0749592115	1024.20193117	4.48575474084	True	
2.84019674602	0.554352391015	-0.45325921924	1.02820449963	1034.72678573	4.44089719343	True	
2.68134273715	0.255072366044	-0.424077658831	1.07002839351	1028.99991267	4.3964882215	True	
2.82319150539	0.347870743176	-0.420844709028	1.01676654684	1018.99354457	4.35252333928	True	
2.82289802897	0.0616065207881	-0.423058199804	1.04093433381	1028.81705671	4.30899810589	True	
2.7437921719	0.279804442709	-0.428821331766	1.06335943604	1023.95362937	4.26590812483	True	
2.76664178987	0.245779066667	-0.414373110127	1.03583906077	1021.40828193	4.22324904358	True	
2.75906554407	0.531582815559	-0.406180836838	1.00688548492	1025.63080396	4.18101655314	True	
2.84227152466	0.205301657038	-0.430430685915	1.0021049743	1022.99790092	4.13920638761	False	
2.69327064589	0.202091743887	-0.441609174798	1.05079428393	1038.29351967	4.13920638761	True	
2.7926773648	0.107743508609	-0.435289754985	1.09883595455	1025.74624597	4.09781432374	True	
2.73155137053	0.105904318475	-0.403560992784	1.14561768964	1033.34090224	4.0568361805	True	
2.63738386719	0.467725015273	-0.408463460673	1.02362803489	1030.37549912	4.01626781869	True	
2.80479755643	-0.0744574278177	-0.412397868517	1.14576898643	1031.43480184	3.97610514051	True	
2.78223771215	-0.206942421375	-0.424870433855	1.15143144368	1037.58224854	3.9363440891	True	
2.83315535789	-0.24402011945	-0.455215710861	1.32507503954	1042.1470213	3.89698064821	True	
2.83937062142	-0.241978963431	-0.449133680986	1.32245034064	1038.74454612	3.85801084173	True	
2.81473265633	0.17561692135	-0.438103790578	1.13803131432	1028.48837528	3.81943073331	True	
2.85504549436	0.408477134158	-0.435055226154	1.03595428397	1022.77784361	3.78123642598	True	
2.82208342791	0.497831540856	-0.430085166894	1.01179767119	1021.24704986	3.74342406172	True	
2.83394466315	0.29807630581	-0.439876409275	1.03776112111	1022.08011545	3.7059898211	True	
2.73511037584	0.195001186422	-0.414150351233	1.02698442234	1024.1713023	3.66892992289	True	
2.71981993481	0.39135705778	-0.438175779776	1.03175033161	1028.50561047	3.63224062366	True	
2.69183837194	0.4682407412	-0.398243681319	1.01251674727	1027.54263424	3.59591821743	True	
2.86176007792	0.198668064451	-0.430908487253	1.03843895218	1022.29657925	3.55995903525	True	
2.83859426446	0.12253287614	-0.419256782362	1.01863731412	1027.02876478	3.5243594449	False	
2.82445625134	0.166265476309	-0.432353649214	1.17096573006	1032.29696051	3.5243594449	True	
2.7683066084	-0.0385035564836	-0.413937541743	1.20794129476	1032.64893023	3.48911585045	True	
2.81983725593	0.0704105949757	-0.439326451059	1.10489627217	1026.95268668	3.45422469195	True	
2.76158496742	-0.0707039386951	-0.414603888654	1.28677052235	1042.52545218	3.41968244503	True	
2.79419136803	-0.389523898933	-0.435633025417	1.26043221111	1038.40208248	3.38548562058	True	
2.80566488742	-0.13909526515	-0.41466158091	1.23743932266	1034.16883688	3.35163076437	True	
2.94890026287	-0.0562770097923	-0.424533556062	1.11915894533	1037.76523429	3.31811445673	True	
2.78330560747	0.261666035207	-0.429956543902	1.07797402532	1023.29948626	3.28493331216	True	
2.92490757571	-0.308295437162	-0.445428394516	1.23590861082	1038.16653727	3.25208397904	True	
2.79927369579	0.237837894983	-0.43061352477	1.05564368194	1021.50212486	3.21956313925	True	
2.74226495384	0.257807838465	-0.421642666549	1.05117338403	1022.27181811	3.18736750785	True	
2.80866755091	0.157373312716	-0.442334609426	1.06895103569	1026.78879946	3.15549383278	True	
2.76425957938	0.326550457577	-0.408614452307	1.02945765194	1022.06044065	3.12393889445	True	
2.73513454272	0.295705018466	-0.439811138113	1.08479788391	1030.9886811	3.0926995055	True	
2.76875011613	0.419001266312	-0.432103420947	1.01779172805	1020.85780206	3.06177251045	True	
2.81269638453	0.384664915571	-0.418062483266	1.00122480267	1018.01208696	3.03115478534	True	
2.81186119288	0.245934935916	-0.435899036165	1.08632643541	1024.28706192	3.00084323749	True	
2.74625896801	0.079763312754	-0.423895279645	1.12674529195	1026.88575052	2.97083480512	True	
2.78723357229	0.420985393896	-0.420568726287	1.03113157639	1021.38938503	2.94112645706	True	
2.8250454207	0.156433644542	-0.422698513763	1.01272347005	1024.70164489	2.91171519249	True	
2.76034317946	0.114813742759	-0.417740075354	1.12261297815	1026.30525593	2.88259804057	True	
2.75645699556	0.132023902601	-0.418678276765	1.0654381912	1024.60467316	2.85377206016	True	
2.82046590057	0.568230512737	-0.416610848314	1.00201274326	1025.05995001	2.82523433956	True	
2.76716536575	0.324035678308	-0.428279354824	1.00618296259	1019.49504563	2.79698199617	True	
2.80447429053	0.416050052222	-0.435190951947	1.02245320989	1020.91935724	2.7690121762	True	
2.84322318323	0.188130040419	-0.425555266199	1.01468607898	1022.84270079	2.74132205444	False	
2.8995589819	0.238691911518	-0.450037218822	1.05569807209	1027.64317752	2.74132205444	True	
2.81046173401	0.306449428752	-0.436745269657	1.05399469591	1022.54315808	2.7139088339	True	
2.77964657978	0.407008149681	-0.415357993047	1.03709491998	1022.78196081	2.68676974556	True	
2.74831705221	0.350360043094	-0.412042777486	1.02627658263	1020.99149522	2.6599020481	True	
2.80061962546	0.291353283047	-0.431753025586	1.03290706474	1020.26685031	2.63330302762	True	
2.80933736209	0.442329116861	-0.428749159041	1.02513224151	1020.99526598	2.60696999735	True	
2.75885200271	0.280838804999	-0.427661033724	1.00595030689	1021.12335636	2.58090029737	True	
2.81320392928	0.24284971232	-0.412463964623	1.01057488795	1021.92838737	2.5550912944	True	
2.72534795061	0.256104697859	-0.41458818509	1.03256551362	1022.52769312	2.52954038145	True	
2.81622142294	0.388565501668	-0.417265853655	1.0596085528	1026.47316421	2.50424497764	True	
2.87504410104	0.220117957075	-0.414139373504	1.01463835465	1025.72847231	2.47920252786	True	
2.8350599046	0.152055672067	-0.414673780689	1.11470817578	1028.74829401	2.45441050259	True	
2.84138394574	0.160222302923	-0.427488321909	1.0537388956	1022.77471209	2.42986639756	True	
2.69253251398	0.387369206261	-0.413738974912	1.02720146636	1023.79078469	2.40556773358	False	
2.83747950421	0.317619254565	-0.422914523019	1.00991511284	1018.80419769	2.40556773358	True	
2.76725131815	0.420973727021	-0.425709075379	1.00472765319	1018.38352706	2.38151205625	True	
2.85690259301	0.264119626621	-0.415501988414	1.00597955819	1022.40574915	2.35769693569	True	
2.79432367016	0.233583241934	-0.436988629007	1.03290817756	1023.36091168	2.33411996633	True	
2.89938024124	0.186534998875	-0.437372475421	1.06523462014	1024.96913047	2.31077876667	True	
2.79416077393	0.410473917747	-0.436346210793	1.00039897937	1019.57617901	2.287670979	True	
2.70762247808	0.379704340235	-0.417364127749	1.01161977414	1021.27866645	2.26479426921	True	
2.81185773234	0.43052260534	-0.427235443842	1.00794070283	1018.39997966	2.24214632652	True	
2.7323579384	0.31829732315	-0.418949920547	1.04549024013	1022.27531741	2.21972486325	True	
2.76748747448	0.431157699468	-0.415350500593	1.00012381758	1018.30072327	2.19752761462	True	
2.82294582293	0.342627334431	-0.430052640628	1.02794197187	1019.4572526	2.17555233847	True	
2.8845240734	0.222233712574	-0.428173135507	1.04358626906	1023.08526381	2.15379681509	True	
2.80380016176	0.218735486331	-0.426403393091	1.01595251155	1021.30755882	2.13225884694	True	
2.95226800957	0.26660001321	-0.45051213748	1.06013132586	1030.84150672	2.11093625847	True	
2.79096234134	0.286072091981	-0.413568470254	1.03774083954	1021.40364505	2.08982689588	True	
2.77642970609	0.192027835618	-0.415212331149	1.03418254831	1022.63225607	2.06892862692	True	
2.76095650571	0.22587977779	-0.409618544274	1.01795817924	1022.8388985	2.04823934066	True	
2.80566139344	0.244534522856	-0.42313391794	1.01135036358	1020.12837465	2.02775694725	True	
2.7842330189	0.243509218542	-0.421579361261	1.02177615504	1020.33494263	2.00747937778	True	
2.83082619241	0.33836651885	-0.424894773285	1.02833042314	1019.64472037	1.987404584	False	
2.76049164578	0.394599468968	-0.417538206524	1.00528662379	1018.26985307	1.987404584	True	
2.80289026631	0.240015417547	-0.423928495067	1.01478001372	1020.28146739	1.96753053816	True	
2.90591982302	0.171029975499	-0.439420312315	1.07668837492	1026.08326491	1.94785523278	True	
2.71784516885	0.366291260158	-0.415862862469	1.01415446308	1020.74323034	1.92837668045	True	
2.81743005267	-0.0167946398269	-0.424373196828	1.13727664731	1027.11017415	1.90909291364	True	
2.84171359945	0.341514361093	-0.433434638332	1.00607559829	1018.70660972	1.89000198451	True	
2.8205569251	0.464553518047	-0.429923429088	1.00742741838	1019.3764145	1.87110196466	True	
2.73368784741	0.373623403138	-0.413227436958	1.0275128976	1021.49694219	1.85239094502	True	
2.86253769068	0.112673219753	-0.441380105961	1.03336432969	1029.23320395	1.83386703557	True	
2.7756935101	0.585127029005	-0.425920070071	1.00288319939	1023.55319268	1.81552836521	True	
2.8844080121	0.00637198790193	-0.413387198712	1.0875799037	1034.12648387	1.79737308156	True	
2.91473221451	0.0762250422686	-0.441136602081	1.13268557697	1029.60893608	1.77939935074	True	
2.77276134921	0.403284479247	-0.425702259135	1.0287239889	1020.50651457	1.76160535724	True	
2.77221532969	0.113229344717	-0.432129610428	1.07511891567	1026.14683165	1.74398930366	True	
2.89954575998	0.153172486331	-0.425998607119	1.08747712371	1027.29984291	1.72654941063	True	
2.78594524008	0.400114576225	-0.408984812986	1.02506819585	1023.13922108	1.70928391652	True	
2.79515162252	0.375224227664	-0.408365628351	1.03672954688	1024.82626428	1.69219107735	True	
2.78021374672	0.311105864659	-0.415117367529	1.02953260413	1020.26059493	1.67526916658	True	
2.88507410167	0.302292032408	-0.437893013801	1.01071973311	1021.26135298	1.65851647492	True	
2.8186416945	0.268374054314	-0.421752458032	1.03413387318	1020.10099951	1.64193131017	False	
2.83612235332	0.394614160147	-0.419923389316	1.02735077034	1021.72411766	1.64193131017	True	
2.86885638855	0.0158682013049	-0.436649450385	1.16406568757	1028.44011749	1.62551199706	True	
2.84472068517	0.0582662886048	-0.428392805234	1.1674908095	1028.74143266	1.60925687709	True	
2.81153563374	0.0212970392985	-0.416768236928	1.12085869925	1027.48860947	1.59316430832	True	
2.81204407738	0.346136511723	-0.421580883383	1.02254559116	1019.08135657	1.57723266524	True	
2.83897835122	0.314511243797	-0.429456349665	1.00944963066	1018.6711764	1.56146033859	True	
2.82285679401	0.434882400459	-0.419508245313	1.00691581939	1019.44336892	1.5458457352	True	
2.86146583353	0.47801764149	-0.439246715043	1.00370370479	1021.46533356	1.53038727785	True	
2.90525071406	0.361298663344	-0.430458056425	1.00630948164	1021.64879163	1.51508340507	True	
2.7643026864	0.357300630658	-0.420473947221	1.00624833029	1018.17175021	1.49993257102	True	
2.83055655241	0.367894234143	-0.425470052709	1.05313797606	1023.18844545	1.48493324531	True	
2.76049320227	0.322116821096	-0.436313547772	1.01784029577	1023.0701877	1.47008391286	True	
2.84839599672	0.382335919385	-0.4270601071	1.0083405605	1018.67588641	1.45538307373	True	
2.79660250215	0.36357327942	-0.430192795163	1.0249676568	1019.5139235	1.44082924299	True	
2.82187873424	0.427589991683	-0.426711298595	1.01186887435	1018.95803395	1.42642095056	True	
2.83439231997	0.278799020507	-0.423281988888	1.00688036846	1019.30045339	1.41215674106	True	
2.82640970055	0.370328607802	-0.432123681287	1.02876840437	1020.06226192	1.39803517365	True	
2.8465325301	0.179139216365	-0.4120683301	1.05081662274	1026.16548738	1.38405482191	True	
2.83618989085	0.336944862278	-0.434502332044	1.02425610074	1019.8446995	1.37021427369	True	
2.80294051611	0.347724593628	-0.428758290865	1.02751614154	1019.34627466	1.35651213095	True	
2.76618913033	0.246880959388	-0.420310909335	1.03301106719	1020.7924933	1.34294700964	True	
2.79105651278	0.434397089021	-0.422207931156	1.00480305193	1018.07936862	1.32951753955	True	
2.80315368659	0.332913465333	-0.430495636061	1.00911335789	1018.57586288	1.31622236415	False	
2.77740497257	0.407468096734	-0.42982212112	1.00396541326	1018.554254	1.31622236415	True	
2.83805205122	0.324291665247	-0.436174909511	1.01960246373	1019.98568077	1.30306014051	True	
2.83744244724	0.312227968893	-0.431503187236	1.04310723846	1020.76973731	1.2900295391	True	
2.80239509834	0.329255820171	-0.416134321116	1.03537650528	1020.99977138	1.27712924371	True	
2.89208580722	0.40798505164	-0.424868263405	1.00899060646	1022.45137829	1.26435795128	True	
2.84001861865	0.264431459972	-0.435375828215	1.04252533689	1021.26195071	1.25171437176	True	
2.82297242887	0.246799531055	-0.41873257651	1.02565362476	1020.7216856	1.23919722805	True	
2.74238259569	0.369683763177	-0.418685445024	1.01096735046	1019.21708895	1.22680525577	True	
2.77063253678	0.302019326115	-0.418227675318	1.02665338604	1019.69418729	1.21453720321	True	
2.84201136509	0.376582670346	-0.426348562306	1.00756028821	1018.36296087	1.20239183118	True	
2.75386827674	0.264822119558	-0.401852912083	1.02494264691	1024.74529596	1.19036791286	True	
2.91376642126	0.257421898049	-0.434883010229	1.0074837487	1023.50271012	1.17846423374	True	
2.82174663439	0.3081887434	-0.429061413252	1.01744433076	1018.84141689	1.1666795914	True	
2.81742680442	0.444537972323	-0.42257393969	1.00653671831	1018.89181251	1.15501279548	True	
2.80093192837	0.410424785679	-0.416474566714	1.00252359881	1018.4005781	1.14346266753	True	
2.81485639956	0.311547962426	-0.43172192766	1.02482243216	1019.49312915	1.13202804085	True	
2.82480465175	0.392381259906	-0.433755491318	1.02015150555	1019.76992618	1.12070776045	True	
2.81141409705	0.361737941472	-0.432258641896	1.00549516182	1018.34001069	1.10950068284	True	
2.85493199542	0.240407626729	-0.428720119102	1.05082199837	1021.63448078	1.09840567601	True	
2.7869328863	0.454887723543	-0.42995535728	1.00700279398	1019.22653918	1.08742161925	True	
2.82833412431	0.436252303044	-0.424014824604	1.00677384525	1018.89063823	1.07654740306	False	
2.80357985435	0.231434522347	-0.412807120884	1.00474829343	1022.08628598	1.07654740306	True	
2.79770688206	0.192855226815	-0.422253520423	1.06955715311	1022.18162655	1.06578192903	True	
2.82455579818	0.512267191526	-0.428609714255	1.00351899307	1020.50078996	1.05512410974	True	
2.85026655033	0.319728132761	-0.427574462305	1.03060535039	1020.18510774	1.04457286864	True	
2.82493985772	0.427415677569	-0.421751768224	1.00250811481	1018.36676958	1.03412713996	True	
2.79601451371	0.39908579518	-0.435600425187	1.01286456878	1020.1095305	1.02378586856	True	
2.84843843965	0.434567720298	-0.433383753997	1.0082164921	1019.57781729	1.01354800987	True	
2.78256977029	0.390874337464	-0.411953649758	1.03108121818	1022.48302546	1.00341252977	True	
2.78668955137	0.388452664951	-0.424561512891	1.0113362013	1018.15494458	0.993378404474	True	
2.81811392778	0.544197873859	-0.428619319008	1.01690415392	1024.40620582	0.983444620429	True	
2.83460822141	0.319991710016	-0.428335381393	1.00899440491	1018.44246116	0.973610174225	True	
2.75256679036	0.355230234692	-0.418763254401	1.00353875797	1018.43024482	0.963874072482	True	
2.77550569304	0.357518111515	-0.440831498693	1.00491398418	1023.40994092	0.954235331758	True	
2.75093427867	0.489927462974	-0.417983034328	1.00095124078	1019.62003298	0.94469297844	True	
2.8312380668	0.392443370529	-0.427185967761	1.00218658044	1017.6555078	0.935246048656	True	
2.80354351252	0.423310694991	-0.419070440419	1.018593743	1020.17882107	0.925893588169	True	
2.746043137	0.306086356783	-0.423114397158	1.0399359651	1021.3211529	0.916634652287	True	
2.79254218044	0.318123722138	-0.425763633331	1.00369308884	1018.21596857	0.907468305765	True	
2.78571544689	0.341358944984	-0.429198202726	1.01126017596	1018.77108621	0.898393622707	False	
2.80463459711	0.368031590673	-0.428195030426	1.02390950207	1019.14661419	0.898393622707	True	
2.84264229579	0.35640804688	-0.418259939052	1.0064992587	1019.6052396	0.88940968648	True	
2.77947661885	0.346088734937	-0.430308559971	1.02490043714	1019.93895077	0.880515589615	True	
2.8012023132	0.403626086114	-0.424286271255	1.00367635408	1017.50223458	0.871710433719	True	
2.75868089049	0.46597023544	-0.422711426807	1.01707057692	1020.91019068	0.862993329382	True	
2.7745088357	0.396499954221	-0.428832708868	1.03278074118	1021.12676496	0.854363396088	True	
2.80391754377	0.467979086001	-0.431926565712	1.00586182536	1019.46779025	0.845819762127	True	
2.85897519158	0.455608299798	-0.429291823969	1.00234086828	1019.68540579	0.837361564506	True	
2.78255850291	0.370453578631	-0.426565269579	1.00494513692	1017.90090873	0.828987948861	True	
2.86597939647	0.246406661204	-0.433963479573	1.04826063999	1021.97340882	0.820698069372	True	
2.81322274541	0.423779489743	-0.425046967716	1.01000734615	1018.54631455	0.812491088678	True	
2.8315709164	0.36919183989	-0.42298951593	1.00122750349	1017.77696531	0.804366177792	True	
2.83819280214	0.371586552747	-0.427826606439	1.01445309791	1018.74515046	0.796322516014	True	
2.82603025919	0.429939722979	-0.428503996516	1.00943771114	1018.79437527	0.788359290853	True	
2.80068047671	0.415580460185	-0.422806704951	1.0087389246	1018.21607109	0.780475697945	True	
2.7767059358	0.35581080022	-0.426746898295	1.00677389869	1018.30544427	0.772670940966	True	
2.80169436178	0.37983509175	-0.432596911585	1.0196830245	1019.55306588	0.764944231556	True	
2.77337362054	0.390398012334	-0.431050573908	1.00542552894	1019.10511625	0.75729478924	True	
2.84440287833	0.377049583949	-0.426284663871	1.00075723815	1017.9078203	0.749721841348	True	
2.78032178223	0.390179248123	-0.420523205596	1.01081449502	1018.2488727	0.742224622934	False	
2.7965697193	0.426600274039	-0.422272882082	1.00506213203	1017.9895421	0.742224622934	True	
2.78232690361	0.295832678176	-0.424904182979	1.0262703686	1019.43751466	0.734802376705	True	
2.7903851704	0.301553752538	-0.42558360227	1.0340678257	1019.65881538	0.727454352938	True	
2.8175409683	0.371420759959	-0.420450159732	1.01604112684	1018.99740958	0.720179809409	True	
2.81782441566	0.400475700245	-0.425116222166	1.00021165592	1017.30416756	0.712978011315	True	
2.82800594993	0.362100420012	-0.426431486798	1.0069399852	1017.88513623	0.705848231201	True	
2.80024805313	0.358126311006	-0.428917198525	1.00056848502	1017.70985928	0.698789748889	True	
2.76155165741	0.33483287263	-0.424404004502	1.0017825266	1018.70704131	0.691801851401	True	
2.79729493532	0.381680260824	-0.429204608052	1.00506943658	1017.91479786	0.684883832886	True	
2.78469253629	0.38102880839	-0.423475961158	1.00124338557	1017.34220291	0.678034994558	True	
2.81536598604	0.315001153093	-0.416774726703	1.00594231343	1019.0108819	0.671254644612	True	
2.80956082056	0.297881450521	-0.426100847366	1.03920130058	1019.89435253	0.664542098166	True	
2.76187690876	0.286814281388	-0.419447174203	1.02599750422	1019.98155919	0.657896677184	True	
2.79751291187	0.472710139796	-0.427405393247	1.00884580386	1019.54055908	0.651317710412	False	
2.84329693956	0.340713810512	-0.431292969733	1.00554556357	1018.4268253	0.651317710412	True	
2.78235592254	0.408340644919	-0.420552683382	1.00664540695	1018.00779474	0.644804533308	True	
2.74358368874	0.292423059611	-0.406816728703	1.01102686299	1021.78758783	0.638356487975	True	
2.81907664474	0.43623155188	-0.42175088684	1.0165129128	1020.22748247	0.631972923095	True	
2.74940024444	0.440347984992	-0.417500661943	1.00869288937	1019.48886128	0.625653193865	True	
2.7263331505	0.524232454421	-0.419564859991	1.00198768377	1021.76691222	0.619396661926	True	
2.80780861188	0.369774471179	-0.417120559859	1.00440353809	1018.30252303	0.613202695307	True	
2.81004779939	0.333319027367	-0.423375278277	1.00216948475	1017.67074098	0.607070668354	True	
2.75092770061	0.449234370988	-0.425682129414	1.00966270357	1020.00052331	0.60099996167	True	
2.80546293522	0.322734427241	-0.418973065617	1.00695171613	1018.34170972	0.594989962053	True	
2.80651248292	0.42279227715	-0.427410378606	1.00521838453	1017.95013601	0.589040062433	True	
2.83386828549	0.34650886955	-0.427540274638	1.00244385141	1017.81727565	0.583149661808	True	
2.79591087927	0.37430632229	-0.424739871663	1.00755797106	1017.70612215	0.57731816519	True	
2.80718802204	0.357806835944	-0.420063038675	1.0084999756	1018.08447664	0.571544983538	True	
2.80949448849	0.322651212486	-0.420042246299	1.01626362424	1018.75943372	0.565829533703	True	
2.83137746667	0.424699099756	-0.425813091669	1.00500078007	1018.37039391	0.560171238366	True	
2.84402133501	0.295211592803	-0.433433545725	1.02332994897	1019.91717176	0.554569525982	True	
2.79789800594	0.413219273166	-0.42590682621	1.00696112889	1017.94161414	0.549023830723	True	
2.7675319805	0.354595683799	-0.421136166491	1.00192326932	1017.88449328	0.543533592415	True	
