Parameter 1	Parameter 2	Parameter 3	Potential	Temperature	Equilibruim
1.04266725018	-0.49940127651	0.801113501567	1416.31635868	1678.10905776	False	
3.24330750604	-0.779805414686	0.101771200172	5392.84052691	1678.10905776	False	
0.385432142892	-0.332523116212	1.57201177026	1349.4629638	1678.10905776	True	
6.26371374693	-0.679890073183	1.46300239541	3189.3600994	1594.20360488	True	
0.394910943229	-0.0073184920414	1.02977599985	2196.44121367	1514.49342463	True	
2.05356378991	-0.290739656269	1.15808997685	1542.45727636	1438.7687534	True	
3.52857513373	0.99546326713	-0.529039632696	2738.58189831	1366.83031573	True	
0.485830977019	-0.502052263786	1.84840577205	1603.4843165	1298.48879994	True	
7.30535776934	0.156128349263	0.105534374915	3043.60294578	1233.56435995	True	
9.39127980594	-0.342710579793	1.19486577968	1834.78101536	1171.88614195	True	
8.21222359049	-0.293141106601	-0.435669109338	1497.80689819	1113.29183485	True	
1.73069276697	0.678733770922	-0.413965005869	1849.60659425	1057.62724311	True	
0.783068045897	1.85230029834	-0.214246169664	2731.82785641	1004.74588095	True	
3.39895191053	0.180456615836	2.37758994043	4823.00581352	954.508586907	True	
6.10279253597	-0.166523810613	0.102985554013	1519.95558827	944.963501038	True	
9.21541319646	-0.114528829705	2.09358526832	2866.70342427	935.513866027	True	
9.81434879703	-0.286421157974	-0.401568799566	1465.41939801	926.158727367	True	
4.7326559153	-0.439366723833	1.400418776	1692.52394266	916.897140093	True	
0.962362323194	1.69966795354	-0.538711401094	3564.09172929	907.728168692	True	
2.04579988939	-0.280513927946	1.91478263846	1857.58042241	898.650887005	True	
3.87263913129	-0.483150927318	-0.0721617545738	1568.08473186	889.664378135	True	
-3.92055890097	0.163227139462	2.40567452622	3123.61912435	880.767734354	True	
1.63892027239	-0.506101572396	1.85549531876	1722.78262707	871.96005701	True	
2.72475817163	-0.0897992219971	-0.401211413934	787.731121371	863.24045644	False	
1.8672234827	-0.386282130729	-0.293032298618	2138.8875759	863.24045644	True	
-0.355571858879	1.33873415193	0.286269774667	3863.27031272	854.608051876	True	
-0.57753507189	-0.421414637764	1.06129050174	1404.11549426	846.061971357	True	
3.07091082626	-0.430985816141	1.36123337258	1590.60687187	837.601351644	True	
1.82286517198	2.64469416553	-0.526642718173	2260.102435	829.225338127	True	
4.82074990557	-0.0429276093058	-0.163140136275	1039.29755751	820.933084746	True	
2.76225803431	0.196878221832	-0.00575248487041	1760.52801512	812.723753898	True	
5.36955196937	-0.549878463098	0.847910561913	1995.49831267	804.596516359	True	
1.96017004772	0.35364941715	-0.283785357266	1479.85332248	796.550551196	True	
0.15168768588	-0.337902442544	1.18983738869	1159.4268973	788.585045684	True	
9.21956713715	-0.229957253752	-0.335546203518	1242.93157289	780.699195227	True	
8.89208770673	-0.606784904514	2.15507857678	2448.92704189	772.892203275	True	
2.85051548993	-0.40957419999	0.162974179954	1078.36277053	765.163281242	True	
1.96845564234	-0.186746102136	0.263979135546	1035.9584183	757.51164843	True	
6.73485295036	0.0157486358395	-0.513064264828	1127.52707862	749.936531945	False	
-0.583826312531	-0.256191409239	2.15612427728	1626.25821538	749.936531945	True	
-1.83971483175	-0.343692939688	2.32976688504	1260.45790995	742.437166626	True	
2.69325928671	-0.0966967155365	-0.169114526129	677.207791067	735.01279496	True	
7.64415603004	-0.442354424695	1.77085943928	1782.79743634	727.66266701	True	
7.43698693023	-0.221969650561	1.85988272646	2287.594926	720.38604034	True	
-1.51937603816	-0.146473339976	2.41720486712	1976.30234824	713.182179936	True	
1.39764070158	1.39472209778	-0.201491913122	2894.2941883	706.050358137	True	
6.54059428821	-0.312990019553	-0.137388602787	1199.36072124	698.989854556	True	
4.10195376453	-0.353447747634	0.0493381534585	1055.22785058	691.99995601	True	
2.24957882659	-0.278605815262	-0.000709795957037	844.924076038	685.07995645	True	
4.97957238661	-0.0390810223102	-0.413529742676	695.043365872	678.229156886	True	
4.18335880929	-0.322670667608	2.28038298867	1892.89041513	671.446865317	True	
5.75222943916	-0.453738564	2.75898897591	1798.48736608	664.732396664	True	
3.80782938179	-0.0308031576658	-0.529544438083	736.917503171	658.085072697	True	
2.13005234583	-0.567425482595	2.11134628855	2063.35671723	651.50422197	True	
-0.258517750864	-0.390759334475	1.77566952343	1280.92128779	644.98917975	True	
3.84089941949	-0.214320530633	0.832617772185	1881.51150167	638.539287953	True	
-0.291801809951	-0.222547703203	0.965488057295	1422.81789051	632.153895073	True	
4.83363693851	0.231512939433	-0.564046590309	1047.65873167	625.832356122	True	
5.9385305651	-0.340530944565	2.26905311804	1876.58581199	619.574032561	True	
2.0588005223	-0.322009839221	0.249141035921	936.373778712	613.378292236	True	
-1.20534236879	-0.136802891439	1.97437157523	1828.72184257	607.244509313	True	
4.83847188144	-0.4746458783	1.35398594564	1740.10527378	601.17206422	False	
9.79302908381	-0.238474186315	-0.149082054081	1306.68022676	601.17206422	True	
3.47335519505	-0.0395996892379	-0.327962547586	531.291973931	595.160343578	True	
5.37831139525	-0.272841729103	-0.137933117112	1021.07326966	589.208740142	True	
3.62647557129	-0.358906461202	-0.214847669231	992.937004322	583.316652741	True	
8.44567873405	-0.347946789532	0.00265008324508	1401.59606692	577.483486213	True	
0.266471145956	-0.329323139343	2.6293067349	1716.20069695	571.708651351	True	
3.41811294217	-0.405312186309	0.810790103146	1453.50855108	565.991564838	True	
2.1351262985	0.164289923139	-0.0926547513717	1384.02983984	560.331649189	False	
0.37350648013	0.0401818902327	0.122646957726	2146.1670302	560.331649189	True	
7.76258116082	-0.377513834151	0.136141684637	1462.81913695	554.728332697	True	
-0.952209367253	-0.236212588004	2.02455232587	1531.92883621	549.18104937	True	
3.50940177163	-0.103590006542	-0.194498582029	624.689459035	543.689238877	True	
2.06791650592	1.22054418066	-0.519438077916	2101.33329486	538.252346488	True	
6.99794036602	-0.34390038554	0.649687923205	1666.6681487	532.869823023	True	
7.06434514135	0.0173442044302	-0.119775201529	1728.5546208	527.541124793	True	
3.46396232116	-0.487481809785	0.706224513865	1581.0486461	522.265713545	True	
5.7294897409	-0.505963983628	1.94454670964	1889.04109752	517.04305641	True	
4.8371945481	-0.481675237249	-0.455498570056	2557.62397776	511.872625845	True	
1.67789686607	0.0251374798916	-0.239871752001	1240.18864936	506.753899587	True	
2.92065907621	0.189887973634	-0.334571159711	876.853275414	501.686360591	True	
5.42023022453	-0.417681940092	1.6913920662	1742.6313579	496.669496985	True	
6.74546923975	-0.293866690761	-0.416227925834	1354.18135957	491.702802015	True	
-3.38949025484	-0.272392011574	2.4928407773	1317.86742732	486.785773995	True	
1.84990307767	-0.140619943615	0.277883210575	1148.97713474	481.917916255	True	
2.94519246719	0.115701666186	-0.228228447642	902.850158303	477.098737093	True	
2.63676572069	-0.276276902916	0.275463840902	973.224206755	472.327749722	True	
5.2377937397	-0.275560985783	-0.370177102465	1022.99107917	467.604472225	True	
-1.96130361794	-0.446181510572	2.10726332672	1249.10421357	462.928427502	True	
-1.29977693209	-0.411011978606	2.31950164554	1327.96722352	458.299143227	True	
0.00210080687278	-0.483234392998	1.95603797663	1514.69195892	453.716151795	False	
-1.28267092289	-0.366710390986	1.59786729535	1198.88681195	453.716151795	True	
-1.79320608299	0.30871314356	0.938108776737	3520.73176847	449.178990277	True	
1.00389198989	-0.413113375636	1.33099562217	1317.71614639	444.687200374	True	
4.0510693273	0.0751574307828	-0.245581491113	903.406993068	440.240328371	True	
4.94791801653	-0.122970016842	-0.481692056806	796.280485446	435.837925087	True	
6.91180213702	0.124853430534	-0.363622097677	1431.85172075	431.479545836	True	
4.78310538819	0.0851379400938	-0.334296272193	896.513675532	427.164750378	True	
5.34974167882	-0.313443270266	0.401059611351	1478.67725781	422.893102874	True	
3.31217231628	-0.072745932325	-0.22630213469	596.86836047	418.664171845	True	
4.83605018372	-0.324086311979	0.299337603435	1341.56968647	414.477530127	True	
4.69328940426	-0.429132890105	1.25747198902	1663.82797341	410.332754825	True	
-1.97334060977	-0.171455682027	1.28525014755	2095.78045933	406.229427277	True	
9.23711111761	0.161723350297	-0.65228739674	2002.04277026	402.167133004	True	
1.93172911945	-0.143593847571	0.614144430815	1510.09268432	398.145461674	True	
-3.65516439802	-0.212116857889	2.13272384708	1857.73430825	394.164007058	True	
3.84792435116	-0.311403850043	-0.0241035970957	894.787854605	390.222366987	True	
1.45079376381	-0.131207985945	0.494108585985	1372.76127375	386.320143317	True	
3.78244903776	-0.36815510788	0.0986036097654	1061.36268879	382.456941884	True	
2.67082907978	-0.388167640718	0.305889492753	1058.23546092	378.632372465	True	
4.48181781133	-0.127165727295	-0.347262240255	622.097175454	374.84604874	True	
2.56747251468	-0.189652462834	-0.198537333819	712.347536394	371.097588253	True	
3.72557457748	-0.182216200222	-0.144689286217	681.353936173	367.386612371	True	
1.32311593137	-0.115706345452	-0.0311124848511	1292.67365649	363.712746247	True	
5.07069497689	-0.276924501637	0.326557327335	1443.5527532	360.075618784	True	
-2.882313982	-0.300664301448	2.79798099419	1336.62234361	356.474862596	True	
2.90466882677	0.42325137319	-0.525438134417	1261.5820883	352.910113971	True	
-1.35624782821	-0.349931073168	2.16906447214	1272.05379565	349.381012831	False	
-3.59303678547	-0.325903548523	2.16301553701	1635.15112078	349.381012831	True	
3.75769716308	-0.405540384058	-0.0456448547369	1126.94774841	345.887202703	True	
-3.78634520274	-0.343511328733	2.87929570007	1191.82655935	342.428330675	True	
6.47668039823	-0.329624336154	0.794327893663	1720.84322605	339.004047369	True	
-3.34607812799	-0.0931235394592	2.63879174701	1930.82879092	335.614006895	True	
6.02638997767	-0.486011183969	0.875816880132	1758.95737196	332.257866826	True	
4.72681223098	-0.176393431071	-0.0340619906032	1055.36205238	328.935288158	True	
7.76355567888	-0.550257883122	1.56814851638	2080.07084745	325.645935276	True	
1.41576095881	-0.277103778114	1.29649322701	1528.30753405	322.389475923	True	
1.54500562657	-0.350120386697	0.344429104247	1036.96193317	319.165581164	True	
0.225207196614	-0.355438703824	1.30215485342	1182.09624233	315.973925353	True	
1.92676658652	-0.139003260217	0.340372224844	1217.03597734	312.814186099	True	
4.66959900458	-0.285455039992	-0.616298675624	1987.42583224	309.686044238	True	
3.45322821451	0.138773524431	-0.588790248752	989.286709365	306.589183796	True	
3.01356681487	0.0741122394107	-0.553042555577	1008.36152324	303.523291958	True	
-0.472701105539	-0.414075611868	2.10286067336	1383.48662915	300.488059038	True	
2.75593087904	-0.0780033876025	0.0615014712841	1026.42957689	297.483178448	True	
4.11332169612	-0.147268864506	-0.170599949681	724.357874385	294.508346663	True	
8.01991718735	-0.562157016315	0.101310493677	2302.54790686	291.563263197	True	
2.31343728945	0.195912227921	-0.447933001298	1121.48884878	288.647630565	True	
7.21805076836	-0.521239990424	2.19388746829	1954.45704209	285.761154259	True	
-3.706854596	-0.0172958336073	2.76170315797	2285.51062721	282.903542716	False	
3.60335915938	-0.194053127723	-0.0861731378027	733.238657609	282.903542716	False	
8.90866692353	-0.238711171451	-0.216600264096	1237.36993317	282.903542716	True	
-3.51500412689	-0.40445466114	2.75073410817	1190.41248244	280.074507289	True	
-3.08490961078	-0.436434115135	2.60352061179	1231.1298206	277.273762216	True	
3.41386524386	-0.515494388928	0.338453614311	1628.58269077	274.501024594	True	
0.716440656697	-0.463202248845	1.49737249117	1411.67267953	271.756014348	True	
5.49294997172	-0.367843526409	1.96273838446	1805.72678655	269.038454205	True	
3.88473688733	0.0538069525014	-0.485076661094	612.640467691	266.348069663	True	
3.21773448046	0.0859704438227	-0.530400271861	828.440450649	263.684588966	True	
5.4455855722	-0.0339459739588	-0.016726079264	1575.06614489	261.047743076	True	
4.51731369458	-0.307064136752	0.336643023412	1343.94025769	258.437265646	True	
4.08714824802	-0.211522884342	-0.307568560584	656.147553944	255.852892989	True	
6.48921463616	-0.419656096778	0.126983782512	1479.01553709	253.294364059	True	
3.82719053419	-0.209825901325	0.00627417498328	895.256249729	250.761420419	True	
3.0769108701	-0.0381147319248	-0.438863772674	671.13498113	248.253806215	True	
-0.13422073119	-0.296317112878	1.28970485064	1216.02047907	245.771268152	True	
1.26115528783	-0.389445649623	1.38954111574	1380.10472835	243.313555471	True	
8.02188990089	-0.344336556059	2.71540178655	1878.01286684	240.880419916	True	
3.81723480968	-0.249456864714	0.139532357666	1050.05035564	238.471615717	True	
3.50141721263	0.243946607424	-0.503073942452	857.635501184	236.08689956	True	
4.06384104652	-0.341012037919	-0.153074483779	941.737706865	233.726030564	True	
4.47221161702	0.0382194012773	-0.400486358564	650.414181777	231.388770259	True	
6.12876459572	-0.256522023461	0.0702094997919	1312.47269059	229.074882556	True	
2.14516664223	-0.0532241326742	-0.18230911429	871.108890578	226.78413373	True	
2.14037147419	-0.276112890086	0.922488979328	1441.29838388	224.516292393	True	
1.83373850414	0.285555413532	-0.10051697913	1742.63680699	222.271129469	True	
1.89813738886	-0.248513490006	0.577026253905	1175.07727956	220.048418175	True	
0.818407554054	-0.426360704864	1.2454626087	1267.34026032	217.847933993	True	
2.30583780743	-0.253925710665	0.130275774911	855.157155649	215.669454653	True	
5.05713801008	-0.110518324184	-0.217813232984	880.30751755	213.512760106	True	
4.45626046896	0.0296093219321	-0.477617566854	640.168401194	211.377632505	True	
4.6428045566	-0.199586543641	-0.0511527286796	986.326983794	209.26385618	True	
4.91558862091	0.022702312645	-0.356384227019	779.97816019	207.171217618	True	
2.13624249511	-0.0517533736003	-0.0559092060852	948.232522447	205.099505442	True	
4.11199916441	0.0404310721508	-0.275604947613	771.392218405	203.048510388	True	
3.84114444504	-0.196156141634	-0.452565466234	803.729511313	201.018025284	True	
3.14635100256	-0.0153268936424	-0.138837237244	808.295657091	199.007845031	False	
2.92580903229	-0.0730076569355	-0.299942356416	590.860922277	199.007845031	True	
2.79159127888	-0.355724210748	0.0396670132954	910.845700533	197.017766581	True	
6.05813027398	-0.00285583633774	-0.324808131239	1053.9446877	195.047588915	True	
2.70788010442	0.0721523873938	-0.2940271323	755.534575512	193.097113026	True	
3.08408407102	-0.0989799018766	-0.202615000141	606.312747577	191.166141896	True	
3.80863297389	-0.184926134074	-0.410770635228	684.922783975	189.254480477	True	
4.69017520222	-0.188128580645	-0.168987786203	832.263798057	187.361935672	True	
-1.46194970087	-0.266082203907	1.81709431338	1302.04759118	185.488316315	True	
4.59573358387	0.0240760120611	-0.378498450252	679.964762957	183.633433152	True	
3.93351507761	-0.108654670684	0.0417368919367	1144.24957905	181.79709882	False	
5.49429708175	-0.204507749132	-0.29136940531	887.051799615	181.79709882	True	
4.78369227077	-0.128049628498	-0.278556740913	727.904303614	179.979127832	True	
2.82150203811	-0.0758841345964	-0.293804257582	615.989993152	178.179336554	True	
3.52821392728	0.0104153536724	-0.428303414303	554.692614397	176.397543188	True	
2.47225543801	-0.118972980028	-0.142105058751	727.335917204	174.633567757	True	
-3.14667144437	-0.427025689593	2.28871373358	1329.74919309	172.887232079	True	
0.00185285892925	-0.322699274298	2.71608937264	1726.89747846	171.158359758	True	
-3.03098315787	-0.437840751128	2.56926268009	1233.73079769	169.446776161	True	
-2.65133246865	-0.262128279509	2.82746389901	1494.25074342	167.752308399	True	
4.77208760517	-0.0609960393168	-0.204852147647	901.412188749	166.074785315	False	
-2.71367675052	-0.503360977203	2.4704399191	1429.30248559	166.074785315	True	
-3.8625900106	-0.405233864851	2.85437160581	1194.75114449	164.414037462	True	
3.87660815977	-0.151172355973	-0.323064144066	562.918964358	162.769897087	True	
4.14824620754	-0.145031671454	-0.396656786206	607.43530385	161.142198116	True	
4.0235366913	-0.245894240209	-0.25571886648	704.712685079	159.530776135	True	
3.48516876417	-0.0724049271986	-0.347373475709	520.101212543	157.935468374	True	
3.80677190951	-0.227381945723	-0.305210792569	661.731923798	156.35611369	True	
4.18048794287	-0.0206509060531	-0.328081747084	609.220142148	154.792552553	True	
4.48681182452	-0.0609765788847	-0.369128990721	605.776475223	153.244627028	True	
3.71634958312	0.0619089675965	-0.450999130859	585.850243595	151.712180757	True	
4.0913070525	0.037567578327	-0.428833893847	579.37003286	150.19505895	True	
4.14780021052	-0.0091033751255	-0.321630238188	623.323273766	148.69310836	True	
3.9359890612	-0.0727741027465	-0.367487629371	529.601742877	147.206177277	True	
5.40573552644	0.00464065132753	-0.443043914915	807.191721904	145.734115504	True	
2.99229754215	-0.00649635348271	-0.278115710941	621.763064687	144.276774349	True	
3.6745744961	0.0937709402923	-0.578484161656	886.342692831	142.834006605	True	
3.783369208	-0.0613966567219	-0.323555518132	535.684967571	141.405666539	True	
3.91091670862	-0.0381953719151	-0.355596903524	536.925418089	139.991609874	True	
3.4439785622	-0.0593507787968	-0.164517632296	713.048671675	138.591693775	True	
3.24274166766	0.158005857652	-0.390733542104	729.396255978	137.205776837	True	
5.20414171729	0.0873302957172	-0.545896568408	903.168211719	135.833719069	True	
3.72280753422	-0.179578249685	-0.453012347285	771.125858451	134.475381878	True	
4.39582276417	-0.0734834179959	-0.427550064399	595.417136315	133.13062806	True	
4.27765490522	0.0312179906985	-0.523412238528	687.691739156	131.799321779	True	
2.61177074807	-0.29950982657	-0.0545628125356	809.214967376	130.481328561	True	
3.55657341717	-0.135031949566	-0.249201042337	562.091489428	129.176515276	True	
3.38078602293	0.131872555035	-0.415964785782	667.950335162	127.884750123	True	
3.05952507444	-0.106558126153	-0.285257547058	566.75588425	126.605902622	True	
3.81348688398	-0.191706570167	-0.334543196916	612.55426098	125.339843595	True	
3.36800399629	-0.211212763642	-0.212850780526	616.755353854	124.086445159	True	
2.8241709063	0.0605415826488	-0.334153686813	691.014351842	122.845580708	True	
3.21686209765	-0.0934334534897	-0.301803995406	543.340005398	121.617124901	True	
3.07587060189	0.173561017561	-0.524132004581	894.374332092	120.400953652	True	
4.03857846072	-0.24558009051	-0.338842554442	741.595378852	119.196944115	True	
3.56243462954	-0.256794008558	0.0406644472718	871.986335571	118.004974674	True	
2.57703029099	-0.0140713601458	-0.26125382435	715.810237544	116.824924927	True	
4.66678715768	-0.246203927205	-0.276951679291	801.633869199	115.656675678	True	
8.03714192831	-0.0722864132094	-0.465384752359	1189.70407717	114.500108921	True	
3.20884820939	-0.129133182772	-0.110190915415	694.752809059	113.355107832	True	
2.60894804951	-0.245077388557	-0.0744237387283	737.244945901	112.221556754	True	
3.84825472767	-0.0164325621805	-0.344198215295	551.224300425	111.099341186	True	
5.0169615453	0.12270331251	-0.48848265119	845.453615183	109.988347774	True	
5.65241812877	-0.16365099972	-0.41699443573	893.574622968	108.888464297	True	
2.96154121791	-0.248872415253	-0.10129324231	698.692050049	107.799579654	True	
3.87047130026	-0.0665794915358	-0.407111174346	534.308780107	106.721583857	True	
2.47756794758	-0.117500291514	-0.26140712654	733.226386335	105.654368019	True	
2.59959367666	-0.0656951507218	-0.184936295082	707.710598661	104.597824338	True	
3.64581057997	-0.0780048316128	-0.365962801012	519.25529741	103.551846095	False	
3.36841500012	-0.0235293854581	-0.287643407359	573.148805596	103.551846095	True	
3.32664113117	0.10028356256	-0.457398601863	654.573144446	102.516327634	True	
3.41650678374	-0.108865703795	-0.386912591158	565.536312019	101.491164358	True	
3.39654708286	0.140135704991	-0.273649237358	880.363102076	100.476252714	True	
4.83065489939	0.049440037017	-0.500325653464	735.623643776	99.471490187	True	
3.42895673631	-0.180379403941	-0.178574571663	616.126928098	98.4767752851	True	
4.29135245361	-0.145470567337	-0.411553689728	635.775002595	97.4920075323	True	
1.53667274696	-0.359177022205	0.696680336353	1098.28084161	96.517087457	True	
4.07967228447	-0.154186819403	-0.398172063451	616.399020194	95.5519165824	False	
4.35411846004	-0.211419700829	-0.394070469113	746.231978017	95.5519165824	True	
4.39042558317	0.0100421076964	-0.325798809535	687.85714246	94.5963974166	True	
3.63198525746	0.0255733700304	-0.237499758821	738.018266453	93.6504334424	True	
3.35056318673	-0.0567070970824	-0.324376412485	531.073942635	92.713929108	True	
3.28422836183	-0.0359373937819	-0.261999881907	588.683805838	91.7867898169	True	
3.14198379733	-0.171531367582	-0.162345894614	619.822510325	90.8689219187	True	
3.67367743445	-0.142805360764	-0.191223955553	626.633742335	89.9602326995	True	
3.25160928101	-0.209289050562	-0.134012058326	651.612709252	89.0606303725	True	
3.45282756404	-0.116737814635	-0.367017181488	550.341720563	88.1700240688	True	
3.85830834329	0.0373532441181	-0.408974081084	561.48051386	87.2883238281	True	
3.14251674853	-0.112159319314	-0.266951371238	559.348501028	86.4154405898	True	
3.00121169529	0.0492775375054	-0.325290921539	646.673305327	85.5512861839	True	
4.87482943199	-0.0571785452943	-0.416470656339	670.857304414	84.6957733221	True	
3.72596314208	-0.138305730022	-0.256538706185	569.547572926	83.8488155889	True	
4.65406836064	0.0682120830812	-0.53784179991	770.905399725	83.010327433	True	
3.76783441512	-0.0153923895559	-0.313943447549	573.297168909	82.1802241587	True	
3.5989304684	0.176978777731	-0.428020499979	730.978015595	81.3584219171	True	
3.99536603245	-0.259042880797	-0.0947716187054	804.126153008	80.5448376979	True	
2.69707186888	0.0692003554824	-0.260597993567	785.369389153	79.7393893209	True	
2.82757889412	-0.188319751247	-0.1033746667	675.17559673	78.9419954277	True	
4.58060517929	0.0834265930795	-0.488449755167	705.984466333	78.1525754734	True	
4.12842841024	0.0435661535579	-0.346468928644	652.990083861	77.3710497187	True	
3.39139061255	0.0316676851031	-0.229950862013	737.388467181	76.5973392215	True	
2.75966282174	0.00788227691961	-0.196997140364	758.085702406	75.8313658293	True	
3.87322020534	-0.129661343009	-0.335303912124	546.687147897	75.073052171	True	
4.14357546395	-0.139643077412	-0.35267376782	580.419502941	74.3223216493	True	
3.91918571264	-0.0102874521066	-0.421286389806	540.101975962	73.5790984328	False	
2.8719621419	-0.190342933341	-0.0140216274317	751.163247737	73.5790984328	True	
3.50374430552	-0.0147345229542	-0.373408105026	529.096238759	72.8433074485	True	
3.42735949666	-0.0857804187137	-0.390341220125	549.675580861	72.114874374	True	
3.85367509433	0.0831336832415	-0.470635485287	615.939753012	71.3937256303	True	
4.16013141628	-0.0926779213274	-0.375531044572	556.251900948	70.679788374	True	
4.05940635841	-0.124581787515	-0.417586728223	595.857541856	69.9729904902	True	
3.24000768537	-0.117822752575	-0.229525406535	571.727321705	69.2732605853	True	
3.87780716759	-0.0110571280709	-0.447833115485	555.951026082	68.5805279795	True	
3.77840817645	-0.0235195107479	-0.337833672685	545.031253229	67.8947226997	False	
3.7703358957	-0.139874464717	-0.421347269977	619.381259051	67.8947226997	True	
4.57534678827	-0.00123745901613	-0.436614312768	627.200944362	67.2157754727	True	
3.06107197867	-0.0669304424149	-0.290321579871	567.486619079	66.5436177179	True	
4.39433551451	-0.140821610169	-0.377706723547	620.132550048	65.8781815408	True	
2.67919033026	-0.149128241541	-0.157142647571	666.862411909	65.2193997254	True	
3.41734799554	-0.0582119184322	-0.301712885207	538.064849424	64.5672057281	True	
2.91560615137	-0.130942124818	-0.279598793702	602.748933512	63.9215336708	True	
3.70822080725	0.146852426551	-0.465605393619	681.533067897	63.2823183341	True	
3.74967609472	-0.0813345639273	-0.357643893236	520.540068604	62.6494951508	True	
3.61815929426	0.0397917348352	-0.383498363963	562.391338947	62.0230001993	True	
3.05665029418	-0.0983091879789	-0.307452828937	567.654839406	61.4027701973	True	
3.00236209755	-0.0752525839359	-0.261208860912	583.808472381	60.7887424953	True	
4.52926727238	-0.0481590923164	-0.396892818358	606.416960289	60.1808550703	True	
3.65885972068	-0.124930121051	-0.114289110652	748.256001414	59.5790465196	True	
3.94324809709	0.00957974641479	-0.318290065334	616.882688534	58.9832560544	True	
3.36346321334	-0.0911824082286	-0.316058452826	529.436474954	58.3934234939	True	
3.30589294879	0.0830234575351	-0.467998613593	659.198350982	57.809489259	True	
3.59089935873	0.0210717297784	-0.475251773284	606.096923292	57.2313943664	True	
4.6981339772	-0.107485084034	-0.441280605791	676.48599819	56.6590804227	True	
2.91446360538	-0.0294224878541	-0.347323050411	610.856588214	56.0924896185	True	
4.03743758774	-0.0914141377598	-0.269032093509	605.472502678	55.5315647223	True	
3.86190877704	-0.0680531106298	-0.386017558928	525.690395835	54.9762490751	True	
3.76478665515	-0.0435052989413	-0.349004739795	526.783352673	54.4264865843	True	
4.31953690395	-0.119335356469	-0.340719668177	593.443035863	53.8822217185	False	
3.3091874708	-0.0987499353627	-0.211966583082	594.735839307	53.8822217185	True	
3.95623101684	-0.110531167846	-0.413909162646	571.859239694	53.3433995013	True	
3.31704268335	-0.0779118523987	-0.440657228996	636.280383819	52.8099655063	True	
3.62127312105	-0.000571308172474	-0.254892908444	660.188997358	52.2818658512	True	
3.04481225147	0.0888584921094	-0.333526797616	685.929046723	51.7590471927	True	
4.19505113616	-0.0522568165587	-0.386548711168	555.120544573	51.2414567208	True	
3.54244246746	-0.144095835834	-0.306743407162	545.251316809	50.7290421536	True	
3.50781020545	-0.125939345795	-0.314640673527	534.617192942	50.221751732	True	
3.99710828589	-0.131961197942	-0.220900997253	641.049475614	49.7195342147	True	
3.57879001003	-0.0484551374684	-0.345800666157	520.657384204	49.2223388726	True	
3.55710725958	-0.169893591583	-0.130514675206	677.806670782	48.7301154838	True	
5.09919663134	-0.0831638959711	-0.353520524846	736.296951147	48.242814329	True	
2.55609124837	-0.155762539955	-0.109817494765	710.72352979	47.7603861857	True	
3.1707294575	-0.170669985308	-0.336246940756	626.932904107	47.2827823239	True	
3.48972703666	-0.17272047502	-0.25644206939	572.198536933	46.8099545006	True	
4.20061055057	-0.129132856292	-0.432945322399	629.972237229	46.3418549556	True	
3.75192184097	-0.159600549995	-0.313374513179	562.624156381	45.8784364061	True	
3.55480356577	-0.0845497436062	-0.266552510119	556.828947211	45.419652042	True	
3.74063856841	-0.0207813084534	-0.358917393036	531.366392506	44.9654555216	True	
3.79973740326	-0.116669648	-0.416530870595	580.10760945	44.5158009664	False	
3.54281228615	-0.034047591516	-0.412570882499	537.950289067	44.5158009664	True	
3.26581500259	-0.0471032837629	-0.387905052651	555.760826267	44.0706429567	True	
3.98703446948	-0.193215440973	-0.278774447432	619.942054956	43.6299365271	True	
3.78607763172	-0.00790185503157	-0.365197553353	538.670048008	43.1936371619	True	
3.65308468232	-0.108531249921	-0.298014516861	535.534499865	42.7617007902	True	
4.10233805899	-0.0312642379839	-0.440116262138	560.578350563	42.3340837823	True	
4.07173563081	-0.0690071473011	-0.453082987707	587.268507778	41.9107429445	True	
3.65612867404	-0.0591595942571	-0.376416909139	518.231535277	41.4916355151	True	
4.90312028024	-0.0688093221942	-0.477992467244	723.98911211	41.0767191599	True	
3.64875601016	-0.0602711823403	-0.322615458615	528.459988287	40.6659519683	True	
3.51912810115	-0.194194255587	-0.282799201995	593.321572292	40.2592924486	True	
3.38073182452	-0.0071306467238	-0.364217996012	540.341127058	39.8566995241	True	
3.5649634872	0.0188704032132	-0.438955974936	562.633121569	39.4581325289	True	
3.68558180953	0.00830738190943	-0.436688716965	551.070445212	39.0635512036	True	
3.99568665436	0.0349020321439	-0.398389209772	574.326446332	38.6729156916	False	
3.60436549053	-0.0177864700039	-0.45137180117	571.526451198	38.6729156916	True	
3.79352348207	-0.0985193433805	-0.394953682179	542.007801615	38.2861865347	True	
3.60912561507	-0.0276663118176	-0.450969309458	573.092250842	37.9033246693	True	
3.53509498647	-0.0770265375101	-0.419677993582	563.591909394	37.5242914226	True	
3.31553976449	-0.163773225311	-0.341721434576	597.815019964	37.1490485084	True	
3.66975748202	-0.216003743479	-0.239825747223	626.764039365	36.7775580233	True	
3.18559110453	-0.136314254411	-0.0973229737921	704.430782916	36.4097824431	True	
3.54533125551	-0.00680752445739	-0.35842405228	535.322298812	36.0456846187	True	
3.93458314754	-0.0906237929268	-0.355239693611	533.490637441	35.6852277725	True	
3.67498381114	-0.0746347179956	-0.393287741468	528.531147305	35.3283754947	True	
3.25629404207	-0.0839674070354	-0.216091055166	599.081483778	34.9750917398	True	
3.4518397409	-0.111355051917	-0.304083678793	531.202667695	34.6253408224	True	
3.3198427119	-0.0816690603519	-0.353622120033	536.55941686	34.2790874142	True	
3.28110947879	-0.149985560826	-0.210515569057	582.948705419	33.93629654	True	
4.05674859617	-0.0539548561248	-0.310887182688	582.401201014	33.5969335746	True	
4.30172225959	-0.0677888102283	-0.365395638559	574.669164759	33.2609642389	True	
3.59517900543	-0.022582200171	-0.368699620675	524.233651128	32.9283545965	True	
3.1666356451	-0.161403400589	-0.164590146253	617.617662891	32.5990710505	True	
3.74095001026	0.0292040327786	-0.357480780852	573.34275922	32.27308034	True	
3.53401662504	-0.154088165735	-0.325703527303	557.671996482	31.9503495366	True	
3.60919377715	-0.0318624821209	-0.381210779341	521.122014987	31.6308460413	True	
3.33582844833	-0.00320802118182	-0.358693308876	546.774805118	31.3145375808	True	
3.21942523536	-0.051800728803	-0.29437463677	553.952861112	31.001392205	True	
4.190727617	-0.00304919690171	-0.44093295324	571.567874426	30.691378283	True	
3.50582795818	-0.0968854274537	-0.318905836017	524.477511462	30.3844645002	False	
3.31205719663	-0.159230506754	-0.258256286079	565.120374535	30.3844645002	True	
4.57852499376	-0.147902138573	-0.313494823311	662.831347533	30.0806198552	True	
3.9657667837	-0.0794467303201	-0.387997905097	535.223357563	29.7798136566	True	
4.47391541571	-0.0357867921707	-0.441063102223	605.148108933	29.48201552	True	
3.68361553617	-0.101300933249	-0.281282993623	547.876151015	29.1871953648	True	
3.14997133418	-0.113631394982	-0.217222763855	584.804599997	28.8953234112	True	
3.57784461444	-0.124128139603	-0.307775528508	534.055736547	28.6063701771	True	
3.54016081072	-0.108447834923	-0.309212417177	528.516525539	28.3203064753	True	
4.18798536233	0.0243482886099	-0.421927401087	581.362334894	28.0371034106	True	
3.46946042003	0.0242762025836	-0.320267034758	591.134870101	27.7567323764	False	
3.98669804893	-0.0809605764654	-0.31785601006	554.885050309	27.7567323764	True	
3.64473910152	-0.0798469477761	-0.317135449162	526.617824021	27.4791650527	True	
3.80647632157	-0.0693978085207	-0.380150224668	522.454726844	27.2043734022	True	
3.36627606463	-0.0682145872308	-0.295105253579	539.084669487	26.9323296681	True	
3.95895256346	-0.0754078805625	-0.367619012951	531.748795779	26.6630063715	True	
3.76281057695	-0.0286494253358	-0.382854379277	523.08169802	26.3963763077	True	
3.70541445919	-0.0517489969884	-0.363694539965	518.216714858	26.1324125447	True	
3.89054390441	0.0309371696541	-0.432039338615	559.695505025	25.8710884192	True	
3.26051495366	-0.038916053276	-0.257278023076	591.274878981	25.612377535	True	
3.27244549967	-0.0798483350044	-0.322508081596	535.45142655	25.3562537597	True	
3.64003179165	-0.0210234393525	-0.342551346977	535.517700267	25.1026912221	True	
3.31160894622	-0.0719773830276	-0.302373138622	536.96523382	24.8516643099	True	
3.21371437395	-0.0411932902273	-0.374961162734	555.605678424	24.6031476668	True	
3.89376264752	-0.0691497618457	-0.39650290484	530.757624985	24.3571161901	True	
3.62264328898	-0.0496063654101	-0.445685191377	573.461065566	24.1135450282	True	
3.43909234006	-0.0352918782402	-0.309088473446	545.388524964	23.8724095779	True	
3.76306547368	-0.0861039856944	-0.422608242906	558.722448784	23.6336854821	True	
3.41240512655	-0.00656624474369	-0.369776586466	537.9183712	23.3973486273	True	
3.83203172961	0.0130227422376	-0.402787902035	543.243383407	23.163375141	True	
3.61805003751	0.0099424347613	-0.342806722543	559.06891546	22.9317413896	True	
3.48656598059	0.00292019637879	-0.342872648687	550.543127401	22.7024239757	True	
3.23866609035	-0.00436456621186	-0.340435431299	559.544275135	22.475399736	True	
3.36850865931	-0.0378084707937	-0.321217897258	538.329312039	22.2506457386	True	
3.42483745129	-0.0477598947468	-0.370500855823	526.605950048	22.0281392812	True	
3.67286901543	-0.053764507964	-0.369047878814	517.299362805	21.8078578884	True	
3.65813032321	-0.137314420185	-0.325118853505	541.973016813	21.5897793095	False	
3.56672538369	-0.0649380461553	-0.396229725578	531.404058114	21.5897793095	True	
3.38326191122	-0.0268791765035	-0.416418443907	558.64829195	21.3738815164	True	
3.59849032736	-0.158484425292	-0.300451789403	556.615430169	21.1601427013	True	
3.88129281744	-0.0947169023442	-0.347758096722	531.216198196	20.9485412743	True	
3.83790738868	-0.133934455549	-0.330598575708	547.151616029	20.7390558615	True	
3.60289512623	-0.109949675616	-0.304021184231	531.323262926	20.5316653029	True	
3.76283685658	0.00583784064365	-0.335664165899	570.763132845	20.3263486499	True	
3.14738136778	-0.13896317127	-0.185876361346	603.291494842	20.1230851634	True	
3.25710008317	-0.105535501288	-0.346855635156	552.562000271	19.9218543117	True	
3.86976279186	-0.0885460602811	-0.338986579149	531.32629747	19.7226357686	True	
3.91897482422	-0.0632916616821	-0.294678374148	574.412479593	19.5254094109	True	
3.33294356691	-0.0858688875604	-0.342586877096	532.708802843	19.3301553168	True	
3.69079868305	-0.0943146893446	-0.301677188702	535.57079667	19.1368537637	True	
4.06971243245	-0.0816012386071	-0.394911079807	546.312455175	18.945485226	True	
3.3128363467	-0.017927598357	-0.344931344827	543.479791126	18.7560303738	True	
3.48615030621	-0.0327006845725	-0.328694424225	534.28808606	18.56847007	True	
3.80190796826	-0.0566768138525	-0.34217618024	528.062614245	18.3827853693	True	
3.34577122381	-0.100470087546	-0.333887329257	534.167917944	18.1989575156	True	
3.32716885546	-0.0908833766316	-0.363387908546	544.485848353	18.0169679405	False	
3.60217328557	-0.0664159318632	-0.358432860218	517.064128535	18.0169679405	True	
3.34740284972	-0.154063508264	-0.24068814277	566.901924441	17.8367982611	True	
3.62885313443	0.00703709755087	-0.435610174851	552.515245717	17.6584302785	True	
3.28139093983	-0.0553879827969	-0.319817335615	537.607183881	17.4818459757	True	
3.69467251647	-0.0565261582364	-0.367216337755	517.413239771	17.3070275159	True	
3.93962678283	-0.0459100601882	-0.355573469923	536.724651174	17.1339572408	True	
3.70402902545	-0.0493034019614	-0.392003314595	521.453996814	16.9626176683	True	
3.46623860037	-0.0883013759249	-0.33657657853	522.757796966	16.7929914917	True	
3.79011038204	-0.0365946739583	-0.335430757232	539.539918985	16.6250615767	True	
3.49218655248	0.0186254352638	-0.370763975295	549.796193133	16.458810961	True	
3.42887961115	-0.0196629073885	-0.412369901134	548.445212445	16.2942228514	True	
3.59909471536	-0.0711011992169	-0.389178893483	527.360793934	16.1312806229	True	
3.09797298997	-0.108102950889	-0.286382440658	561.232038774	15.9699678166	True	
3.79058677923	-0.0737829843869	-0.400167519779	531.445369639	15.8102681385	True	
3.676831069	0.00712101832404	-0.403146729394	536.237416041	15.6521654571	True	
3.48836152914	-0.114277402159	-0.337029353291	531.559515709	15.4956438025	True	
3.6765371084	-0.103843324867	-0.354150899072	526.199758684	15.3406873645	True	
3.55808823385	-0.0433208150309	-0.352856382114	520.465686509	15.1872804908	True	
3.50183097653	-0.0615466924563	-0.338363805217	520.586007012	15.0354076859	True	
3.58400864939	-0.107992568772	-0.306170410572	529.800516596	14.8850536091	False	
3.43203069439	-0.166967102919	-0.274468340019	564.973739044	14.8850536091	True	
3.92494466065	0.0342494841746	-0.435028285	564.337056854	14.736203073	True	
4.17909318613	-0.0571641295193	-0.418074392344	558.507656555	14.5888410422	True	
3.32502924522	-0.0545727731481	-0.358845729191	533.258108235	14.4429526318	True	
4.0046613875	-0.015107339247	-0.436347038584	551.330697946	14.2985231055	True	
3.13423691121	-0.183188516388	-0.211306330158	600.625820378	14.1555378745	True	
3.63203538717	-0.033294570185	-0.363759785379	521.232139481	14.0139824957	True	
3.70360780664	-0.0474796505725	-0.396998883155	523.198361666	13.8738426708	True	
3.78433869241	-0.118987979167	-0.32914221796	535.726980955	13.735104244	True	
4.05770841317	0.0365278282543	-0.456559187743	583.775272248	13.5977532016	True	
3.57278556139	-0.0899915602799	-0.355131821401	521.719429537	13.4617756696	True	
3.76922904437	-0.0639380725512	-0.370944644028	519.384658675	13.3271579129	True	
3.48972945317	-0.0294982384201	-0.322040170056	540.150609608	13.1938863338	True	
3.46622532446	-0.0643141730362	-0.376301446043	527.036475935	13.0619474704	True	
3.60553145029	-0.0496658364673	-0.354876768458	518.451384173	12.9313279957	True	
3.7862649805	-0.0956617833081	-0.353395739576	525.529980979	12.8020147158	True	
3.57226344451	-0.0308083352604	-0.391642603776	524.691293939	12.6739945686	True	
3.91056201066	-0.0200692077794	-0.421173356803	537.860974437	12.5472546229	True	
3.3861577789	-0.0709064335828	-0.298255302745	535.993402475	12.4217820767	False	
3.95508084599	0.010459597374	-0.452029934612	564.413475887	12.4217820767	True	
3.36681905686	-0.143033623419	-0.265492072461	553.227933106	12.2975642559	True	
4.03324246404	-0.116962272986	-0.368112089374	554.441632862	12.1745886134	True	
3.2858934373	-0.0761819617241	-0.336585776456	534.642106592	12.0528427272	True	
3.58921984196	-0.084409112496	-0.383132429834	529.926864557	11.9323143	True	
3.6393141419	-0.00437771225358	-0.387343525353	530.155121081	11.812991157	True	
3.73620153659	-0.0350817951634	-0.326997157466	542.606976418	11.6948612454	True	
3.57193492187	0.0265580359109	-0.374613014717	553.764144209	11.5779126329	True	
3.46771381643	-0.0776741076989	-0.342112427741	521.194698254	11.4621335066	True	
3.76637998289	-0.0765234387647	-0.356182652765	520.533092003	11.3475121715	True	
3.85639066868	-0.0472341717884	-0.40310849462	527.74064563	11.2340370498	True	
3.36168847173	-0.0441434761104	-0.352164224244	529.541467156	11.1216966793	True	
3.46391631802	-0.0662747603003	-0.386853389031	533.619674082	11.0104797125	True	
3.6099799714	-0.0657954991546	-0.379589223171	520.937683144	10.9003749154	True	
3.49849387154	-0.084047717318	-0.368167883911	527.104772365	10.7913711663	True	
3.64483535155	0.030611436678	-0.40027971526	550.685584731	10.6834574546	True	
3.68515447587	-0.0456202608437	-0.392726993189	521.622949764	10.57662288	True	
3.85025212584	-0.0939550483395	-0.331480616879	532.745435402	10.4708566512	True	
4.04607341204	-0.0825450939924	-0.401723672186	547.506594805	10.3661480847	False	
3.90985370806	-0.033194767858	-0.353494828744	540.294361677	10.3661480847	True	
3.48338793615	-0.0689948456148	-0.345461905635	519.980812737	10.2624866039	True	
3.37085775067	-0.0927544661719	-0.320252179511	528.855762668	10.1598617378	True	
4.24804543874	-0.0462540894063	-0.4152170306	563.900273014	10.0582631205	True	
3.62911545723	-0.0226403826507	-0.340133929828	535.578434297	9.95768048926	True	
3.601350871	-0.0190241213872	-0.38292719913	524.715454869	9.85810368437	True	
3.96724265354	-0.0756538361107	-0.358526852369	533.82077985	9.75952264753	True	
3.54583116885	-0.0606063048026	-0.353648395141	517.950088181	9.66192742105	True	
3.51991791143	-0.0336092926486	-0.341760471221	527.504097171	9.56530814684	True	
3.94140271191	-0.030034303766	-0.346536315348	549.868323501	9.46965506537	True	
3.81452636152	-0.0912179745443	-0.365455650787	526.202340125	9.37495851472	True	
3.61566606089	-0.0150244740665	-0.388406204542	526.176868923	9.28120892957	True	
3.68780831587	-0.0794169332578	-0.35188675332	518.713056144	9.18839684028	True	
3.63323404167	-0.0932749105329	-0.360848064224	523.160023409	9.09651287187	True	
3.7602880989	-0.0785352237314	-0.382533247919	524.472262909	9.00554774315	True	
3.4998093093	-0.0447413732636	-0.388123159394	527.141035721	8.91549226572	True	
3.16381831903	-0.0424753194039	-0.349816435167	554.234435702	8.82633734307	False	
3.49172515021	-0.0884450161479	-0.343646506473	522.196029458	8.82633734307	True	
3.60686864032	-0.0774462964032	-0.284126618206	547.269021545	8.73807396963	True	
3.45576532459	-0.0203539598504	-0.399999355562	537.322801608	8.65069322994	True	
3.24628757176	-0.0868971264491	-0.323871439791	539.147346318	8.56418629764	True	
3.63071790975	-0.0713715356629	-0.357902046462	517.239817148	8.47854443466	True	
3.63100883204	-0.0455969164094	-0.364381663152	518.116131642	8.39375899032	True	
3.58193098947	-0.0993167372682	-0.372492643143	532.337486721	8.30982140041	True	
3.43378422461	-0.132153265014	-0.32657100308	543.258002542	8.22672318641	True	
3.55011113194	-0.0625571604983	-0.320235335628	526.313889895	8.14445595454	True	
3.43599679105	-0.100256843736	-0.30910934928	528.414901684	8.063011395	True	
3.53702980717	-0.0704283706851	-0.352344252703	518.321982162	7.98238128105	True	
3.58479978509	-0.0699604238236	-0.314140378535	528.072953662	7.90255746824	True	
3.851798414	-0.0161796850629	-0.369431707174	536.213056118	7.82353189356	True	
3.5880510714	-0.0522470465249	-0.372432747033	518.334017081	7.74529657462	True	
3.69343973196	-0.0595288082143	-0.341223912675	521.837591939	7.66784360887	True	
3.73496827896	0.00921340062805	-0.414210193142	539.386539344	7.59116517279	True	
3.57243674413	-0.0632432404875	-0.355962262063	517.341670087	7.51525352106	True	
3.66628744377	-0.0922189708728	-0.349520381444	521.058352175	7.44010098585	True	
3.52288027495	-0.06068447139	-0.391219672469	529.785676089	7.36569997599	True	
3.64958560474	-0.0599292492764	-0.352397222572	517.705513757	7.29204297623	True	
3.78568840326	-0.0463351833288	-0.379064157234	520.583605277	7.21912254647	True	
3.68505866456	-0.0198158339231	-0.386348530184	524.148106565	7.146931321	True	
3.68129190368	-0.0435322230659	-0.322820801937	537.247778131	7.07546200779	True	
3.56245403293	-0.0535196328487	-0.377155267423	520.17904341	7.00470738771	True	
3.73011275711	-0.0602518694286	-0.343957330356	522.292050743	6.93466031384	True	
3.5736748362	0.00368180183775	-0.382368144782	535.365186512	6.8653137107	True	
3.44907902765	-0.0771694300459	-0.324195674934	523.586425717	6.79666057359	True	
3.61683005174	-0.107477239898	-0.35422008071	528.377484686	6.72869396786	True	
3.39630757638	-0.0480272677619	-0.358511291956	526.606141244	6.66140702818	True	
3.38978271781	-0.0250972726687	-0.368825223826	532.56396588	6.5947929579	False	
3.50031668591	-0.0938649056319	-0.354028408196	525.694024187	6.5947929579	True	
3.81545063554	-0.0716331847281	-0.34514518915	525.270510522	6.52884502832	True	
3.8810037389	-0.00545378744281	-0.410784860422	536.934539061	6.46355657803	True	
3.42575628457	-0.0677495195119	-0.3301178766	523.942688456	6.39892101225	True	
3.50403976629	-0.0189652372983	-0.379563539458	527.767029038	6.33493180213	False	
3.83928025888	-0.0528034302755	-0.383744736153	522.738608631	6.33493180213	True	
3.64063395843	-0.064422797044	-0.340395424017	519.675311408	6.27158248411	True	
3.48083367649	-0.0858037821257	-0.358709079295	525.234015193	6.20886665927	True	
3.80307940852	-0.0119182034264	-0.38745152291	530.298083637	6.14677799268	True	
3.23223047102	-0.0801524916207	-0.296343380048	543.297301286	6.08531021275	True	
3.51610505901	-0.0937720237719	-0.3475907981	523.37898206	6.02445711062	True	
3.58996087588	-0.0468338323897	-0.325502338287	530.059585533	5.96421253951	True	
3.5801647648	-0.0620862735534	-0.338855116923	519.673013942	5.90457041412	True	
3.6197696947	-0.0590656655831	-0.315317208041	532.084962749	5.84552470998	True	
3.54585116442	-0.0267262007826	-0.370819195936	523.434810434	5.78706946288	True	
3.58822386472	-0.0806564211297	-0.348019652729	518.408623399	5.72919876825	True	
3.74900187063	-0.0360865888363	-0.398741454905	523.683705825	5.67190678057	True	
3.49552268484	-0.0414734495195	-0.375032563523	523.069069154	5.61518771276	True	
3.63353783264	-0.0445403297123	-0.370253145852	518.09632752	5.55903583563	True	
3.64542624894	-0.0536780498904	-0.368491313941	517.189651993	5.50344547728	True	
3.77122129609	-0.105400190639	-0.315905207979	534.191680801	5.4484110225	True	
3.72910334732	-0.0635882353316	-0.348456891953	520.369114677	5.39392691228	True	
3.4660326833	-0.0989142314363	-0.342648460254	526.663527849	5.33998764316	True	
3.51037630725	-0.0538917477202	-0.384007549372	525.432445597	5.28658776673	True	
3.46370498821	-0.0738899681351	-0.372594248843	528.066134265	5.23372188906	True	
3.81957537062	-0.0117945403841	-0.392303631048	530.646089048	5.18138467017	True	
3.66942565311	-0.0689163451857	-0.335959583523	521.247874219	5.12957082347	True	
3.64193797303	-0.0692807910481	-0.364734684269	517.494089197	5.07827511523	True	
3.54415911414	-0.0870483586679	-0.344780483557	520.23274186	5.02749236408	True	
3.59989445183	-0.0827037103781	-0.316786623544	525.061488494	4.97721744044	True	
3.50161230486	-0.0675823297411	-0.330973638196	521.467614536	4.92744526603	True	
3.64861933704	-0.0767342640107	-0.322229975012	524.849548717	4.87817081337	True	
3.59237123963	-0.0498918337738	-0.359311411237	517.941774569	4.82938910524	True	
3.7551719635	-0.00639771733158	-0.402346820383	530.973050727	4.78109521419	True	
3.40123419344	-0.0791519381592	-0.315320064468	527.339480716	4.73328426205	True	
3.80745726381	-0.0570027766446	-0.383703301375	521.569390638	4.68595141942	True	
3.91848944476	-0.0734704726053	-0.345028986769	533.386201793	4.63909190523	True	
3.42635294465	-0.0838781183658	-0.342169506164	524.425515071	4.59270098618	True	
3.58382645151	-0.0630190379092	-0.337293228606	519.974665626	4.54677397632	True	
3.65234825928	-0.0464375246453	-0.354924291134	519.574823406	4.50130623655	False	
3.77030031257	-0.0766182701004	-0.367195980227	520.755756039	4.50130623655	True	
3.73990067903	-0.0313191848161	-0.406373931857	526.644547563	4.45629317419	True	
3.78076866241	-0.0342778601074	-0.384143024414	522.318884301	4.41173024245	True	
3.64697991509	-0.0538323029999	-0.352169056186	518.539654238	4.36761294002	True	
3.60969169492	-0.0771898979485	-0.355950864852	517.996221539	4.32393681062	True	
3.79555047523	-0.0650299903002	-0.391094078158	524.326115006	4.28069744252	True	
3.57002267038	-0.0376501782592	-0.359627034389	520.730859439	4.23789046809	True	
3.61067756452	-0.0907905944972	-0.340494490086	520.305024073	4.19551156341	True	
3.87344001816	-0.0706404533029	-0.352216529666	527.379314636	4.15355644777	True	
3.60060195111	-0.0394274333609	-0.361422612691	519.77187159	4.1120208833	True	
3.560034468	-0.0724596316037	-0.335417669711	519.442579609	4.07090067446	True	
3.67163914264	-0.0571017892345	-0.383226688275	519.584133479	4.03019166772	True	
3.66360427831	-0.093708524639	-0.309197424621	530.15680496	3.98988975104	True	
3.75772311261	-0.0718393658771	-0.36646493941	519.544173398	3.94999085353	True	
3.56765026458	-0.0391065852646	-0.390628012273	524.037734234	3.910490945	True	
3.75457684272	-0.0652986151283	-0.363015259189	518.9719787	3.87138603555	True	
3.48460066988	-0.0577052271059	-0.352570130569	520.113359906	3.83267217519	True	
3.78290461889	-0.0642244331539	-0.372580639119	519.957608382	3.79434545344	True	
3.64697231655	-0.0734964160744	-0.34707959712	517.944699163	3.7564019989	True	
3.64311896956	-0.0556152418662	-0.3877395185	521.339900611	3.71883797892	False	
3.698832519	-0.0502772710517	-0.358978509364	518.95913142	3.71883797892	True	
3.63460879359	-0.0921967932602	-0.302603425984	532.266225368	3.68164959913	True	
3.70511800996	-0.0778951410461	-0.368653662296	519.841455063	3.64483310314	True	
3.72228255441	-0.0450545568032	-0.370865596382	518.984854291	3.6083847721	True	
3.54660592296	-0.0269266588251	-0.38558913232	524.732344641	3.57230092438	True	
3.62870108265	-0.0545473624795	-0.369781112968	517.322638486	3.53657791514	True	
3.53008219963	-0.0987135453831	-0.335288649424	523.231952096	3.50121213599	True	
3.7906241505	-0.0242452070182	-0.379815142524	525.836507786	3.46620001463	True	
3.68549672635	-0.0241642864712	-0.34317267322	535.076102529	3.43153801448	True	
3.76432750883	-0.0970769224466	-0.338270194553	525.972621583	3.39722263434	True	
3.62592997481	-0.0666390996735	-0.378061453973	520.179236502	3.36325040799	True	
3.52415451689	-0.0716121257833	-0.334830179759	519.922629215	3.32961790391	True	
3.5733712695	-0.0500404920087	-0.346804950191	520.003400652	3.29632172487	True	
3.63020013178	-0.0758426396946	-0.379236520659	522.959332441	3.26335850763	True	
3.51678942693	-0.0613505917233	-0.358956873912	519.007712075	3.23072492255	True	
3.50813217815	-0.0645813158836	-0.338141501005	520.127976799	3.19841767332	True	
3.60793388592	-0.0502994070879	-0.374338925032	518.230604073	3.16643349659	False	
3.48754410566	-0.074007087874	-0.367377961607	524.204264969	3.16643349659	True	
3.64574519456	-0.0191214576002	-0.360643360061	528.172741039	3.13476916162	True	
3.49886602379	-0.062691688261	-0.356330187086	519.553236602	3.10342147001	True	
3.6618177056	-0.0273983402442	-0.402133657016	525.974390804	3.07238725531	True	
3.63917818476	-0.086779265439	-0.3688952406	522.858110321	3.04166338276	True	
3.67517748633	-0.0628810741005	-0.371350635816	517.642398269	3.01124674893	True	
3.33925343605	-0.0713459477497	-0.335704763423	528.972394748	2.98113428144	True	
3.67884135985	-0.0714274715933	-0.336424165035	521.138738405	2.95132293862	True	
3.70390060639	-0.0673213680514	-0.372448207621	518.471388361	2.92180970924	True	
3.64602312166	-0.0585602046538	-0.364975345011	516.925483645	2.89259161215	True	
3.68017848781	-0.0342113152483	-0.38339321946	520.383017654	2.86366569602	True	
3.6792219578	-0.0971887269125	-0.338371824177	522.851170593	2.83502903906	True	
3.67769857698	-0.0776552761056	-0.35830545856	518.307003207	2.80667874867	True	
3.59701857838	-0.0399120578469	-0.367425241108	519.178844862	2.77861196119	True	
3.86119659579	-0.0753469111806	-0.352109747683	526.453061081	2.75082584157	True	
3.57803467222	-0.0482109092435	-0.345695045978	520.750351688	2.72331758316	True	
3.67942233372	-0.0590587604766	-0.383031089035	519.70189867	2.69608440733	True	
3.52332573698	-0.0691656647066	-0.36342544641	520.105322128	2.66912356325	True	
3.67405986215	-0.0471268234079	-0.378929105215	518.406609385	2.64243232762	True	
3.68600190661	-0.069366250675	-0.352878012478	517.887256531	2.61600800435	True	
3.52203691095	-0.0702802527071	-0.345439239058	518.736354651	2.5898479243	False	
3.59775670481	-0.0705319113795	-0.333085923126	520.345000043	2.5898479243	True	
3.51517899418	-0.0560485513597	-0.378399751137	523.117047236	2.56394944506	True	
3.67519204493	-0.0764272807286	-0.358223104635	518.083182622	2.53830995061	True	
3.49325413512	-0.0587225264693	-0.349484173045	519.774763067	2.5129268511	True	
3.57242091707	-0.0534914941094	-0.362822204164	517.761555079	2.48779758259	True	
3.58496103199	-0.0489046441548	-0.353513025214	518.854105603	2.46291960677	True	
3.66580024153	-0.0518960815957	-0.357750716644	518.159020408	2.4382904107	True	
3.52622281687	-0.0719283014326	-0.362634251546	520.26475554	2.41390750659	True	
3.59863958925	-0.0513409570234	-0.371506907505	517.99398638	2.38976843152	True	
3.64871207877	-0.0686961833738	-0.343329636753	518.684282225	2.36587074721	True	
3.66396626045	-0.0485527661182	-0.365302528407	517.789192665	2.34221203974	False	
3.59973643402	-0.057968569681	-0.350709184862	517.815889187	2.34221203974	True	
3.6111175206	-0.0738142571566	-0.353098722879	517.435332488	2.31878991934	True	
3.79901421678	-0.056811264725	-0.381332147933	520.921794581	2.29560202015	True	
3.71633184454	-0.0479561775592	-0.357965451318	520.179561221	2.27264599995	True	
3.70729275405	-0.0572662089619	-0.347577174	520.709786036	2.24991953995	True	
3.53043335569	-0.042493648834	-0.358889810125	520.377441876	2.22742034455	True	
3.62774139984	-0.0619856728043	-0.375541194279	518.673669735	2.2051461411	True	
3.54286703967	-0.0491731118066	-0.341688127925	521.719600978	2.18309467969	True	
3.6278088761	-0.0662450365303	-0.361068860122	516.981973749	2.16126373289	True	
3.63534815383	-0.0523579130501	-0.380637497072	518.996245744	2.13965109556	True	
3.62848611784	-0.0545761804902	-0.360393696861	517.188581675	2.11825458461	True	
3.76935074012	-0.0475540229645	-0.386563854002	520.714597192	2.09707203876	True	
3.57354391566	-0.0772165188148	-0.328421566466	520.96105672	2.07610131837	True	
3.45464443604	-0.0557320550125	-0.328988673382	525.35585356	2.05534030519	True	
3.56491467705	-0.0689865465251	-0.335393495039	519.676762091	2.03478690214	True	
3.62668144026	-0.0856103921564	-0.354620047446	519.525073704	2.01443903312	True	
3.69146924433	-0.0640398808392	-0.367563241716	517.464605858	1.99429464279	True	
3.71075098734	-0.0429763410542	-0.381812005212	519.273956258	1.97435169636	True	
3.76914906783	-0.0429770839609	-0.378934992916	520.407161513	1.95460817939	True	
3.61214824682	-0.0787114754059	-0.352840162212	518.043752484	1.9350620976	True	
3.62485690788	-0.0618204491232	-0.354576239654	517.086854768	1.91571147662	True	
3.67545892174	-0.056553523615	-0.338095144562	523.066005055	1.89655436186	True	
3.56381940704	-0.0542007490903	-0.364734426979	518.018253423	1.87758881824	True	
3.65186346768	-0.0616105872097	-0.372765105674	517.784290973	1.85881293006	True	
