Parameter 1	Parameter 2	Parameter 3	Parameter 4	Potential	Temperature	Equilibruim
2.24434806973	-2.05570599221	-0.409734406664	1.6639324592	1442.14081283	2030.5119599	False	
0.171987950042	5.98259345158	-0.0750207900468	2.49273605969	3720.43479941	2030.5119599	True	
1.52361925462	2.50944441933	0.734027553846	2.37668204214	7961.99776221	1928.9863619	True	
-4.58995412141	2.77065116305	2.73516197164	2.36166452175	6026.75804718	1832.53704381	True	
7.3535209959	-2.09269069037	-0.774115254724	1.851897778	4585.02873879	1740.91019162	True	
1.10654273982	7.19239066544	-0.163963689667	2.7377021585	2723.90976362	1653.86468203	True	
5.55050940686	-5.63088132113	-0.671334604803	2.41036678059	5075.1060209	1571.17144793	True	
3.54239275888	6.4044679193	0.156529731352	2.6108647135	6243.44702207	1492.61287554	True	
8.3588808001	-5.62021352325	0.978557788965	2.3150808585	7146.23842815	1417.98223176	True	
3.36831478586	2.79797192161	-0.358379311365	1.57665535778	2012.35595313	1347.08312017	True	
0.843949563137	0.0456117524934	0.619400590378	1.74768003241	4891.95562349	1279.72896416	True	
1.57083846427	-2.42519960989	-0.342216040909	1.65625709044	2404.87845881	1215.74251595	True	
4.22699588151	4.72379902614	-0.541093061818	1.64418596604	2220.13564342	1154.95539016	True	
2.53545935037	7.84512209776	-0.381922548752	1.68805889051	1765.06327237	1097.20762065	True	
2.23512533264	7.94959998737	-0.209833126049	2.72790307257	2361.36963934	1042.34723962	True	
1.76230916685	6.18771695809	-0.292142560583	1.42170185908	2059.48514811	990.229877636	True	
2.52503973601	-4.13159047892	-0.575149834735	2.50371988421	1950.20809364	980.327578859	False	
1.63932945133	-0.410806007004	-0.347136625831	1.81396676403	1656.5025196	980.327578859	True	
0.342555184604	-1.9038714896	1.75255974687	2.07646915346	7536.73070511	970.524303071	True	
4.33404438194	-2.29577628542	-0.480391025688	2.13240400334	1759.29829239	960.81906004	True	
4.61679917287	-0.0861973378677	-0.558386213392	2.55165125177	2375.28740772	951.21086944	True	
1.75299987003	3.39256039283	-0.127534645001	2.61364255325	2606.52686089	941.698760745	True	
3.81539432581	4.46204559575	-0.602112587943	2.86033143905	2043.55779133	932.281773138	True	
3.69222038877	-2.94094446121	-0.254193981298	2.11889421855	2036.95020481	922.958955407	True	
1.70834053963	-2.76421047	-0.209549666727	2.7346200733	1646.36125336	913.729365852	True	
2.15198356091	-2.6601360653	-0.0828502540846	1.88392416749	2028.83760416	904.592072194	True	
3.40987656613	-5.8899206847	0.48343629206	2.83125517704	4931.3222539	895.546151472	True	
1.94308588653	-1.69237065309	-0.230751718995	2.04758543959	1456.45296968	886.590689957	False	
2.47590232061	0.0485268962782	-0.595827106585	1.77161466325	1825.73382392	886.590689957	True	
4.05123415583	1.02920586524	-0.428920206308	2.64745984987	2315.64331888	877.724783058	True	
3.33432196229	-2.85875736331	-0.49323740982	2.47029546502	1145.32060692	868.947535227	True	
2.79899949924	-2.93113632881	2.90471178883	1.40240856671	5193.5146261	860.258059875	True	
3.38145422382	2.15438438871	-0.172822480922	2.65017855637	3314.92760306	851.655479276	True	
5.46235528315	6.79613487355	-0.579162239914	1.92649228901	3163.63728055	843.138924483	True	
2.08086440692	6.38731081811	-0.506609869394	1.41777538483	2022.40584903	834.707535239	True	
3.73145721446	7.95032298013	-0.398753661489	2.84679894692	2310.67555947	826.360459886	True	
1.88525740449	-3.38985545634	-0.0884416250193	2.5710874953	1874.97308078	818.096855287	True	
2.34031428576	-4.00301907898	-0.0812059292244	1.86364952401	2917.4631165	809.915886734	True	
2.39727453705	-0.52953712884	-0.483396579955	1.30477109705	1269.09229088	801.816727867	True	
2.57344580455	6.21658227686	-0.106422474891	1.64836577189	3084.81674426	793.798560588	True	
3.10775195385	3.30430308572	-0.461432400696	1.63977780344	1598.57120674	785.860574983	False	
3.27031834454	6.21945735444	-0.309145753146	2.64456377509	2401.46632053	785.860574983	True	
1.99760250695	-2.2069915717	0.49860051286	1.20174734368	3950.45705403	778.001969233	True	
3.22701026468	-3.08569011412	-0.581342506051	2.50194817698	1320.45127667	770.22194954	True	
3.56570718277	8.7937402882	-0.406355793284	2.31414593234	2146.15828464	762.519730045	True	
5.00677799655	0.191442340139	-0.695651149371	2.42382665091	2992.72020389	754.894532744	True	
7.70083173268	1.71814098328	-0.475575484236	2.83604284641	4277.80542464	747.345587417	True	
3.76180565684	0.148806965705	-0.299006903656	2.38822351373	2605.23515054	739.872131543	True	
3.39839906914	1.41490690344	-0.544586177963	1.53322837256	1516.40796644	732.473410227	False	
3.546129331	2.59978653676	-0.513493904401	2.93313089647	1825.6735529	732.473410227	True	
2.74217376255	8.04483681519	-0.481569895808	2.32469549933	1666.07056376	725.148676125	True	
3.06835487694	-0.176766612035	-0.217113995214	2.63470457466	2521.32829992	717.897189364	True	
0.857922115602	3.91300568222	0.103362611112	2.62797235735	3539.4643619	710.71821747	True	
2.20119182571	-3.5886064628	-0.305876211878	2.17065323783	1651.46896523	703.611035296	True	
3.18857325716	9.24921993649	-0.318969832511	2.67901172666	2289.98711286	696.574924943	True	
1.77525655878	-1.10588896803	-0.194338423014	1.5037448551	1595.93223602	689.609175693	True	
2.42776168407	-0.877956767499	-0.0558140372411	1.6683535204	2211.21460672	682.713083936	True	
4.07475834353	9.7089575523	-0.440051307021	2.04823412057	2414.5706798	675.885953097	True	
1.43921065967	-4.01392562734	0.0615585125366	2.59828496122	2523.40050972	669.127093566	True	
3.30491258816	-0.395541132177	-0.748313956319	1.65646073477	2761.04817465	662.43582263	True	
3.34393865018	7.51266951278	-0.623993741183	2.7601619675	1980.39535675	655.811464404	True	
0.977817620237	-2.42756642829	-0.0321508882829	2.10637995355	2409.78556958	649.25334976	True	
2.77329152978	1.57362005976	-0.3049588407	1.72674316686	1801.7550332	642.760816262	True	
3.47511615604	0.513728880711	-0.609740668322	2.81589307042	1833.18374843	636.3332081	True	
5.00681648072	-1.70801067985	-0.615086956157	2.43774454222	2491.37561914	629.969876019	True	
4.36635123832	0.956630711354	-0.470883665558	1.38436548648	2080.12894546	623.670177259	True	
0.374678944896	-0.973585252303	0.171547873859	2.51067283156	3208.03045392	617.433475486	True	
3.60389448834	8.7445915831	-0.384646281618	1.20036318546	2224.52761142	611.259140731	True	
2.08908872196	9.53366735999	-0.514201004547	2.5348166749	2070.79375907	605.146549324	True	
2.66278986049	3.16006899586	-0.374410039436	2.48852583444	1762.34414641	599.095083831	True	
1.13514379836	0.331396724332	0.0200578529489	1.28747540819	2282.2233197	593.104132992	True	
3.38887105954	-2.63279381177	-0.654795624465	2.74586783201	1795.66539024	587.173091662	True	
2.16633619518	0.116756994901	-0.0931969535904	2.31812856564	2555.05196766	581.301360746	True	
2.68456453752	4.77421996397	-0.341270517821	2.66799704549	1917.58806828	575.488347138	True	
2.4260467713	0.340406786948	-0.376195729834	1.24642265965	1118.49201918	569.733463667	True	
2.9153086738	9.68694126164	-0.643148292526	2.01375604335	2166.64967126	564.03612903	False	
-1.93227427524	0.199112586539	1.23907224834	1.53411588176	5161.41811275	564.03612903	True	
2.27837313559	2.95513726351	-0.381197517681	1.00432803074	1464.55435343	558.39576774	True	
1.52398593609	-1.65027395648	-0.473898777487	1.77656258298	2398.57448001	552.811810062	True	
4.2787085268	6.48937212435	-0.63755620842	2.44140675687	2409.70580215	547.283691962	True	
7.8716253206	-4.37023368281	-0.597237170053	2.24407855101	4231.46948525	541.810855042	True	
1.74909780449	-3.88768845333	-0.0917789207444	2.35774462358	2158.63573916	536.392746492	True	
2.18561457385	-5.09795278969	-0.521999971044	2.74198471374	2389.77667255	531.028819027	True	
2.81762012141	-1.94523901905	-0.218259705602	1.93566107892	1587.81135556	525.718530837	True	
3.66670785445	-4.11639004478	-0.440338946094	2.57113142731	1417.07202062	520.461345528	True	
1.78467227527	-2.26891453518	-0.0453949007222	1.53683138446	2386.74888069	515.256732073	True	
3.39388577246	4.11241249455	-0.511805714392	2.15403436067	1745.95353001	510.104164752	True	
2.63653106474	-0.243553242096	-0.362283208183	1.35934647384	1092.57116402	505.003123105	True	
3.55684771994	6.07167324617	-0.297507280332	2.22449037398	2702.1082076	499.953091874	True	
2.72412913993	-3.27572010944	-0.682736440401	2.73371131018	2321.41153538	494.953560955	True	
4.05813920485	-1.43481685103	-0.226900533869	1.2710260819	2491.24972497	490.004025345	True	
2.86582714906	-0.83723623038	-0.547193553274	2.86415062131	1546.03976377	485.103985092	False	
3.20610387654	-3.98404025227	-0.217410830189	2.60881510929	1837.73848753	485.103985092	True	
1.03236560863	-1.24505044047	0.0764705560091	2.31705617975	2684.00145552	480.252945241	True	
2.61986091761	-3.54719363833	-0.382459767558	2.75118874542	1085.24973125	475.450415789	True	
3.85710263167	9.70291505087	-0.715029560701	1.35752082089	2684.49005954	470.695911631	True	
3.87128622382	-4.87778750946	-0.417283310821	2.61802044516	1848.05067708	465.988952514	True	
3.65912826511	-0.771274720892	-0.527738140161	2.11878309555	1494.75423091	461.329062989	True	
4.38655090885	0.0429055101544	-0.516811332685	1.90828910005	2071.52926613	456.715772359	True	
1.36828267206	-2.06279485623	0.0673629558253	1.6976386174	2577.5349975	452.148614636	True	
2.73177906183	-3.2031392443	-0.364067713113	2.40784062349	1122.12549404	447.627128489	True	
1.64428004836	-1.43384326548	-0.00909257098982	2.07593354795	2228.17382751	443.150857205	True	
3.15345444342	-0.666930402394	-0.573158573689	2.79511091531	1602.38243783	438.719348632	True	
2.77052977042	-3.4177246813	-0.308864350823	1.99239379872	1642.05613787	434.332155146	True	
1.98509406177	-0.264531452397	-0.283451687155	1.28876962675	1315.21673364	429.988833595	False	
2.92465318699	-0.0949170878242	-0.44889256646	1.3091068548	1046.98112062	429.988833595	True	
2.98945557949	-0.285483514542	-0.520690230876	2.21679062048	1392.78624583	425.688945259	True	
2.94442714505	-4.89990144044	-0.385683371749	2.86075151582	1270.43239901	421.432055806	True	
2.60920603699	-1.29587650184	-0.0912903398411	1.16993635469	2103.36569592	417.217735248	True	
3.50760559303	0.926269409279	-0.474928394486	2.27204230452	1709.1442833	413.045557896	True	
2.26106640773	-3.81585891036	-0.15553680043	1.9123497259	2518.32464362	408.915102317	True	
3.0678539871	0.448487808646	-0.372993515143	2.20964170797	1690.52182926	404.825951293	True	
2.59656516566	0.919696086525	-0.327879084347	2.67755867513	1807.11810925	400.777691781	True	
3.44913185892	-3.27906151146	-0.466033372496	2.95667820819	1303.87748723	396.769914863	True	
2.33458192892	-2.45059394041	-0.355589829238	2.55279747966	1212.7850645	392.802215714	True	
2.84059964726	0.845222681648	-0.377376586476	2.9616950752	1747.10831072	388.874193557	True	
2.66260979393	-0.579673236856	-0.299472324344	2.35345722293	1672.27885568	384.985451621	True	
2.80810069153	-4.10034247814	-0.468216464297	2.11961638232	2050.72121557	381.135597105	False	
2.45272737825	5.01648325572	-0.38849654413	2.83786582674	1763.64216217	381.135597105	True	
1.81718671561	-0.604798936757	-0.004405909323	1.46451609218	2150.17530963	377.324241134	True	
1.98139581207	4.22177227202	-0.37435627373	1.88620361305	1854.2903592	373.550998723	True	
3.20603462097	-1.15170416662	-0.419794496689	1.39410464323	1164.24713537	369.815488736	True	
3.01537230927	6.09063284049	-0.653230567067	1.08354458659	2181.56036345	366.117333848	True	
2.90818031571	-0.409818929941	-0.417321344173	2.02346027586	1302.60483479	362.45616051	True	
1.97094605037	-2.04658295797	-0.198521913537	2.26168070518	1548.74311957	358.831598905	True	
2.22826959898	5.72244450784	-0.265777722509	1.81422266657	2079.07619984	355.243282916	True	
3.31157958164	-1.48265568678	-0.509369695318	1.78742640613	1142.90764945	351.690850086	True	
3.62801632509	-1.17414751714	-0.634321827979	2.05555023672	1685.25684788	348.173941586	True	
2.86931432525	0.523779229022	-0.386827946554	1.91353630594	1475.4946818	344.69220217	True	
3.05777548377	-0.414006278753	-0.594634872024	1.41379139668	1409.26679916	341.245280148	True	
3.32568370821	-3.18868660508	-0.395659432589	2.50406117629	1234.8962343	337.832827347	True	
3.15006068212	-3.55996174471	-0.284274027773	2.68787407117	1511.8778406	334.454499073	True	
3.8936595965	-3.93201696826	-0.241554820685	2.5399707204	2283.3757468	331.109954082	True	
2.98034763338	-0.424502720153	-0.453024408755	1.29017334095	1045.1064834	327.798854542	True	
2.34034133054	2.27252915151	-0.501661474943	1.88922257622	1683.20635637	324.520865996	True	
3.237923731	-0.646330377245	-0.515623048085	2.55268240799	1477.44802006	321.275657336	True	
2.98669452747	5.00672932291	-0.491559544368	1.89479002021	1642.2246286	318.062900763	True	
3.77394492304	3.51531337211	-0.452287574447	2.46196750824	2093.99971488	314.882271755	True	
1.53109725495	2.52441536224	-0.41628272462	1.98043996918	2263.06466178	311.733449038	True	
3.26613273518	0.461130653262	-0.521487096428	1.59671885759	1332.98538636	308.616114547	True	
3.06846342249	0.493358919357	-0.606579322698	1.31188641924	1517.37443697	305.529953402	True	
2.41121458167	0.323725258074	-0.39673394717	2.32885409229	1519.94233846	302.474653868	True	
3.06214258855	-2.2593937165	-0.553165670219	2.71911985076	1346.63435466	299.449907329	True	
2.77011542867	1.84725463525	-0.513805937748	2.90438039686	1631.99718853	296.455408256	True	
3.3662746195	-3.4457700019	-0.347324487782	2.78209279638	1446.93227241	293.490854173	True	
2.90739358819	-1.21371269619	-0.461958752658	1.58122294282	1061.10235017	290.555945631	True	
3.85254449793	1.06823112313	-0.440177203205	2.0616606083	2011.43221233	287.650386175	False	
2.9747961097	-2.54920550573	-0.324992477739	1.77983076425	1428.42792188	287.650386175	True	
3.64158402931	-2.24644885265	-0.515885466182	1.92906534752	1297.31058732	284.773882313	True	
1.90958176995	-0.650308165933	-0.446016462708	1.5207904769	1555.0792595	281.92614349	True	
2.12350313178	2.98600498788	-0.443846550134	2.01161369052	1759.19436684	279.106882055	True	
2.06482605977	5.62218334744	-0.415755684951	2.46645931195	1869.08554265	276.315813235	True	
3.25808663776	1.49635807961	-0.365417517716	2.90694478931	2030.04678206	273.552655102	True	
3.90362219553	5.12174009009	-0.593218192533	2.57280226172	2072.25645854	270.817128551	True	
2.69719025482	1.20163332964	-0.296010971635	2.28728445262	1919.8778156	268.108957266	True	
1.59145298454	0.31235717587	-0.314424207997	2.12591788126	1897.28943305	265.427867693	True	
2.62041420416	2.96825317617	-0.556448426972	1.700463838	1719.47351354	262.773589016	True	
3.19771820498	-2.35871286409	-0.291340275457	1.75926538362	1562.97405847	260.145853126	True	
3.10289721327	-4.08412972811	-0.410240440213	2.65608081047	1166.05678054	257.544394595	True	
2.2094901942	0.967197556577	-0.373859529583	1.67007480361	1465.32645493	254.968950649	False	
2.22166376962	2.01344281078	-0.433618440823	1.57014748918	1562.45045435	254.968950649	True	
3.05829116016	-1.47506668526	-0.535072443618	1.46497104577	1311.85680192	252.419261142	True	
2.7808673933	-3.21182829963	-0.392560735933	2.20887983908	1188.58628457	249.895068531	True	
2.63672348017	-3.82643790906	-0.364449907378	2.90747376436	1112.78125882	247.396117846	True	
2.85365339852	-0.22206136527	-0.381348499479	1.84964977005	1309.48350843	244.922156667	True	
3.32351708194	2.05084413932	-0.415155279555	1.12850938159	1524.8980093	242.472935101	True	
3.37069275922	-1.29310591142	-0.395102415064	1.23843998065	1399.33022307	240.04820575	True	
4.30955399585	-1.54483961138	-0.421446535807	1.65449044027	1856.08257246	237.647723692	True	
2.92196060153	-1.00788666191	-0.388075681119	1.36866249464	1116.69637934	235.271246455	True	
3.00208865555	1.46047334016	-0.529517085985	1.04565252219	1266.11165775	232.918533991	True	
0.70108788701	0.846562646697	-0.0932410408685	2.30744152648	2869.32828199	230.589348651	True	
3.46393714426	-2.3772624686	-0.476859452189	2.54372599797	1290.99569389	228.283455164	True	
2.45034447426	-2.6141935984	-0.277518803107	2.1597402698	1285.57404978	226.000620613	True	
2.32517604684	-0.850986777642	-0.47466378559	1.31422902755	1365.33268457	223.740614406	True	
2.44523642841	0.565808313265	-0.471944410765	1.10495047487	1179.18777364	221.503208262	True	
2.74109298526	-2.71272093974	-0.331288399459	2.0062940049	1257.68013264	219.28817618	True	
3.09971941004	-3.35493156188	-0.397421025571	2.62518227715	1137.68752903	217.095294418	True	
3.27919890572	-1.81468284851	-0.541767737458	2.23307214166	1239.09164418	214.924341474	False	
2.40248331948	3.80155900935	-0.517745507553	2.39880234238	1799.42823913	214.924341474	True	
1.96232320089	8.47292635026	-0.4268346788	1.27862331637	1934.52523165	212.775098059	True	
2.70942371971	0.264058256263	-0.602154021832	1.88329042445	1745.82664983	210.647347078	True	
2.90218048907	-1.40103391911	-0.216192619274	1.57073107007	1619.95008229	208.540873608	True	
3.29823849831	0.0147781527625	-0.444857575806	1.63800806212	1301.34205315	206.455464872	True	
2.92788257522	4.9964780448	-0.345720000944	1.07014483026	1820.85841746	204.390910223	True	
2.45329000735	-2.01578332798	-0.221378670932	1.60819950156	1569.67952184	202.347001121	True	
2.16078147508	0.42769724914	-0.221224759606	1.0331477049	1348.95666578	200.323531109	True	
3.00051890567	-4.04794392678	-0.436246506101	2.90185352918	1063.36336989	198.320295798	True	
2.81237150549	-1.86398574347	-0.39062531551	2.7558230789	1377.24951387	196.33709284	True	
2.0016663134	2.62821069895	-0.489027535821	2.60751665908	2010.8039069	194.373721912	True	
2.28600830003	-3.0127535531	-0.327613140433	2.05741299642	1409.76704618	192.429984693	True	
2.72450641126	0.642021237491	-0.492916735497	1.45514956541	1243.11186392	190.505684846	True	
2.71388436928	0.0487875722493	-0.495895317904	1.16367990711	1122.11906669	188.600627997	True	
2.13219158968	0.945610351464	-0.403235903562	1.26707244805	1330.57925113	186.714621717	True	
2.52359057036	-0.516982869297	-0.379314035802	1.90369302472	1237.19535634	184.8474755	True	
1.95369756483	-0.380525331652	-0.267510891331	1.13165646961	1397.64990687	182.999000745	False	
2.3915458523	-3.69254966216	-0.401713433746	2.93539561017	1133.32910919	182.999000745	True	
2.02050145984	-2.64306574462	-0.399323165045	2.58365509557	1347.54273938	181.169010738	True	
3.7396560831	8.72788940147	-0.650167154985	2.9598622741	2190.69757265	179.35732063	True	
2.62014168296	7.31718599975	-0.546874853148	2.47665124625	1806.06915378	177.563747424	True	
2.45773334108	2.43323834983	-0.545961331544	2.28500409758	1805.17522415	175.78810995	True	
2.72717169318	6.88913233947	-0.470813886747	2.86786513247	1667.7909549	174.03022885	True	
3.33206537693	6.24703723821	-0.557749668351	2.29108610514	1778.72208196	172.289926562	True	
3.00668429865	3.30077851741	-0.563997047251	1.18157444567	1597.88491486	170.567027296	True	
3.46411832299	4.29300621512	-0.492840154897	1.27788616933	1709.22506829	168.861357023	True	
1.95125202871	0.271095794664	-0.452897618342	1.08090618696	1534.10070133	167.172743453	True	
1.94332572976	0.821686489924	-0.375647297028	1.10277462033	1350.59063637	165.501016019	True	
2.93625798494	0.217459224671	-0.36378969536	1.17712889808	1134.90818909	163.846005858	True	
2.56741365378	-2.21333165396	-0.276296097125	1.8857100081	1319.62533751	162.2075458	True	
2.66603493285	-1.41016113874	-0.394378846807	1.77028160935	1063.54292864	160.585470342	True	
2.61799279235	-1.37754327647	-0.435046871108	2.23040435323	1178.75109915	158.979615638	True	
2.13026209286	-0.579042798865	-0.477327622672	1.64483824192	1434.47431942	157.389819482	True	
2.09434868078	-0.13151834965	-0.319164231598	1.20066324851	1233.26799697	155.815921287	True	
3.10921398288	0.427239309773	-0.26791932824	1.0584309041	1504.60299927	154.257762074	True	
2.1586660162	-0.729257694556	-0.433786222626	1.41422201461	1306.13316385	152.715184454	True	
3.04134447528	0.748591378868	-0.346559286805	1.02077723881	1223.35927491	151.188032609	True	
2.89725749721	-0.938607206753	-0.473364658848	1.25248837567	1171.26250019	149.676152283	True	
3.03541669187	-0.363029861064	-0.427639828341	1.34559317012	1062.42958569	148.17939076	True	
3.09121607984	-0.356374396773	-0.410341333411	1.35840684155	1098.86027324	146.697596853	True	
2.92720062369	-3.42392757625	-0.455048212468	2.91308125831	1100.8210744	145.230620884	True	
2.79463604984	-0.665581692544	-0.52716545333	2.01721569196	1303.08407902	143.778314675	True	
2.69279595997	-1.43360207319	-0.551337622303	1.83656674609	1323.44313731	142.340531528	True	
2.7333133579	-1.38766448517	-0.472582974154	2.17238547956	1159.20953774	140.917126213	False	
2.12371470579	-2.02920612434	-0.347369643312	2.11137928191	1234.01969616	140.917126213	True	
2.64795952365	-3.81072249828	-0.488475466585	2.75461393243	1145.40006226	139.507954951	True	
2.64032695933	-0.746656410076	-0.561329616567	1.95683627303	1459.85571721	138.112875401	True	
2.33543413481	0.497133567377	-0.303709379617	1.07700776685	1175.61712199	136.731746647	True	
3.20182340717	-3.72438214808	-0.30065817604	2.06910968658	1821.73775861	135.364429181	True	
1.85736421161	0.413493207959	-0.337058092798	1.19040639755	1373.04956899	134.010784889	True	
3.7972008933	3.09167322556	-0.576338377546	1.66708439177	1877.30506251	132.67067704	True	
2.04576515541	4.23871200191	-0.333742893629	1.32298934694	1780.85303708	131.34397027	True	
3.20040893731	0.582567137694	-0.396892848354	1.3736771385	1330.96599573	130.030530567	True	
3.28647330437	-1.29156661566	-0.529021524132	1.47036089368	1232.45478535	128.730225262	True	
3.16078460995	0.56478511863	-0.473380309634	1.17959176344	1126.64677632	127.442923009	True	
3.86508513024	2.61953646803	-0.498167569576	1.23129091385	1825.14495602	126.168493779	True	
2.74746104537	-0.357663864466	-0.337097808205	1.30866513136	1136.10541529	124.906808841	True	
2.49283690366	-1.8437654938	-0.373705300185	1.96385369206	1100.19924229	123.657740753	True	
2.34655167963	0.476795375312	-0.365398020134	1.36003840011	1207.42439621	122.421163345	True	
2.4673898192	-1.56512827768	-0.357929038687	2.06207298001	1152.93764523	121.196951712	True	
2.14070957151	-1.09768688705	-0.431171790162	1.9039366895	1305.45642369	119.984982195	False	
2.27119295729	0.285602273263	-0.393622577416	1.24612565779	1160.49794445	119.984982195	True	
2.72409301597	-1.92860903469	-0.496300160462	1.85423773418	1161.84442701	118.785132373	True	
2.30699669396	-2.03443001124	-0.276942129235	2.35819983956	1356.57982112	117.597281049	True	
3.6323329352	-3.52625651701	-0.473858123358	2.8337804126	1307.43052978	116.421308238	True	
2.36096502477	-2.38967068186	-0.329338248428	2.57675748297	1266.86782093	115.257095156	True	
3.2300738943	-3.67365888869	-0.535956238559	2.7519297718	1173.24146426	114.104524204	True	
3.31772973196	-1.93332300414	-0.480944260213	2.15543495652	1155.39975169	112.963478962	True	
1.99524878408	0.795014936004	-0.446219819383	1.17457754276	1472.92158766	111.833844173	True	
2.317819658	-0.415193144415	-0.38205026753	1.48689354183	1139.69669446	110.715505731	True	
3.31580261042	-0.46592343992	-0.453189772187	1.68016623668	1224.08657713	109.608350674	True	
2.48194502067	-1.55850393258	-0.279810669746	1.68458819616	1272.84090345	108.512267167	True	
3.17745566761	0.342057140621	-0.425302024071	1.36465131844	1208.95548133	107.427144495	True	
2.58861110505	-1.3379284651	-0.426744121014	1.88593618848	1078.10254121	106.35287305	True	
2.8427836316	0.397979498975	-0.474327202873	1.23346255194	1088.27628368	105.28934432	True	
2.91878262119	-1.09296984124	-0.484546051589	1.69896335677	1071.37986711	104.236450877	True	
3.74005782631	-0.807030446994	-0.460178121486	2.10084002705	1594.67921735	103.194086368	True	
3.35326098217	0.0888708012678	-0.573741276915	1.3880832902	1336.88802358	102.162145504	True	
2.58977084925	0.672466984663	-0.514321334739	1.31210968838	1291.27215998	101.140524049	True	
2.69833588271	-0.169008483869	-0.322643536446	1.01096144018	1158.5444091	100.129118809	True	
2.66450439737	0.347090923221	-0.466748479922	1.15305431888	1081.39778884	99.1278276206	True	
2.32915916345	0.92373416272	-0.276325997046	1.16165508469	1341.45005324	98.1365493444	True	
2.61989650655	-0.388159076681	-0.367934734298	1.05431160825	1131.96306971	97.1551838509	False	
3.40944761808	-0.685253289584	-0.480600471299	1.32977394323	1161.38426939	97.1551838509	True	
2.837165487	-0.0451480975563	-0.475072801208	1.18037174268	1057.54700838	96.1836320124	True	
2.77234787101	0.452849677909	-0.41086507662	1.08575597657	1037.03454039	95.2217956923	True	
3.08208727973	0.127544823673	-0.483750527129	1.20513599226	1075.9511378	94.2695777354	True	
2.22565447857	0.293979306333	-0.439914183176	1.079070619	1234.74531122	93.326881958	True	
2.7057574664	-0.234916301376	-0.411808157999	1.36764029932	1048.98145908	92.3936131384	True	
2.79887032281	0.191982917099	-0.421863297306	1.11566732298	1025.9508905	91.4696770071	True	
2.56533636247	-1.18733434688	-0.261532058269	1.5581814561	1320.93782871	90.554980237	True	
2.89217622392	-0.621668584909	-0.544046539166	1.54818081167	1219.49281925	89.6494304346	True	
2.6009088341	-2.78105710961	-0.271936466544	2.28068099803	1313.8722434	88.7529361303	True	
3.40844749419	-3.26785773425	-0.501718153242	2.66059754183	1176.56753134	87.865406769	True	
2.67523817119	-1.5784993365	-0.400738284853	2.03978443672	1089.37852231	86.9867527013	False	
3.1347500812	-3.57208901261	-0.480856945992	2.5104177884	1120.23041035	86.9867527013	True	
2.89322820653	-0.589229878757	-0.364658637629	1.35652175754	1112.53432938	86.1168851743	True	
3.05435346962	-0.609318189975	-0.456661470982	1.39326944903	1055.89203513	85.2557163225	True	
2.51825190886	-0.10165258652	-0.385661881144	1.3517311438	1083.87864379	84.4031591593	True	
2.56814637911	0.46032001345	-0.315125445439	1.10868203503	1163.91684855	83.5591275677	True	
2.67634917815	-0.281657499354	-0.38315883719	1.21276193334	1055.76090018	82.723536292	True	
2.96205257082	-2.23856430998	-0.501431789951	2.16619121884	1094.87370979	81.8963009291	True	
2.62517157104	-0.166175533449	-0.44813200159	1.69624788674	1173.64274143	81.0773379198	True	
2.97109964059	-3.25831509055	-0.509937035186	2.56926032906	1111.60668673	80.2665645406	True	
2.60591706913	-3.25464277116	-0.41687192789	2.85322115011	1112.94291138	79.4638988952	True	
2.71599267847	-1.98765275035	-0.476180126181	2.06879737034	1087.85801761	78.6692599063	True	
3.13329989964	-1.93094350506	-0.458042212968	2.98862894091	1435.97352216	77.8825673072	True	
2.98746923409	-4.47421964708	-0.490782935986	2.91630157639	1119.80491194	77.1037416341	True	
3.11176159077	-4.06804990791	-0.388357646511	2.91548764028	1158.60712098	76.3327042178	True	
2.71069801538	-3.93620618459	-0.464056700139	2.74747128142	1098.77766973	75.5693771756	True	
3.06178924099	-4.34654653544	-0.447979809332	2.89275440443	1086.12652934	74.8136834039	True	
3.22113723316	-3.63355279748	-0.453638203647	2.6489759218	1108.44939	74.0655465698	True	
2.85098089672	-2.8816554146	-0.379528327034	2.4670666931	1107.13704596	73.3248911041	True	
2.6183170717	-1.36895626353	-0.435665979712	1.69220654156	1073.6329078	72.5916421931	True	
3.04065467969	0.608955109833	-0.320109975573	1.02515826351	1281.94582007	71.8657257711	True	
2.94276629858	0.80672394584	-0.469954554236	1.20405240026	1135.25542904	71.1470685134	True	
2.94051599715	0.0431283282587	-0.47923781925	1.0234434132	1070.20228619	70.4355978283	True	
2.78192631091	-1.15518495081	-0.381976014254	1.3843199254	1135.66727139	69.73124185	True	
2.9843873925	-0.141062144709	-0.382432435619	1.12866462059	1089.83901238	69.0339294315	True	
2.9102166724	0.652578869732	-0.501469557119	1.1901536632	1141.49316447	68.3435901372	True	
2.91362913263	0.516901815232	-0.37615642261	1.07721746268	1102.41203557	67.6601542358	False	
3.1693683614	0.297578168326	-0.429407598792	1.18595678747	1117.4108082	67.6601542358	True	
2.23693674599	-1.05130350887	-0.345668152276	1.46431541047	1213.10848029	66.9835526935	True	
3.06444732015	-1.34418293545	-0.493358388252	1.57744283518	1112.18440019	66.3137171665	True	
2.92166756036	-1.7628170893	-0.434771542305	1.84072850668	1054.50328397	65.6505799949	True	
3.35650852103	-1.04371336653	-0.423982592872	1.51550661296	1181.17794125	64.9940741949	True	
2.63571760917	0.0260490893701	-0.419771399722	1.05284246379	1047.62457594	64.344133453	True	
2.57895615252	0.52464735726	-0.281087937526	1.02415744982	1223.51141312	63.7006921184	True	
2.3384772977	0.72957196305	-0.351310995003	1.03547907657	1123.45455081	63.0636851973	True	
2.66302349062	-0.381045440148	-0.46346259192	1.35408792301	1075.91322481	62.4330483453	True	
3.03641896634	0.136817034682	-0.308210689356	1.12636586894	1304.26931923	61.8087178618	True	
2.954274286	0.770849251113	-0.491139816483	1.07499013393	1103.74053434	61.1906306832	True	
3.59082072353	-0.930706335494	-0.4728939016	1.35927098015	1259.43776533	60.5787243764	True	
3.00200291337	-2.20192442338	-0.515178509446	2.00136686041	1138.74753939	59.9729371326	True	
2.7515379303	-2.98926322185	-0.403742731937	2.3114361621	1080.17357911	59.3732077613	False	
2.81423000704	-3.78468090386	-0.442636124532	2.69338646384	1062.59028078	59.3732077613	True	
2.99621122217	-1.60761422793	-0.471633349078	1.93597097589	1064.92366293	58.7794756837	True	
2.61471061648	-0.698388564968	-0.447764435447	1.60230996343	1079.94553298	58.1916809268	True	
2.42203797162	-1.6785068919	-0.209183578424	1.61458434933	1509.59126773	57.6097641176	True	
3.37422944065	-0.973854275479	-0.534985869951	2.20274806735	1374.73843273	57.0336664764	True	
3.30439117719	-2.93541998379	-0.388581341371	2.52058144977	1265.08348631	56.4633298116	True	
3.0381187242	-2.66440491527	-0.409703131974	2.31039535609	1095.98957993	55.8986965135	True	
2.58224030863	-1.94344244409	-0.436752014533	2.28471862985	1116.91280117	55.3397095484	True	
3.26352174338	-1.80179584596	-0.522344751301	2.00278157961	1153.37217206	54.7863124529	True	
2.75884968292	-1.12531602831	-0.44117598495	2.08851140411	1156.09472979	54.2384493284	True	
2.52871681599	-2.28673402973	-0.396478044971	2.318248785	1098.81558352	53.6960648351	False	
2.7612850992	-0.398836658934	-0.340400594445	1.10979220157	1145.60787365	53.6960648351	True	
2.59034850235	-0.402315991449	-0.377030725327	1.11707934186	1105.25406339	53.1591041867	True	
2.9869026368	0.155765436729	-0.407882455637	1.04518710398	1049.01092303	52.6275131449	True	
2.84630293644	-0.896483714332	-0.491510442481	1.42829237127	1109.18655847	52.1012380134	True	
2.97242228123	-0.63140162972	-0.413227274421	1.40745605065	1061.29426814	51.5802256333	True	
2.20551654974	-1.4373737984	-0.359873289827	1.69470286177	1209.34252156	51.064423377	True	
2.69053674822	-0.603972858703	-0.448532258201	1.68228517643	1094.08002931	50.5537791432	True	
3.05989336221	0.37018594766	-0.48072904622	1.21729421724	1096.0064676	50.0482413517	True	
3.14855804262	-1.32396196493	-0.464133894051	1.96202366725	1125.38140944	49.5477589382	True	
3.10003224752	-1.2423390189	-0.463599825252	1.77898479486	1076.98045862	49.0522813488	True	
2.53612392482	-0.526136770797	-0.364456439064	1.40819329867	1087.88036619	48.5617585354	True	
3.1052001686	-0.706916125864	-0.493282932423	1.39174824576	1090.28174438	48.07614095	True	
2.9051808477	-1.02036500749	-0.442140727555	1.32317479653	1117.53282354	47.5953795405	True	
3.32362288372	-0.233268044991	-0.501690705361	1.41212949149	1156.64736509	47.1194257451	True	
2.63304661793	-0.133735638952	-0.347182750941	1.12533202449	1092.87572825	46.6482314877	True	
2.8570678843	-0.364741599265	-0.440534339757	1.2180297753	1041.64055543	46.1817491728	True	
2.91249160052	0.398574791946	-0.499135262147	1.08825837969	1090.77838992	45.719931681	True	
3.29948800623	-0.295490041048	-0.444065264794	1.09195514411	1137.2184759	45.2627323642	True	
2.88902734635	0.37506564305	-0.489491685191	1.08183775223	1073.56169237	44.8101050406	True	
2.85165804071	0.539917617404	-0.407277245551	1.01677566145	1034.50151847	44.3620039902	True	
2.79161046203	-0.00482581619822	-0.461893137424	1.07367004975	1055.52412186	43.9183839503	True	
3.10045537286	-0.147731590844	-0.46108432085	1.52825802685	1135.28108629	43.4792001108	True	
2.77547013671	-1.32605479936	-0.401166385443	1.78047867102	1060.79880907	43.0444081097	True	
2.955603158	-0.706313803779	-0.392018022358	2.03704436379	1309.19004761	42.6139640286	True	
2.57318885805	-1.33001603877	-0.424025830075	1.82553591321	1072.87518477	42.1878243883	True	
2.65598486492	-0.683260974479	-0.411884785075	1.55731422633	1057.15555154	41.7659461444	True	
2.71887992231	0.679418220895	-0.452562366413	1.19673632249	1103.89229287	41.348286683	True	
2.59250064715	-0.272518871852	-0.4115649412	1.24580390823	1052.85541457	40.9348038161	True	
2.93978227596	-1.81547381601	-0.501015298126	1.80431864737	1123.54317612	40.525455778	True	
2.83289423563	-0.937311905988	-0.477703165449	1.46862164873	1081.56261168	40.1202012202	True	
2.97385856839	-0.662666190934	-0.411636534887	1.29534664769	1072.98267446	39.718999208	False	
2.62945349045	0.735231255366	-0.385319623302	1.05441512234	1070.60454216	39.718999208	True	
2.33806469349	0.808951878526	-0.34539625849	1.07636026515	1153.4735199	39.3218092159	True	
2.95280710487	0.412556116797	-0.468268246993	1.16822648279	1067.38282929	38.9285911238	True	
2.88053617289	-0.9818467616	-0.510725938584	1.53477390176	1129.08920194	38.5393052125	True	
2.68325575143	-0.259197410437	-0.373056218122	1.06564995395	1089.26541676	38.1539121604	True	
3.32798751059	-0.941691690995	-0.484935405601	1.47335619173	1132.3914618	37.7723730388	True	
2.93279262188	-2.00321138841	-0.423144071223	2.018384391	1058.31414486	37.3946493084	True	
3.05351887433	-1.40550895298	-0.489856602163	1.84978110413	1083.20971954	37.0207028153	True	
2.62651782895	-1.09039722094	-0.378097007996	1.46692144911	1098.34067455	36.6504957872	True	
2.93338559617	-2.00616677063	-0.401738045409	1.6097969	1240.60156353	36.2839908293	True	
2.57607505493	-0.0619269959761	-0.408453967498	1.20856834575	1050.26289611	35.921150921	True	
2.57114038039	0.0206880602493	-0.470822832636	1.44213860394	1150.52820057	35.5619394118	True	
2.67794425637	0.155058024589	-0.42045567307	1.25621540264	1054.05664982	35.2063200177	True	
3.04848188819	0.459630907579	-0.43809385107	1.0379200751	1049.89019701	34.8542568175	True	
2.71246471791	0.216718854252	-0.508680912135	1.2356525568	1162.57388757	34.5057142493	False	
2.92614008641	0.367686347824	-0.431351574468	1.02268461321	1025.23553405	34.5057142493	True	
2.56605086463	0.969629696134	-0.34797184181	1.10321948109	1175.95390014	34.1606571068	True	
2.6476381119	0.204376616543	-0.417737125807	1.17318742341	1042.62801418	33.8190505358	True	
2.85240085036	-0.382315001215	-0.435673019794	1.24531277864	1038.04692695	33.4808600304	True	
2.77747253998	-0.466576337172	-0.414793558374	1.30671750449	1039.48060273	33.1460514301	True	
2.88103954257	-1.04319462505	-0.409200088028	1.58811406159	1056.16373037	32.8145909158	True	
2.93131133411	-2.29835498889	-0.451503327449	2.17307403623	1050.76239192	32.4864450066	True	
2.70394211997	-1.49894359362	-0.454069249718	1.81786092928	1063.1080392	32.1615805566	True	
2.6922139815	-2.86195038228	-0.454114313777	2.53739079242	1074.90472877	31.839964751	True	
3.04391935516	-1.77186569076	-0.470245456864	1.99205026349	1068.12497766	31.5215651035	True	
3.20538562826	-1.88448162119	-0.491678743743	1.91787718851	1105.03679557	31.2063494525	True	
2.60515498495	-2.29898549911	-0.415560144728	2.46515875768	1121.43534582	30.8942859579	True	
2.62823432775	-2.19759893631	-0.403702410699	2.22786743015	1073.76262414	30.5853430984	True	
2.87349266535	-2.02462956761	-0.444296798235	1.97243760742	1050.85234216	30.2794896674	True	
2.60927648374	0.0577181691048	-0.427547418955	1.07432347775	1051.47500189	29.9766947707	True	
2.7571261065	0.408166229405	-0.39507042335	1.07878853278	1041.53354479	29.676927823	True	
2.57821357549	0.619771501379	-0.371370964094	1.48378459256	1271.05989415	29.3801585448	True	
2.52862743674	0.176914677612	-0.3726931585	1.11126933839	1061.96758828	29.0863569593	True	
2.90642909375	-0.0134300595279	-0.413155506347	1.13529437322	1037.35253277	28.7954933897	True	
2.85530982876	0.587636274147	-0.420821364552	1.10521751944	1057.82009498	28.5075384558	True	
2.73929418529	0.510596789659	-0.433850200165	1.06862542476	1035.32049307	28.2224630713	True	
2.73502443712	-0.450741317235	-0.398656599853	1.34437372252	1046.62145808	27.9402384406	True	
2.53313384394	-0.754557388409	-0.416929727827	1.69255120987	1096.40038622	27.6608360561	True	
2.80383655432	-1.83436398881	-0.441316820695	1.79963627992	1072.41008366	27.3842276956	True	
2.74757922415	-0.382877325522	-0.433435321692	1.74295630792	1144.89095663	27.1103854186	True	
2.72211500298	-2.20645488702	-0.376003510881	1.95861960852	1105.89084775	26.8392815644	True	
3.16657810987	-2.36751412715	-0.456679680147	2.24033891468	1093.62174441	26.5708887488	False	
2.80225950884	-2.23712918732	-0.399477972739	2.04998674354	1069.08685445	26.5708887488	True	
3.1347100081	-0.676279877865	-0.401491297884	1.79511951869	1242.5542355	26.3051798613	True	
3.06138063263	-0.995760085054	-0.465267745021	1.65568271433	1066.63632628	26.0421280627	True	
2.81218185739	0.0493436773474	-0.460960209137	1.18751032932	1043.38647714	25.7817067821	True	
2.47841849302	-1.03521412478	-0.363462739458	1.60942251644	1103.87911435	25.5238897143	True	
2.78461381076	-2.01863921769	-0.410335736713	1.96939851516	1057.81848848	25.2686508171	True	
3.07969179255	-2.32680390023	-0.44049446414	1.90485784311	1130.22527405	25.0159643089	True	
2.59244830292	-1.39467135454	-0.395863398136	1.76186178123	1068.99410943	24.7658046658	True	
2.88849560752	-2.79349380597	-0.438608255495	2.24240043203	1064.26877665	24.5181466192	True	
2.90674326588	-1.97702594206	-0.450907039038	2.10257730413	1054.20497462	24.272965153	True	
2.92421873099	-2.76027399329	-0.446812609951	2.38584210615	1051.37854018	24.0302355015	True	
2.57570765365	-2.69452900369	-0.383686532315	2.34218456915	1084.33208331	23.7899331465	True	
2.75890191315	-2.3396470783	-0.406591310234	1.89532736326	1135.23885129	23.552033815	True	
2.8728774379	-1.97897919194	-0.419265187565	2.12364981419	1066.02955795	23.3165134768	False	
3.16570444968	-2.24459946579	-0.423647966622	2.15310333024	1117.84917515	23.3165134768	True	
3.08216161089	-2.44618443178	-0.508022797876	2.43526562091	1133.24074581	23.0833483421	True	
2.67517827839	-3.33514760994	-0.441939497893	2.68009374065	1063.74882175	22.8525148586	True	
2.81136341845	-4.05237189628	-0.422919059325	2.94160871612	1052.46178668	22.6239897101	True	
3.08276411934	-4.53673792141	-0.430473761874	2.96462632002	1100.88718772	22.397749813	True	
2.86244169058	-3.76064545938	-0.404872329426	2.81515687379	1070.26823173	22.1737723148	True	
2.58898656715	-3.39987772024	-0.397787051948	2.84026749468	1101.50041473	21.9520345917	True	
2.54915777297	-4.02330684299	-0.462386846029	2.98771758866	1118.40167767	21.7325142458	True	
3.19357354993	-4.13967776481	-0.446792334462	2.83404470323	1108.81212807	21.5151891033	True	
2.71290638411	-4.22750982935	-0.406430107106	2.88136767611	1073.75753361	21.3000372123	True	
2.41002731385	-2.99264828992	-0.397601275231	2.74182716339	1154.18187989	21.0870368402	True	
2.87354468477	-3.26772065773	-0.484562214112	2.55187791641	1078.61555796	20.8761664718	True	
2.68302012148	-2.44838952697	-0.470231824102	2.44652611089	1109.18478059	20.667404807	True	
2.54815861605	-2.65556579102	-0.415843817676	2.28791481495	1081.37098666	20.460730759	True	
3.05839554395	-2.61558863877	-0.45144104621	2.33938903222	1069.53817587	20.2561234514	True	
