Parameter 1	Parameter 2	Parameter 3	Potential	Temperature	Equilibruim
8.72508680705	-0.711290677512	0.832039439668	13861.4183734	5793.28759473	False	
-1.58199937356	-0.453546917315	0.988473457426	8991.90473297	5793.28759473	False	
8.57828640315	-0.946831955948	2.65420884681	11543.7470105	5793.28759473	False	
-4.6374733045	2.11062183702	1.47443882914	7158.9216917	5793.28759473	True	
0.300022181005	-0.392116318337	1.2649129818	15587.4410239	5503.623215	True	
5.62621297145	-0.985310103098	0.48125789812	11074.2170049	5228.44205425	False	
-4.04700735089	-1.28836390979	1.44582558027	8274.12734986	5228.44205425	True	
-9.22535706015	-0.224341466396	2.9450876208	5230.6344426	4967.01995153	True	
-5.8549343206	-0.200292618712	1.76844665878	4215.69364262	4718.66895396	False	
-1.06427508896	2.78162101161	-3.58755794645e-05	7922.55843973	4718.66895396	True	
-7.94068614578	1.32716925532	2.5076400812	4275.91321404	4482.73550626	True	
-1.35029582971	-1.00448248818	0.146697681451	5004.01352135	4258.59873095	True	
2.38212234779	-1.15525862206	-0.119943860977	9143.39050721	4045.6687944	True	
-6.5381533136	0.138123314689	1.83933860022	4534.18480791	3843.38535468	True	
-8.86831599087	-1.08822919177	2.88443087708	8383.29069333	3651.21608695	True	
-0.915566724751	0.897458707558	-0.387636789937	4963.50203189	3468.6552826	True	
1.24312147962	-0.505444196005	0.514302288743	12164.0768598	3295.22251847	True	
-2.95113725373	-0.815559493083	1.98280452169	7454.97435356	3130.46139255	True	
-2.08272952073	0.276009678298	-0.25602657547	6766.94397688	2973.93832292	False	
-2.02745265523	-0.448484490017	0.558063085445	5563.02672008	2973.93832292	True	
-0.78108177477	1.15923101799	-0.157171454549	7258.95485644	2825.24140677	True	
-8.18469217882	2.66262152866	2.28499987977	7798.04286683	2683.97933643	True	
0.330638644022	-0.0171787823759	-0.366837503063	8284.26901229	2549.78036961	True	
-5.07809130266	0.536530545229	1.15500168177	4795.88836191	2422.29135113	False	
-0.849865168068	-0.772882245232	0.342500808422	5014.84507702	2422.29135113	True	
1.03155606436	-0.28286240351	0.811264100798	16696.7535665	2301.17678357	True	
-7.47748118997	1.86637189926	2.21362576359	4607.75219456	2186.1179444	True	
-1.91484232718	-0.693191082239	-0.0352637191678	5059.37937825	2076.81204718	False	
-1.91766414798	-0.396422321181	-0.0865571826532	4810.2733743	2076.81204718	False	
-7.5018744014	0.108346542117	2.48696582732	4433.88120782	2076.81204718	True	
-3.67632716411	1.37446103787	0.756039057579	4423.82041693	1972.97144482	True	
-4.8557882095	-0.662835040922	1.91580285448	4947.67731501	1874.32287258	True	
-0.798157508894	-0.294774455001	-0.276653915613	4807.67352734	1780.60672895	True	
-1.30864246513	2.32693853389	-0.369720354594	4903.44298246	1691.5763925	True	
-4.47524000287	-0.210175240678	1.04072641546	4273.2786095	1606.99757288	True	
-2.98933211977	0.819431761074	0.350021500104	4397.77386258	1526.64769423	True	
-2.75376769391	-0.292895267681	0.507078252085	4374.10981237	1450.31530952	False	
-2.04852026727	-0.468133713066	0.277556047548	4344.569993	1450.31530952	False	
-3.95247929803	0.137086634072	1.39823091222	8634.18608902	1450.31530952	True	
-5.96228802674	1.18429926402	1.5188343076	4892.7213206	1377.79954404	True	
-0.584004866737	-0.605493885062	0.164252109821	5655.29664328	1308.90956684	True	
-4.60338701932	-1.11825556533	2.40692444235	6726.24561876	1243.4640885	False	
-3.03274305493	2.32713261862	0.36785627056	4391.38223718	1243.4640885	True	
-2.04817002909	1.25820697038	0.0618894954659	4561.97638329	1181.29088407	True	
-7.23075475397	-0.531475375485	2.08718640499	5709.28510214	1122.22633987	False	
-5.67382979729	1.57156288812	1.55460749329	4270.53670283	1122.22633987	True	
-5.32023369866	-0.529467884663	1.41014491368	4504.10689642	1066.11502288	True	
-7.74929009207	2.95472136028	2.35321318291	4486.7836284	1012.80927173	True	
-7.1476028301	2.20744588476	2.03256251498	4880.63554114	962.168808147	False	
-3.92351591669	1.6816387866	1.0606998804	5863.26098144	962.168808147	True	
-4.530459684	1.98739581025	1.03956767292	4285.8582623	952.547120065	True	
-3.66767178751	1.46294483599	0.583209320471	4554.04831356	943.021648865	False	
-6.96974808028	-0.146578133599	2.29531786283	4373.61079881	943.021648865	True	
-7.11391823373	-1.00730730907	2.59334109566	4843.74856256	933.591432376	True	
-5.00644955116	-0.789207153157	1.79599553014	4165.80956396	924.255518052	True	
-2.87061359697	-0.546725523382	0.381779613911	4487.87934827	915.012962872	True	
-1.98308185686	0.151003427498	-0.153487397978	5083.9144469	905.862833243	True	
-5.74337281988	0.733978208378	1.63134016282	4307.58749563	896.804204911	True	
-6.11494782958	2.82337156267	1.67608924424	4361.27376586	887.836162862	True	
-3.68304779271	0.945461067165	0.631173955654	4391.17895831	878.957801233	True	
-7.04607293595	0.240246558328	2.15994901748	4228.44972036	870.168223221	True	
-6.26400275288	-0.758368677157	2.33375026945	4180.24991271	861.466540988	True	
-4.4437198818	-0.0207671704851	0.947678757298	4520.45125602	852.851875578	True	
-6.63319399052	2.35029447558	2.02700833993	4369.66777183	844.323356823	True	
-0.824393683083	-0.640385481706	-0.224670442207	4464.79648582	835.880123254	True	
-1.88011567769	0.710460986533	-0.218946911284	5201.59961237	827.521322022	True	
0.295120098966	-0.824330445156	-0.222717067515	4990.64618739	819.246108802	True	
-8.22625132162	-0.441282663879	2.98313622578	4392.34126419	811.053647714	True	
-8.03924112477	-0.31683495791	2.6130309991	4220.29153729	802.943111237	True	
-5.71566103291	2.70282401872	1.65445384182	4466.46455407	794.913680124	True	
-7.02664432605	1.1848577606	2.09773725163	4296.79750126	786.964543323	True	
-2.23449207574	-0.573016350308	0.2472167973	4206.80034063	779.09489789	True	
-5.03664833961	0.189521643164	1.23004286742	4348.8908147	771.303948911	True	
-1.91176318917	0.213598058935	-0.177556968854	5044.27977868	763.590909422	True	
-5.97852590174	2.82280018243	1.60267008732	4411.75205303	755.955000327	True	
-6.92507794475	2.25143855483	1.97401354599	4605.98428319	748.395450324	True	
-5.1377575985	-0.519774795148	1.341814026	4438.98130976	740.911495821	True	
-2.85074176461	-0.777809283235	0.617408599543	4187.09416446	733.502380863	True	
-1.74953202567	1.64354599336	0.0170383215981	4985.31947823	726.167357054	True	
-0.898017292139	0.0438813929794	-0.214862475147	5369.74440665	718.905683484	True	
-7.54150469159	-0.380689908767	2.44934861289	4139.12460755	711.716626649	True	
-5.03339314163	-0.077635438067	1.26846043901	4272.2881257	704.599460382	True	
-5.26096875259	0.871707617663	1.28010921658	4481.70475079	697.553465778	True	
-1.14355152728	1.29388132374	-0.310960248586	4836.26667707	690.577931121	True	
0.549317244523	-0.958664422335	-0.592284074565	5854.55633226	683.672151809	False	
-1.65176668199	2.53547402913	-0.165671197587	4595.56878839	683.672151809	True	
-4.15569648074	-1.0907900755	1.50423603579	5356.11572005	676.835430291	True	
-5.07297429271	1.20964412009	1.42047468994	4670.65991274	670.067075988	True	
-5.00310013795	1.67379692509	1.1394409948	4627.0141894	663.366405229	True	
-5.1601984446	-0.660696783588	1.81020478138	4284.31616523	656.732741176	True	
-4.8174163191	-0.715365721318	1.16378536829	5176.14838881	650.165413765	True	
-6.78806346874	0.77836556548	1.95663887882	4414.97021344	643.663759627	True	
-7.08226696163	0.479876422188	2.02721744573	4771.06595912	637.227122031	True	
-7.89575252546	1.15950481499	2.81700745687	6169.58790338	630.85485081	True	
-6.57202079759	-0.0618012934265	2.02439695487	4202.08302207	624.546302302	True	
-6.73965631761	-0.781457397075	2.31978664468	4109.08397942	618.300839279	True	
-7.41164229553	1.07338874082	2.55597567097	5609.3057926	612.117830886	True	
-7.54773549313	0.765641597938	2.29778499753	4371.56307089	605.996652578	True	
-3.36146950521	0.582949282687	0.481632694723	4462.99999943	599.936686052	False	
-5.09430816432	-0.761949214482	1.60088812515	4090.95100961	599.936686052	True	
-6.53366279767	0.39977466396	1.86280382785	4374.66644871	593.937319191	True	
-0.313413260246	2.77486180726	-0.530603086392	5767.67494542	587.997945999	True	
-4.30381455194	0.137703215477	0.962102200342	4253.40461032	582.117966539	True	
-4.11780274799	0.982888476337	1.10602933914	5398.29148142	576.296786874	True	
-5.70729971272	-0.632330404511	1.88339855391	4067.09360665	570.533819005	True	
-7.94159575581	-0.623878012748	2.88575638023	4108.85159339	564.828480815	True	
-2.50011446161	2.08628871797	0.30115520669	4714.09607413	559.180196007	True	
-6.60126383946	0.267594808123	2.10522849535	4568.38695348	553.588394047	True	
-3.19068397021	-0.310153982476	0.665253166747	4262.15818974	548.052510106	True	
-5.56608826406	-0.288946587847	1.67543989434	4208.73622143	542.571985005	True	
-6.712529616	-0.501991671219	2.50098870009	4876.9535574	537.146265155	True	
-4.14392272285	-0.70175587041	1.03037991973	4310.82267692	531.774802504	True	
-2.00245711601	-0.303368416417	0.210205256853	4487.8788398	526.457054479	True	
-6.76750164212	0.357598422874	2.08604963359	4277.71899193	521.192483934	True	
-8.08156483415	2.46751158203	2.5013433829	4468.43283871	515.980559095	False	
-7.52779252248	0.878749531201	2.39610307784	4293.75363757	515.980559095	True	
0.194405232624	-0.629727347716	-0.293042340401	5252.2236142	510.820753504	True	
-1.8508730795	-0.759667807641	0.867250411883	5306.94471603	505.712545969	True	
-4.60392898559	-0.687843323497	1.59170988447	4271.49741817	500.655420509	True	
-7.41308935491	2.18790064901	2.35618900745	4341.15772027	495.648866304	True	
-8.00046318846	1.63071914159	2.6829586519	4635.42679499	490.692377641	True	
-6.35610825302	2.51669197346	1.7009445298	4786.61949291	485.785453864	True	
-7.66417858254	-0.317122020737	2.25021261431	5536.99568865	480.927599326	False	
-0.21455831451	-0.716397145495	-0.241698288291	4694.27470198	480.927599326	True	
-7.97478582295	-0.421512445155	2.75180364717	4135.40998439	476.118323332	True	
-7.77763317518	0.206366996002	2.35081363922	4676.07204279	471.357140099	True	
-8.10131612792	0.587012407324	2.65984982775	4299.45885885	466.643568698	True	
-2.5818743777	0.9143440813	0.314323294828	4563.36816817	461.977133011	True	
0.109878084979	-0.929941513124	-0.182254518035	4983.0030778	457.357361681	True	
-2.0207808189	0.929428752841	-0.108651277532	4765.19930232	452.783788064	True	
-4.37441614447	0.559637072574	0.927900928455	4382.67628547	448.255950184	True	
-7.57187682804	-0.0756791098735	2.80233179788	6098.45862571	443.773390682	True	
-6.06753003649	-0.381878108801	1.73856355047	4315.10651014	439.335656775	True	
-5.15635568131	1.56268717371	1.34596933803	4286.4124059	434.942300207	True	
-9.07627958497	0.962511060274	2.9313253761	4491.30953771	430.592877205	True	
-4.75287094613	-0.551225273559	1.21483608884	4322.29107538	426.286948433	True	
-1.87040295942	1.77123371734	-0.0924192517485	4541.07379144	422.024078949	True	
-4.11304221997	0.459217465582	0.86268120186	4282.89632791	417.803838159	True	
0.546801037276	-0.793341954095	-0.327788331478	5146.38960345	413.625799778	True	
-2.78325977805	2.04621817685	0.268278358117	4404.08842786	409.48954178	True	
-6.46589536106	-0.712310336763	2.8810366314	5587.30684326	405.394646362	True	
-8.10336989481	2.55625593526	2.58297929165	4272.11632454	401.340699898	True	
-6.37202641368	0.422754758743	1.8377407798	4261.43193401	397.3272929	True	
-5.21200718555	1.24806084431	1.3555735373	4271.63924419	393.354019971	True	
-7.87594482124	0.173226086065	2.62156013769	4365.70453397	389.420479771	True	
-5.91857919675	1.34726903417	1.78837681914	4681.52191599	385.526274973	True	
-4.92026731182	-0.970594606292	2.02002395189	4662.55812469	381.671012223	True	
-1.20133070603	-0.401871366457	-0.21536906874	4491.93258567	377.854302101	True	
-1.33545729965	-0.672416898486	0.119333622669	4334.98731769	374.07575908	True	
-4.46197151674	-0.265911358045	1.23580189064	4338.63930908	370.335001489	True	
-2.79746857125	-0.45258512838	0.3839656058	4280.44170696	366.631651474	True	
-1.93815201759	0.0461868116319	0.241306529784	5384.29422187	362.96533496	True	
-5.87598210976	1.8497556985	1.54641974519	4463.42619598	359.33568161	True	
-3.28459980286	-0.219857571212	0.958749627362	5725.4458757	355.742324794	True	
-2.98618600701	0.88701233526	0.681046524903	6017.34161093	352.184901546	True	
-6.25144040834	-0.504260583326	1.90585980671	4152.5348772	348.663052531	False	
-0.858083359425	-0.421896006687	-0.290973873152	4597.37757068	348.663052531	True	
-3.49311629058	-0.576307726447	1.02778136289	4366.95331382	345.176422005	True	
-3.64666367239	-0.715823103839	1.04408860782	4071.75445623	341.724657785	True	
-3.59613908121	-0.627157401334	1.0048019333	4130.730275	338.307411207	True	
-4.58707331785	2.74764068988	1.09514049451	4292.27486734	334.924337095	True	
-4.59724975835	1.17662906616	1.1730943005	4467.79553338	331.575093724	True	
-3.24969030232	0.441019263711	0.493069531602	4320.1176559	328.259342787	True	
-1.53996564942	-0.879236757707	0.131463921721	4497.46159658	324.976749359	True	
-6.0650791803	-0.430156907034	1.86375979654	4099.57092815	321.726981866	True	
-7.33343961893	0.0871105821307	2.37745840971	4302.12232161	318.509712047	True	
-6.53228882421	2.60793035694	1.9314677073	4272.03628738	315.324614927	True	
-4.32410141012	0.788821888872	0.998509325236	4295.15583934	312.171368777	True	
-6.08495849725	2.67856938186	1.74582536326	4280.93995851	309.049655089	False	
-8.86471041308	1.01466675799	2.88315753855	4324.92284643	309.049655089	True	
-2.45257001197	-0.248228492742	0.279324834924	4268.83894824	305.959158539	True	
-4.79429219965	-0.675645954335	1.37208402895	4116.54548561	302.899566953	True	
-5.15538233055	-0.350625647034	1.39599568034	4167.97819874	299.870571284	True	
-3.4997150134	-0.920761552239	1.6545048747	5107.30221309	296.871865571	True	
-8.18312267139	0.885481964682	2.68919015149	4311.18279678	293.903146915	True	
-7.80974799033	1.40893777626	2.46781642306	4263.78005953	290.964115446	True	
-9.20710440821	0.77414079219	2.99079872041	4486.12420754	288.054474292	True	
-5.44622844623	-0.836674167948	1.94264882707	4136.30624613	285.173929549	True	
-6.96345740788	-0.563472728451	2.21962098795	4184.07793245	282.322190253	True	
-4.27680437549	-0.760128198298	1.20046300699	4155.19570661	279.498968351	True	
-2.62806725727	0.942803603997	0.0634749782788	5259.35532745	276.703978667	True	
-7.39992766304	0.339584889948	2.2413817495	4369.41455323	273.93693888	True	
-7.88680535117	-0.0787453641171	2.59904175285	4198.70452904	271.197569492	True	
-6.2780255971	-0.837585660747	2.42115968618	4238.99796938	268.485593797	True	
-4.17368968213	-0.0178374191209	0.970846248868	4222.98962864	265.800737859	True	
-8.3871868121	2.75487841754	2.63451538347	4465.93049209	263.14273048	True	
-2.63652306672	0.857247745682	0.436944230397	5139.78287404	260.511303175	True	
-0.414805231161	-0.958375900839	-0.149036294176	4926.32609845	257.906190144	False	
-4.39276579946	1.90609323485	0.911153003603	4451.56840798	257.906190144	True	
-5.89667254961	2.40497275016	1.59888190783	4316.03784079	255.327128242	True	
-7.82308461814	0.278999509178	2.46280513005	4268.92970919	252.77385696	True	
-7.53874782895	-0.24719332399	2.38198209479	4232.62447334	250.24611839	False	
-5.25403588125	-0.415705004903	1.59028467153	4176.07179903	250.24611839	True	
-4.53856076655	-0.828502716815	1.45145586316	4130.90554336	247.743657206	True	
-7.93411858126	0.779778163953	2.61534855501	4403.0012681	245.266220634	True	
-2.72780759253	1.49532232105	0.396813611818	4678.72283561	242.813558428	True	
-1.4065434015	-0.38570467139	-0.204930590772	4558.01884713	240.385422844	True	
-3.45323338861	-0.630559659559	1.06449359689	4360.82342449	237.981568615	True	
-3.34498139504	0.166486426087	0.571805419165	4274.00746235	235.601752929	True	
-8.20199574322	1.56080091714	2.70313239031	4347.79994849	233.2457354	True	
-7.79500130824	1.33790871415	2.53147776775	4358.20267243	230.913278046	True	
-7.03028476888	-0.421537533394	2.14426380169	4396.08790447	228.604145265	True	
-8.97099267689	0.496080924136	2.90984499528	4407.41938869	226.318103813	True	
-5.25755686805	-0.476099119075	1.6262229551	4163.93209557	224.054922774	True	
-8.15269346898	-0.27132356746	2.93537767513	4720.90440769	221.814373547	True	
-8.3914707386	-0.682060689867	2.95062485994	4087.99008145	219.596229811	True	
-4.91306743085	0.333483435574	1.2908613794	4300.49875248	217.400267513	True	
-1.56162261298	2.82564953937	-0.146862167374	4674.81748394	215.226264838	True	
-5.13743029088	2.53807689365	1.27166946042	4317.68256536	213.07400219	True	
-4.72782278825	1.64285721536	1.1911302249	4349.21148269	210.943262168	True	
-3.75440712419	-0.829103404523	1.00651108194	4266.33799213	208.833829546	True	
-5.55767042564	-0.1117484959	1.48281285723	4312.50552551	206.745491251	True	
-2.13053134312	2.24240139891	0.0947413501394	4555.91224233	204.678036338	True	
-2.60966878684	1.48454318893	0.120215735305	4724.6951322	202.631255975	True	
-1.27585016777	-0.78463308768	0.226618749319	4366.38764483	200.604943415	True	
-2.31672587631	-0.873547045326	0.769690063024	4371.41244611	198.598893981	True	
-5.74386551285	-0.691906430001	1.96987455752	4079.75666351	196.612905041	True	
-5.55644785502	0.715143513642	1.55598950285	4319.75539339	194.646775991	True	
-7.40325777282	0.20531167325	2.36510716437	4250.96809197	192.700308231	True	
-7.22055058243	0.863737215087	2.20679951277	4262.90803782	190.773305148	True	
-7.16544939924	-0.379475656848	2.32574581434	4112.40116352	188.865572097	False	
-3.5662430827	-0.508057776589	0.816948980964	4106.41617685	188.865572097	True	
-6.79786734357	0.662794410079	2.04628312795	4251.56352273	186.976916376	True	
-8.76271524671	1.96486244714	2.89605101833	4266.78870084	185.107147212	True	
-3.84301944193	2.59573356117	0.59350890263	4996.24449806	183.25607574	True	
-4.73176231692	2.13789968159	1.10049156859	4314.33945199	181.423514983	True	
-6.37104307893	-0.248953387455	2.04506590348	4294.3884229	179.609279833	True	
-7.69853923932	-0.519564035475	2.59844750081	4075.20662937	177.813187034	True	
-8.70083698022	0.927274194498	2.83886450396	4273.36421577	176.035055164	True	
-7.70467865113	0.937632137526	2.42446529611	4258.96060983	174.274704612	True	
-7.08696288165	-0.903066186939	2.73460090138	4275.64463735	172.531957566	True	
-8.45316962232	1.04356191036	2.83787285854	4414.66754473	170.806637991	True	
-5.42350037284	1.9878900941	1.46063473876	4285.22731019	169.098571611	True	
-5.09412885672	1.37695652414	1.26632335618	4294.54810815	167.407585895	True	
-3.62522881926	-0.283078589854	0.760398979828	4175.67348215	165.733510036	True	
-4.18260404667	2.78855029824	0.920291443815	4300.53341869	164.076174935	True	
-2.68225316184	1.92773883146	0.207327590241	4459.74965422	162.435413186	True	
-5.58815452937	2.2718089671	1.46011932031	4329.49872665	160.811059054	True	
-7.45839095888	2.36973772924	2.3002226849	4274.98866656	159.202948464	False	
-6.36127664087	-0.894805154398	2.38887213688	4244.75914787	159.202948464	True	
-6.31452306758	-0.453451792296	2.03402120431	4113.61481998	157.610918979	True	
-7.5421823233	-1.02885566581	2.8664062898	4885.86890972	156.034809789	True	
-8.06933113166	-0.154343386844	2.71904794554	4222.4332446	154.474461691	True	
-7.72802049629	-0.496666055894	2.60432160272	4080.03679654	152.929717074	True	
-6.79804479971	-0.639243830427	2.47935394715	4240.95589816	151.400419904	True	
-7.70562914324	0.207615007996	2.4466192425	4225.70459005	149.886415705	True	
-7.80928715222	-0.602605097983	2.74001088082	4050.06734984	148.387551548	True	
-3.93747700677	-0.686556212599	1.16505991806	4077.86041842	146.903676032	True	
-2.27681297005	-0.272951865097	0.143351322505	4334.65036193	145.434639272	True	
-3.59598206127	0.801546704017	0.67441881654	4307.23893728	143.980292879	True	
-5.88401665669	0.121263032776	1.65967558608	4222.31290725	142.54048995	True	
-6.64418287198	-0.805692044416	2.24536421829	4205.00339331	141.115085051	True	
-8.5255102108	0.610593260005	2.8506843731	4317.42730069	139.7039342	True	
-3.73943592439	-0.862574022472	1.21406857042	4187.84290447	138.306894858	True	
-1.10687726198	-0.659589844278	-0.230555402408	4595.85914086	136.92382591	True	
-5.36879408629	0.857972340081	1.39603556572	4276.92350383	135.554587651	True	
-3.72653523597	-0.729854566021	0.968147077177	4114.08527463	134.199041774	True	
-2.99989732958	-0.612220148232	0.556083421496	4182.93336034	132.857051356	True	
-1.79199779025	0.0979659360307	-0.0734359679679	4473.56327503	131.528480843	True	
-2.92095345009	-0.614255148848	0.638372837824	4102.42240976	130.213196034	True	
-2.46867713317	-0.785735986944	0.759061139066	4297.2731586	128.911064074	True	
-3.42683237648	0.719412537199	0.512226369702	4441.96558643	127.621953433	True	
-7.49533319515	-0.649275129117	2.54051617854	4088.3813761	126.345733899	True	
-3.00781896323	-0.689561395601	0.968836698335	4439.40236916	125.08227656	True	
-4.57175206646	-0.133399346346	1.04325808575	4376.31098063	123.831453794	True	
-7.72684469785	-0.75026405192	2.89787398631	4098.37654316	122.593139256	True	
-5.55320432242	-0.690226604463	1.78421289205	4043.80902847	121.367207864	True	
-8.51375802699	1.11106080093	2.79323272092	4263.07146497	120.153535785	True	
-4.98715805403	0.910802755858	1.25677653143	4267.94664812	118.952000427	True	
-3.09556985356	0.914942514362	0.335831148011	4621.51366289	117.762480423	False	
-5.51605783637	-0.0531491188383	1.44359151136	4371.65269537	117.762480423	True	
-3.22691149657	-0.571606233824	0.814935894356	4173.11391621	116.584855619	True	
-3.21411397755	-0.720953356145	0.747550484721	4121.63037162	115.419007063	True	
-3.51565021108	0.489971739816	0.562085806989	4405.70160658	114.264816992	True	
-5.46118044809	2.83991925304	1.5050858625	4337.42875186	113.122168822	True	
-2.64953224546	2.97501601855	0.206938227732	4430.11011635	111.990947134	True	
-5.10976381518	2.0189718282	1.21143761616	4482.65343625	110.871037663	True	
-7.31189433973	2.4674196485	2.23522253092	4276.57169519	109.762327286	True	
-8.23484231134	2.36723603967	2.67977085897	4278.0640224	108.664704013	True	
-6.48569057169	1.43763891407	1.90461801367	4265.71537208	107.578056973	False	
-6.15196787735	2.9914902352	1.65638851558	4507.45129372	107.578056973	True	
-4.29594381139	1.73291972085	0.98260721556	4312.39172469	106.502276403	True	
-6.66125869619	0.858953148178	2.07592235041	4464.82218405	105.437253639	True	
-7.63917066589	-0.6119741601	2.63825275784	4046.5222142	104.382881103	True	
-6.34009799193	-0.540186832083	1.98369441191	4103.87285318	103.339052292	True	
-5.96660142486	-0.870263820931	2.15071846228	4182.72206416	102.305661769	True	
-1.75499100607	-0.552876406631	0.063225305945	4264.59335787	101.282605151	True	
-5.68303623374	-0.69452262701	1.9033044453	4048.78809527	100.2697791	True	
-8.10439266909	-0.556670877936	2.82291750149	4058.16079923	99.2670813086	True	
-8.610633339	-0.336294252172	2.89864506414	4153.26875213	98.2744104955	True	
-4.65495032342	-0.593797977271	1.17031172949	4395.31515301	97.2916663906	True	
-3.77975349311	-0.652111680241	1.06139878423	4078.9144315	96.3187497267	True	
-3.97986789537	-0.141008130265	0.868829506122	4205.48815745	95.3555622294	True	
-2.75339488997	-0.61759402163	0.446586389431	4214.57751431	94.4020066071	True	
-4.64463237489	-0.611220050019	1.33902914225	4056.44713386	93.457986541	True	
-2.67080979998	-0.846214010119	0.710067731541	4192.0185966	92.5234066756	True	
-4.0080756142	-0.595261218727	1.08365772778	4069.01270536	91.5981726089	True	
-5.16277665409	-0.821587440528	1.8144232006	4122.50563543	90.6821908828	True	
-7.25776720295	-0.630080732881	2.41331003182	4108.88180895	89.775368974	True	
-4.92922583785	0.0469387199667	1.34742292606	4326.91224689	88.8776152842	True	
-6.59977223425	-0.809502412555	2.25508543424	4167.59226773	87.9888391314	True	
-6.82886881927	0.797974664204	2.04008857867	4260.29900899	87.1089507401	True	
-8.29960308939	-0.315131156317	2.70680913104	4273.76038174	86.2378612327	True	
-6.70107995864	1.78601983982	2.01566946012	4280.12350339	85.3754826203	True	
-8.94094769932	1.23128023205	2.89437171977	4391.10228456	84.5217277941	True	
-7.32505667455	1.37327019241	2.23373843278	4285.28908548	83.6765105162	True	
-6.78117195346	1.35287121202	2.04966823372	4275.44316201	82.839745411	False	
-6.06290165528	1.45874031535	1.67238801816	4313.11721621	82.839745411	True	
-5.02216463261	1.9525555713	1.2994179732	4306.79785587	82.0113479569	True	
-6.01478093955	-0.395171746277	1.8329098376	4109.77275246	81.1912344773	True	
-3.44183448162	-0.601681272319	0.8519581347	4083.77251842	80.3793221326	True	
-2.86453101594	-0.678252203798	0.70923853022	4119.74541684	79.5755289112	True	
-2.644865015	-0.815709017612	0.627282563762	4167.53152613	78.7797736221	True	
-2.47047352044	-0.774304425292	0.517633598962	4146.1827363	77.9919758859	True	
-3.55642427429	-0.885898956685	1.08063829673	4248.23232864	77.2120561271	True	
-4.1565546232	-0.669449260116	1.1372219914	4071.11801973	76.4399355658	True	
-3.26699325506	-0.683676126974	0.719869727842	4149.49456998	75.6755362101	True	
-3.55096620844	-0.562819580607	0.908777137198	4115.74734958	74.918780848	True	
-2.80333658026	-0.725392272526	0.687439557341	4100.85177544	74.1695930395	True	
-3.43375341505	-0.658989113659	0.767338115786	4157.67378451	73.4278971092	True	
-2.58394318106	-0.874600128886	0.79153328978	4277.11555942	72.6936181381	True	
-1.74411169571	-0.812011711993	0.280249434327	4235.62203592	71.9666819567	True	
-2.44583059516	-0.511180051953	0.438093945602	4231.39087218	71.2470151371	True	
-4.8652964575	-0.547501396369	1.32806943009	4140.99209031	70.5345449857	True	
-6.26207675022	-0.532163688663	2.04138615234	4079.55972784	69.8291995359	True	
-6.34883974312	-0.784339818361	2.39706557063	4190.8700748	69.1309075405	True	
-6.51260186327	-0.669877258012	2.17130822224	4047.44653852	68.4395984651	True	
-6.49826569619	-0.565887443026	2.25057711	4185.12023651	67.7552024805	True	
-7.55196641688	-0.470807229781	2.52611758141	4084.81085628	67.0776504557	True	
-5.96874091489	-0.731087770378	1.95667030721	4073.66005144	66.4068739511	True	
-5.24874923356	-0.852196531422	1.81532115103	4151.84756639	65.7428052116	True	
-3.47302852028	-0.776792890819	0.969600132801	4091.23451176	65.0853771595	True	
-2.5326552312	-0.735854590049	0.48948073572	4143.32654758	64.4345233879	True	
-4.0020941215	-0.292176754454	0.957770099941	4169.70694873	63.790178154	True	
-3.54819281503	-0.673376483661	1.03626357347	4139.66053507	63.1522763725	True	
-6.40625498441	-0.48522254748	2.01870536008	4088.42554823	62.5207536087	True	
-5.71655749996	-0.65810758482	1.79763047953	4064.51483728	61.8955460727	True	
-7.55972028741	0.117956015606	2.40802496709	4213.10114014	61.2765906119	True	
-6.40189308207	0.296092112603	1.93640628492	4283.93617055	60.6638247058	True	
-6.3090202941	-0.693224843112	2.16139378292	4042.29080924	60.0571864587	True	
-6.15713505924	-0.598763897995	2.06477247449	4083.76317411	59.4566145942	True	
-6.48200825446	-0.485356212283	1.98279766739	4191.83641255	58.8620484482	True	
-6.64062904759	-0.348933185405	2.12070890544	4133.56468227	58.2734279637	True	
-6.43213915718	1.87868645491	1.84774588043	4284.79678293	57.6906936841	True	
-5.53817567648	1.69810576318	1.53485813761	4324.56637995	57.1137867473	False	
-5.26508012015	1.30923069822	1.34330638244	4288.61577925	57.1137867473	False	
-2.37532666739	0.945698899738	0.114947841354	4430.61721954	57.1137867473	True	
-3.508189181	0.142840214757	0.646063934141	4262.26609891	56.5426488798	True	
-4.16958645134	0.97400549641	0.905419717653	4284.21701976	55.977222391	True	
-4.83149479204	1.18360082034	1.18373639861	4273.85203096	55.4174501671	True	
-3.43788712861	2.29464318662	0.586947369129	4320.35598206	54.8632756654	True	
-2.59486887847	1.91182793503	0.224932165898	4392.00568802	54.3146429088	False	
-2.74072918986	1.25545841137	0.30617545148	4377.86789475	54.3146429088	True	
-3.39269384121	-0.713878227981	0.920899892814	4073.34791512	53.7714964797	True	
-3.46119172142	-0.596912411073	0.864050385685	4087.31879887	53.2337815149	True	
-3.90761432431	-0.431114696273	0.960283388762	4125.61124784	52.7014436997	True	
-3.72911444512	-0.845382220054	1.10351943773	4174.22596713	52.1744292627	True	
-2.58855929437	-0.686280724014	0.606918317217	4140.85933725	51.6526849701	True	
-3.15751122982	-0.654122714175	0.699757511893	4099.1673971	51.1361581204	True	
-3.9828216447	-0.524923278432	1.02397621178	4088.70791999	50.6247965392	True	
-4.5726013559	-0.468167828686	1.25672613397	4099.03728998	50.1185485738	False	
-4.77367197915	-0.672798196796	1.43562122387	4047.60762757	50.1185485738	True	
-4.59780896007	-0.604906514797	1.20310762238	4216.43927402	49.6173630881	True	
-3.74335273964	-0.729713275745	1.00459682097	4084.37051449	49.1211894572	True	
-3.38945008228	-0.823189336716	0.932833926438	4155.40877042	48.6299775626	True	
-3.94593249185	-0.70536502834	1.09336619759	4063.02177726	48.143677787	True	
-4.28211470728	-0.707106523777	1.25530795933	4052.50718244	47.6622410091	True	
-6.18130181585	-0.439818775142	1.93752294678	4097.0459456	47.185618599	True	
-6.79418305919	-0.437470971555	2.14247511794	4125.78384972	46.713762413	True	
-7.14625506427	-0.737533481459	2.38879707473	4208.02290913	46.2466247889	True	
-6.93360685688	-0.466486048925	2.27926679389	4088.45798536	45.784158541	True	
-5.27714510459	-0.627627967059	1.61374870904	4051.99001416	45.3263169556	True	
-3.82415611138	-0.766729747176	1.10913706843	4077.866791	44.873053786	True	
-4.0574053274	-0.637550835967	1.20928568658	4116.20214396	44.4243232482	True	
-4.14826636866	-0.592734215746	1.23883485617	4164.54512141	43.9800800157	True	
-6.54499951004	-0.23300000879	2.03813247239	4159.33613787	43.5402792155	True	
-6.51624180084	-0.729225800976	2.14938468826	4126.89977398	43.1048764234	True	
-6.30916740482	-0.616944255251	1.99831837167	4105.05488555	42.6738276592	True	
-7.5028299931	-0.473143898905	2.48963334179	4090.60199117	42.2470893826	True	
-5.92290687548	-0.735095901677	2.01587529627	4046.39878069	41.8246184887	True	
-7.80200589523	-0.612236600758	2.66784790996	4072.81843458	41.4063723039	True	
-7.50580096078	-0.664722833467	2.6394757157	4037.63346725	40.9923085808	True	
-6.99751569561	-0.56567030336	2.46218953643	4175.13628868	40.582385495	True	
-7.35877094347	-0.400149473404	2.41269904348	4106.80378951	40.1765616401	True	
-6.1563438131	-0.671222672707	2.01703309313	4048.41820274	39.7747960237	True	
-5.15067718699	-0.447512107549	1.4741942659	4098.56643898	39.3770480634	True	
-5.47942169411	-0.447431237978	1.60897593817	4098.92486244	38.9832775828	True	
-4.2070432696	-0.702996548624	1.29359523278	4072.42060953	38.593444807	True	
-3.45600588131	-0.600733434236	0.837797860588	4079.92924246	38.2075103589	True	
-2.91188931362	-0.772192457112	0.694587716327	4122.71015098	37.8254352553	True	
-3.68831011715	-0.809985720767	1.08020465429	4116.56418546	37.4471809027	True	
-5.79127899428	-0.828796457105	2.03070596719	4114.97414922	37.0727090937	True	
-4.01666545862	-0.709246980528	1.04350742504	4156.5304166	36.7019820028	True	
-1.85147923917	-0.727523571717	0.284837556463	4180.73078494	36.3349621828	True	
-2.12325750188	-0.755027189072	0.353976157832	4170.44286279	35.9716125609	True	
-3.93716487792	-0.566789012166	1.03051916669	4077.23146307	35.6118964353	True	
-3.32515900263	-0.61250097902	0.819544255918	4089.21469481	35.255777471	True	
-4.05772536845	-0.511798845966	1.03472566379	4091.32995223	34.9032196963	True	
-3.84201643232	-0.672476555751	1.05101641056	4057.37085529	34.5541874993	True	
-3.63665514026	-0.637269540327	0.994509034666	4089.64221757	34.2086456243	True	
-3.6616138134	-0.543355862966	0.818232417757	4145.23928114	33.8665591681	True	
-3.85461561232	-0.776290649906	1.14012466624	4081.1466442	33.5278935764	True	
-3.5077669353	-0.778429126931	0.980101317151	4092.8501563	33.1926146406	True	
-2.99865315742	-0.716713916902	0.768123712847	4092.68127408	32.8606884942	True	
-7.55379275492	-0.689932381984	2.78137900428	4108.82613549	32.5320816093	True	
-6.90753664881	-0.624596004206	2.32212453879	4046.86165386	32.2067607932	True	
-4.74845644019	-0.519843393417	1.33204533361	4079.75857065	31.8846931852	True	
-5.29425850048	-0.578075375285	1.63299580113	4061.05971056	31.5658462534	True	
-5.71075368957	-0.673979038834	1.87230693233	4040.38122749	31.2501877909	True	
-7.04457113423	-0.783191315243	2.58680230526	4080.32275377	30.9376859129	True	
-7.66466144582	-0.546236851484	2.67743661249	4089.99931171	30.6283090538	True	
-6.77706663047	-0.0389649904174	2.09852237088	4196.38111334	30.3220259633	True	
-6.37617859964	-0.600297118564	2.06593808643	4057.08590692	30.0188057036	True	
-8.04288683314	-0.176348939317	2.6734048746	4169.4954273	29.7186176466	True	
-7.34441547022	-0.457270294619	2.45563892086	4091.79592225	29.4214314701	True	
-7.44243911351	-0.65090282542	2.6521331221	4062.43233082	29.1272171554	True	
-6.06515855136	-0.616562843268	1.97612776603	4045.84247539	28.8359449839	True	
-5.68441787374	-0.667010007082	1.8062335568	4051.70356552	28.547585534	True	
-7.11904894154	-0.67752056791	2.38232536215	4106.9390027	28.2621096787	True	
-7.96741678428	-0.673820734987	2.91488785841	4073.84869162	27.9794885819	True	
-7.46397646688	-0.456535573856	2.45111514784	4107.34664497	27.6996936961	True	
-6.63108617979	-0.486187654673	2.17537914756	4092.2830906	27.4226967591	True	
-7.0292902594	-0.721974824392	2.48393699476	4041.52124144	27.1484697915	True	
-7.09938460403	-0.689946611122	2.53806389484	4061.57091379	26.8769850936	True	
-7.03020318324	-0.657098032468	2.3616991543	4067.02685339	26.6082152427	True	
-7.59854407899	-0.624492204117	2.63469850073	4043.04025971	26.3421330903	True	
-7.87216910366	-0.6873470033	2.79139081569	4039.35564166	26.0787117594	True	
-6.93382708124	-0.685927366293	2.36631818208	4046.68147193	25.8179246418	True	
-6.2996930822	-0.665123796421	2.09417254444	4040.57552552	25.5597453954	True	
-6.37324355786	-0.66416482795	2.18007918735	4049.36165584	25.3041479414	True	
-6.76325550819	-0.769261540728	2.44531079792	4069.0656272	25.051106462	True	
-8.0543165716	-0.706924248547	2.88775711665	4040.31652703	24.8005953974	True	
-8.22597743605	-0.66889204346	2.92253709988	4042.33962275	24.5525894434	True	
-7.2005951836	-0.760215409036	2.52561772181	4074.61061655	24.307063549	True	
-7.26840702002	-0.556842352564	2.41041801006	4080.33091515	24.0639929135	True	
-7.59742100279	-0.660256168831	2.63946765674	4044.80647146	23.8233529843	True	
-5.76474114077	-0.713456683022	1.9114750232	4041.80792942	23.5851194545	False	
-6.30713372746	-0.731416808232	2.20298284538	4050.869433	23.5851194545	True	
-4.51717470368	-0.797727490601	1.45283469325	4087.77110847	23.3492682599	True	
-4.08322513261	-0.761825674136	1.22709601998	4069.12361194	23.1157755773	True	
-2.62764238435	-0.713543721352	0.613592580332	4114.17481829	22.8846178216	True	
-2.79428844212	-0.507895230651	0.518224419239	4145.03587718	22.6557716434	True	
-2.75593702171	-0.70303793777	0.708675056925	4145.92275756	22.4292139269	True	
-4.80435961029	-0.638664855277	1.43565168822	4048.28115251	22.2049217877	True	
-6.5403789016	-0.700409506934	2.1906597216	4058.540722	21.9828725698	True	
-5.65261630218	-0.666087512536	1.81279099408	4042.56708855	21.7630438441	True	
-6.03758399345	-0.683878747985	1.98484448818	4043.8227168	21.5454134056	True	
-5.71259443212	-0.56874667635	1.777912465	4059.1955654	21.3299592716	True	
-5.67586117203	-0.689813214311	1.86978123775	4040.37270372	21.1166596789	True	
-5.34199214669	-0.670976485426	1.71196956099	4042.24742104	20.9054930821	True	
-5.12878844203	-0.49781252912	1.55191662745	4114.11241002	20.6964381513	True	
-7.33565300597	-0.572211174602	2.50296820631	4054.84907897	20.4894737697	True	
-6.38036262123	-0.651114787405	2.11954983165	4041.45658678	20.284579032	True	
-6.46839305758	-0.667542734989	2.11005391931	4083.98055061	20.0817332417	False	
-7.39074187773	-0.548066693119	2.47954190706	4067.21335831	20.0817332417	True	
-4.8501247907	-0.731692974338	1.54622481254	4049.90396143	19.8809159093	True	
-5.2955914339	-0.608019614161	1.61965195012	4051.97293997	19.6821067502	True	
-5.30384115118	-0.683491788154	1.74266344996	4057.58133535	19.4852856827	True	
-6.63012851783	-0.632140922619	2.25221054957	4046.30842189	19.2904328259	True	
-5.85451083905	-0.554940745824	1.78643043989	4093.59444432	19.0975284976	True	
-5.21957737394	-0.669470406195	1.58326914212	4072.67192433	18.9065532127	True	
-5.18610970029	-0.806128351532	1.76383433618	4091.48224215	18.7174876805	True	
-5.79438050728	-0.661950661342	1.86398676332	4044.75523396	18.5303128037	True	
-5.24950269342	-0.681503448425	1.66330161168	4041.49300089	18.3450096757	True	
-4.27126501468	-0.672069281365	1.21233355153	4055.13917332	18.1615595789	True	
-5.59301194897	-0.612157390034	1.78210220939	4050.58014487	17.9799439831	True	
-6.61399668175	-0.660884056517	2.28946067722	4053.85280161	17.8001445433	True	
-4.16275928561	-0.56525998937	1.10636837172	4073.57416373	17.6221430979	True	
-3.61850661458	-0.819732479041	1.05554699903	4130.04706618	17.4459216669	True	
-4.85383032045	-0.505844741572	1.39423468738	4083.30057285	17.2714624502	True	
-5.484622056	-0.674937509832	1.79341453865	4046.24027336	17.0987478257	True	
-6.42051477109	-0.57704094687	2.06109175064	4069.46351503	16.9277603475	True	
-6.34764559605	-0.740183681955	2.23730281132	4057.1284731	16.758482744	True	
-4.47491944783	-0.606314982578	1.28355787564	4057.71200734	16.5908979166	True	
-4.59327406745	-0.71720991861	1.46349282776	4063.31678665	16.4249889374	True	
-4.22865973923	-0.510984914238	1.06676526762	4114.27306972	16.260739048	True	
-3.65826861897	-0.746435181827	1.01051473726	4075.27039282	16.0981316575	True	
-5.42503679506	-0.679436207729	1.75421300926	4041.49957662	15.937150341	True	
-5.40272351638	-0.649818321642	1.67356674203	4053.26342948	15.7777788375	True	
-7.86830615438	-0.606441975009	2.68332282816	4085.24142126	15.6200010492	True	
-6.02904841688	-0.613631097028	1.98160608399	4052.34035075	15.4638010387	False	
-6.96966261854	-0.643972972678	2.40187956679	4042.07814756	15.4638010387	True	
-5.85124721597	-0.604453789029	1.86689598387	4049.03971936	15.3091630283	True	
-4.87167111365	-0.591348257611	1.40094358004	4070.58482522	15.156071398	True	
-3.7368006444	-0.782700020524	1.08980572879	4088.54875941	15.004510684	True	
-3.77073858412	-0.660727692992	1.02421450277	4060.54419346	14.8544655772	True	
-4.88577345639	-0.637469248022	1.47480162739	4047.46372755	14.7059209214	True	
-5.88179554783	-0.630988267584	1.86831809068	4054.07404369	14.5588617122	True	
-4.8906033405	-0.708697377618	1.50519244926	4051.39377732	14.4132730951	True	
-3.68715459467	-0.717579315492	1.04598419056	4064.94409939	14.2691403641	True	
-3.61899748301	-0.635061039127	0.951551169246	4070.94099697	14.1264489605	True	
-4.54549068629	-0.588516258597	1.32319886713	4067.29695827	13.9851844709	True	
-3.04527732528	-0.708319015801	0.764294844809	4084.32890156	13.8453326262	True	
-4.50210000805	-0.680886706485	1.31262689726	4054.65435963	13.7068792999	True	
-5.05114747299	-0.613134047062	1.50906808341	4054.9469548	13.5698105069	True	
-6.38142914626	-0.687176744406	2.20367674168	4048.93322836	13.4341124018	True	
-7.66364746761	-0.702871180102	2.78392228249	4054.32079456	13.2997712778	True	
-7.91470073496	-0.738466057176	2.82631074009	4059.19041635	13.166773565	True	
-7.34198184629	-0.637743624864	2.51783802851	4045.12349099	13.0351058294	True	
-7.35231087461	-0.741131865853	2.61768828944	4047.09868564	12.9047547711	False	
-6.50547757809	-0.784546167682	2.27777589534	4073.40087618	12.9047547711	True	
-6.31494524423	-0.658593844669	2.16418220546	4058.95438525	12.7757072234	True	
-6.67988599825	-0.525271399066	2.22506152164	4085.77781045	12.6479501512	True	
-5.52206294281	-0.504165104166	1.65480004306	4080.37722366	12.5214706496	True	
-5.40899829664	-0.701524749441	1.7878874923	4048.93110346	12.3962559432	True	
-5.25551934305	-0.685632598902	1.65055056096	4045.37427554	12.2722933837	True	
-6.27078487879	-0.70653122662	2.11185878812	4042.12767324	12.1495704499	True	
-5.53589330901	-0.533982807309	1.70661051764	4070.81937027	12.0280747454	True	
-6.23604937364	-0.701396716788	2.11167755934	4038.95470324	11.9077939979	False	
-6.54111579173	-0.631560114554	2.16280085426	4048.25211365	11.9077939979	True	
-4.64004077907	-0.710023341809	1.43535353856	4047.37545327	11.788716058	True	
-5.20136385731	-0.692727150322	1.6016635105	4064.1057251	11.6708288974	True	
-4.76062488284	-0.724871380996	1.4950136481	4048.59262521	11.5541206084	True	
-5.73125227798	-0.75521612887	1.9815386588	4062.76778563	11.4385794023	True	
-6.39701666581	-0.653135115418	2.12240096028	4042.88588186	11.3241936083	True	
-6.18118165115	-0.765970652292	2.16210995053	4059.27459563	11.2109516722	True	
-5.94603960567	-0.745590809565	2.04393626392	4051.17848825	11.0988421555	True	
-5.75524564342	-0.654927140467	1.86223858656	4040.89364943	10.9878537339	True	
-5.7467640946	-0.661985995856	1.87858752033	4040.99540559	10.8779751966	True	
-6.25909374509	-0.687896092132	2.11544226086	4038.30132034	10.7691954446	True	
-7.80375413981	-0.678269223571	2.76559438464	4037.12628413	10.6615034902	True	
-7.60693986121	-0.699811679518	2.71650450083	4038.19787932	10.5548884553	True	
-8.18199825063	-0.717871202221	2.94270286419	4045.0281296	10.4493395707	True	
-6.83138343945	-0.738485551676	2.43062987827	4049.88875027	10.344846175	True	
-5.63957788533	-0.705960004009	1.85901363404	4040.91966188	10.2413977133	True	
-5.69869780602	-0.721194628638	1.88753651442	4043.56792879	10.1389837361	True	
-4.69203613476	-0.728175511694	1.49733776468	4055.50284235	10.0375938988	True	
-5.4155357065	-0.625809862351	1.72684599639	4053.10681932	9.93721795979	True	
-5.26990641329	-0.707021994788	1.72913227896	4048.65882293	9.83784578019	True	
-6.66923979831	-0.627017439277	2.2649369055	4046.95939387	9.73946732239	True	
-6.787421925	-0.713837567861	2.36978195811	4040.06176139	9.64207264916	True	
-6.11423942174	-0.698976386021	2.05191168688	4039.2023543	9.54565192267	True	
-6.05589383169	-0.699161045535	2.00976668973	4042.68984531	9.45019540344	True	
-5.13476934856	-0.713747574833	1.66689433274	4046.98269293	9.35569344941	True	
-4.13347137634	-0.68121380074	1.19909799577	4052.86055977	9.26213651492	True	
-5.06085034033	-0.682034953082	1.5440846452	4056.22746593	9.16951514977	True	
-5.40222144706	-0.661287576331	1.69599432161	4045.36672594	9.07781999827	False	
-6.27516622602	-0.759419669951	2.20989400968	4059.06593929	9.07781999827	True	
-6.26966710584	-0.66167070871	2.11881990361	4043.26491458	8.98704179829	True	
-5.30710055758	-0.618768902626	1.66239081234	4050.36868732	8.8971713803	True	
-4.77679825786	-0.721178444268	1.49580953998	4047.72497313	8.8081996665	True	
-4.94805507676	-0.686910076202	1.47699731666	4075.44814231	8.72011766983	True	
-5.98663681526	-0.645240468023	1.96003269554	4041.22801672	8.63291649314	True	
-6.31514301146	-0.446179267749	2.00678479966	4097.91964074	8.54658732821	True	
-5.45441995017	-0.643398866769	1.71248009409	4045.01246239	8.46112145492	True	
-4.89832323705	-0.60692547928	1.47564707528	4055.03787542	8.37651024037	True	
-4.59289813604	-0.650036746251	1.35299534822	4048.6194451	8.29274513797	True	
-6.10588669467	-0.647231121502	2.01985422544	4041.1161603	8.20981768659	True	
-4.98889201413	-0.670752077239	1.54380713809	4043.2213221	8.12771950972	True	
-5.49145896887	-0.609918009861	1.71403900061	4049.23077709	8.04644231463	True	
-4.34968105195	-0.67198169881	1.31737723124	4063.59685288	7.96597789148	True	
-4.70501315605	-0.673556755973	1.44382260697	4047.39280182	7.88631811257	True	
-6.55795617877	-0.717920433307	2.27550365883	4041.20095531	7.80745493144	False	
-6.93016486079	-0.758424717949	2.46877945929	4053.24403406	7.80745493144	True	
-7.15655037436	-0.670287686955	2.52116450067	4046.03448794	7.72938038213	True	
-7.36716228604	-0.711543316906	2.59135144833	4041.73627457	7.6520865783	True	
-6.50102379995	-0.644500091956	2.17799645507	4040.41544164	7.57556571252	True	
-5.87916047405	-0.69403037253	1.98052293611	4044.9915047	7.4998100554	True	
-5.66519559834	-0.670126547411	1.81765625932	4043.39842001	7.42481195484	True	
-6.3990337131	-0.755669965743	2.1749076278	4072.49682886	7.35056383529	True	
-5.00001410156	-0.744995614764	1.65400522709	4061.35212295	7.27705819694	True	
-6.01530722397	-0.672303181831	1.96001552202	4046.91022993	7.20428761497	True	
-5.51022606429	-0.635490078308	1.76048509404	4045.94089305	7.13224473882	True	
-6.76640916927	-0.624918474009	2.29807071564	4044.8947509	7.06092229143	True	
-6.31485417889	-0.67535914717	2.12440110245	4038.09285363	6.99031306852	True	
-5.23783738868	-0.645268504066	1.64037472957	4044.28082729	6.92040993783	True	
-6.27667558059	-0.638796334569	2.06461931029	4043.47116151	6.85120583846	True	
-6.46346803155	-0.663505018836	2.19040890379	4039.23926737	6.78269378007	True	
-5.78255896403	-0.783571201671	1.99000731791	4069.83769072	6.71486684227	True	
-6.7481172337	-0.726360706911	2.35886186455	4042.20285457	6.64771817385	True	
-7.6011536955	-0.684165847364	2.68813572427	4036.77470439	6.58124099211	True	
-8.26776516263	-0.669024343359	2.96377759576	4036.92820501	6.51542858219	True	
-7.51760078796	-0.694085252788	2.65442008188	4037.52835342	6.45027429637	True	
-8.28860715489	-0.656368820656	2.96905326783	4037.76116988	6.3857715534	True	
-6.70088721026	-0.681702721486	2.32229642883	4041.71936114	6.32191383787	True	
-6.75362050027	-0.712883263221	2.3342423342	4040.6222852	6.25869469949	False	
-7.68192375417	-0.668611876089	2.69108351417	4040.66906172	6.25869469949	True	
-6.58327301661	-0.711825390968	2.27524636887	4039.69764977	6.1961077525	True	
-6.9208625301	-0.677383603092	2.4004195043	4038.09571735	6.13414667497	True	
-6.94176749935	-0.708624779649	2.43943509175	4040.22998021	6.07280520822	True	
-6.35016651444	-0.70106597619	2.16359462579	4038.75332004	6.01207715614	True	
-6.35071398728	-0.70315148381	2.17299862518	4039.5179322	5.95195638458	True	
-4.00339049825	-0.717324547919	1.14740649467	4057.2839281	5.89243682073	True	
-4.8867512715	-0.672685832561	1.4986823353	4044.00248801	5.83351245252	True	
-5.0232519309	-0.707502985241	1.57697156483	4045.47743663	5.775177328	True	
-4.2329913325	-0.695137693147	1.2381632964	4050.43806996	5.71742555472	True	
-5.06153708869	-0.633856074893	1.5560154904	4047.04008911	5.66025129917	True	
-4.89067797014	-0.705664276154	1.55060107388	4046.58893801	5.60364878618	True	
-5.07884725864	-0.698355107054	1.62281329202	4044.16296065	5.54761229832	True	
-4.61974648406	-0.636097780626	1.36362312861	4050.04446677	5.49213617533	True	
-5.73166243514	-0.640099311479	1.8553959255	4043.53218384	5.43721481358	True	
-6.54612696518	-0.629958405905	2.22235873864	4050.35827794	5.38284266545	True	
-6.60428733822	-0.71394617554	2.30985781058	4044.59376986	5.32901423879	True	
-6.67390634158	-0.656976210635	2.29404838188	4044.42721625	5.2757240964	True	
-7.44901302807	-0.666835358311	2.64090132783	4044.00747454	5.22296685544	True	
-7.44230332665	-0.708821186758	2.64997225671	4038.87472421	5.17073718688	True	
-7.59267350777	-0.727614520029	2.72020856464	4041.93192093	5.11902981502	False	
-7.77601667593	-0.667977295273	2.73847027312	4038.68978052	5.11902981502	True	
-7.85351396508	-0.617776159907	2.74932655342	4043.48948305	5.06783951687	True	
-8.27334505468	-0.660256777977	2.99010451196	4042.76595845	5.0171611217	True	
-7.76404816073	-0.69184642008	2.76373042071	4036.96626585	4.96698951048	True	
-7.2930877901	-0.677217882424	2.53331776955	4039.2587642	4.91731961538	True	
-6.53148894088	-0.641126931446	2.16047675401	4049.21492101	4.86814641922	True	
-6.97167038886	-0.676699611388	2.41624295038	4037.4063564	4.81946495503	True	
-7.11604600565	-0.698001904228	2.47793032993	4038.83867845	4.77127030548	True	
-7.71124810625	-0.669485072999	2.71787933236	4037.51904796	4.72355760242	True	
-8.09053915692	-0.64900982776	2.87360460281	4038.56217082	4.6763220264	True	
-8.37167269287	-0.587776017062	2.94963062741	4050.09258594	4.62955880614	True	
-7.48253043056	-0.667487935796	2.60989393152	4039.03852307	4.58326321807	True	
-7.11981827058	-0.616005439833	2.42531664128	4044.4484797	4.53743058589	True	
-6.70911049209	-0.659630132848	2.27174667646	4039.48391397	4.49205628004	True	
-7.6848386846	-0.721417638841	2.75364285172	4040.57706498	4.44713571723	True	
-8.03519288875	-0.72682740685	2.92292203819	4041.8517091	4.40266436006	True	
-8.2155568238	-0.664163832713	2.94250594979	4037.13145024	4.35863771646	True	
-8.14782317321	-0.649564849032	2.88059796774	4041.62131472	4.3150513393	True	
-7.9803763475	-0.65049942276	2.83780455914	4039.08395225	4.2719008259	True	
-7.79007095693	-0.686335069005	2.77175799242	4036.72860047	4.22918181765	True	
-7.96450872657	-0.603732742869	2.79571712717	4046.81339633	4.18688999947	False	
-7.46041916977	-0.703461043721	2.66085428312	4039.43772922	4.18688999947	True	
