-5.645497764819999986e+00
-8.625472950980000775e+00
8.175085288600000055e+00
1.943199290529999956e+00
-8.398360657030000453e+00
2.108426583930000042e+00
3.452342345159999937e+00
-2.379217714600000200e+00
9.228356850209999962e+00
1.867224442350000180e+00
-9.992764448069999972e+00
1.098598668159999958e+00
-1.326658096780000129e-01
5.597179204780000639e+00
3.925013364669999394e+00
-7.546133018449999952e+00
6.254499852769999535e+00
-1.527708154719999989e+00
5.968937281019999652e+00
-7.651579378889999283e+00
6.398833937390000060e+00
4.150444911310000151e+00
6.754342909380000926e+00
7.486882121049999839e+00
6.264841676649999691e+00
8.706392914100000269e+00
9.673451621139999901e+00
6.698722639349999675e+00
9.077312397280000056e+00
6.822572693890000650e+00
7.075587360419999250e+00
6.835352071819999153e+00
9.217982387550000212e+00
1.015160327559999942e+01
9.752689128980000177e+00
8.525522641040000238e+00
7.816825623169998849e+00
4.836241188109999811e+00
6.289693780759999520e+00
1.689353794399999886e+00
5.465113807030000714e+00
5.096055536209999737e+00
