Parameter 1	Parameter 2	Parameter 3	Parameter 4	Parameter 5	Parameter 6	Parameter 7	Parameter 8	Parameter 9	Parameter 10	Parameter 11	Parameter 12	Parameter 13	Parameter 14	Parameter 15	Parameter 16	Parameter 17	Parameter 18	Parameter 19	Parameter 20	Parameter 21	Parameter 22	Parameter 23	Parameter 24	Parameter 25	Parameter 26	Parameter 27	Parameter 28	Parameter 29	Parameter 30	Parameter 31	Parameter 32	Parameter 33	Potential	Temperature	Equilibruim
5.44066262132	-1.27498693005	1.97412838222	0.565333644841	-1.40850473792	1.7925167126	4.9037450902	4.77433520167	-4.15130074251	-2.81363728939	3.9235473074	-0.85735348314	5.74211995498	2.74054654269	5.52766351333	2.72125636096	5.08302793508	9.5582294362	4.07033294027	1.99754808195	0.570609311	4.84290069945	1.4537545742	3.28308763439	8.19763081961	2.52131678458	6.8766749169	3.78195572795	8.62539648393	3.79451340099	8.79153220403	3.08629511186	2.1605661644	2211.9125925	3444.54114507	False	
5.20902012511	-5.25774650008	0.345494624779	0.183332377195	2.68583400196	-0.256271775622	3.1737983346	6.03149592845	0.62812929172	-3.29536498729	9.21134299454	-1.53226766441	1.03929434293	8.755749298	7.21851077302	3.89303434503	8.98575092561	5.31535390316	0.99262302935	1.67634289711	1.33959502789	3.93454083835	5.6920247006	8.17764594667	1.84346937494	7.86000894717	7.35750956996	1.17184428771	1.66299725621	4.8237692271	8.8147683566	5.53478431126	2.13658587499	4095.74618463	3444.54114507	False	
9.50167584549	8.43376745167	-7.47870272588	8.78358136965	0.543276524505	1.06327441021	6.80579743607	2.80014612721	5.26756454205	7.66619276586	-5.45111054951	7.21054617056	5.21736688814	5.76309449403	7.80615937901	0.00248283977894	8.63841534421	1.43420697587	4.13668040439	9.92021565364	3.00348960477	4.62434231169	1.14477854034	6.9777096208	8.08447814978	6.00892315814	5.47586193228	2.37170390722	3.39057013168	6.44291227428	1.56053843912	3.34402195744	0.0612858926557	3360.134006	3444.54114507	False	
3.21230259972	5.16989868394	9.04998150845	6.79927330368	4.34491281796	2.07500907369	-5.00504629517	3.89948714293	-1.27440849415	-3.18529759938	6.8555276833	3.27452606288	8.7966126335	0.984453633541	1.10673224326	9.44499724761	5.63695797275	8.25310000532	5.51648363625	1.59098754873	1.17332329268	0.233485026028	7.46441917741	9.47057094369	3.66632645898	4.40498257921	5.42168138126	9.11109235089	2.37766426265	3.07897925487	6.58106560165	8.18224617716	1.48699446903	3270.82159413	3444.54114507	False	
7.38030547119	-2.21162623979	2.77797657761	1.30391852105	-3.1421970404	2.5116394886	1.57958538131	4.13699665892	-0.311414904537	-6.46421983611	3.42162903892	0.372975909546	6.2997593101	7.57555549382	5.25191172767	1.75116594633	7.21359378869	6.59597982138	3.41930882371	5.77398779934	4.56176618214	6.63093069345	5.48911547269	5.23804200064	5.46903785406	2.64982963026	4.31163085193	3.34580036941	7.62872409614	6.89522531443	3.79826548532	9.45285059675	1.2147460298	5020.27962287	3444.54114507	True	
5.15610912132	2.21362501996	4.73932756549	4.72366553341	-5.15969879936	1.95840247922	2.04563400717	-5.62748626963	7.6460068174	-3.97879395597	6.52955294834	9.51289466688	7.9419258657	4.11808830408	7.21130132681	6.52767761015	5.08299768227	3.59427266599	0.190310499843	1.39425327892	3.63227185168	0.540421357576	3.53612072722	3.53572206302	2.34571749101	7.2749692417	4.53617383113	1.2093744626	1.04804348374	6.65647011073	1.64742784466	1.06958793666	2.20940794751	2123.8915109	3272.31408782	False	
9.08071768905	7.66535591822	-2.96091700586	4.15256511925	7.66226460542	-8.32961143042	2.92227022236	3.77055421607	-1.38633274868	5.48795688527	-0.0418061700885	7.17143601086	5.68199234767	4.44927569197	4.02618927266	1.99270232671	8.49073820767	4.5423188151	7.18142628135	5.95983474208	5.65734060653	2.59779646163	4.91733853625	6.51226934996	4.9606781646	5.20988671983	7.4270920771	4.19542704397	2.54789895313	2.57604197754	3.13469467082	2.52487513726	2.61312817411	4096.18734013	3272.31408782	True	
-0.746826088562	7.87217349612	-1.85463604851	-4.45862268776	8.69932424843	5.20073803733	-7.04709218897	1.89821747533	7.83520889091	-4.4378889777	5.49644089749	-0.303023465092	4.35678210869	6.203672804	4.55156634828	9.50215547372	0.721750593395	4.81496838182	8.05378290707	0.829071925924	8.63258495704	6.40616713006	6.60338865475	3.09928832473	3.02137495911	9.25573347602	5.02814914238	8.65636840246	6.26866604107	2.07767815382	8.80650324959	6.93342818951	0.648538270716	3028.37020654	3108.69838343	True	
2.92535447381	6.89390897794	3.17294711007	-4.93118007576	9.3059563138	2.7291307956	1.83494899266	-2.15041189694	1.30814824384	6.26000099226	5.23677353673	0.0142757198364	6.48467774946	7.84848112505	3.77741937714	3.21023132584	7.17738077483	2.92764434449	1.40547086034	6.73624302493	4.13626192742	8.90852196795	6.0866970285	5.70501445032	9.82843670984	2.61239205565	2.50582042963	7.48560954949	0.894725726689	3.11041041401	9.23956947077	7.07111686424	2.31149869283	5237.73487961	2953.26346426	True	
5.35705325574	9.58665400713	9.1627573212	1.7324167053	4.54958151958	-6.47042723337	7.70800041998	5.89303731602	5.13977010923	9.19553826936	1.06471716494	9.89216859995	6.52527956699	5.11242149357	1.94509334001	4.91982043419	1.68861058863	2.73695477302	6.98409357433	2.09951676232	0.0660554393797	4.73739312632	6.13529934442	4.07809209703	5.18442842448	4.64113633472	2.81747818074	7.84515953883	1.57392296101	4.23080225696	8.69198431253	7.14295809171	3.21700773749	3626.17838735	2805.60029104	True	
6.55276436512	7.11692133469	3.23173810611	7.20504514511	6.83138128797	-6.1422553437	8.24403650408	5.06890330242	-2.80763597375	8.8141925719	7.90642649683	7.48727681074	2.2293843663	5.39428711417	9.15663699359	2.54839000823	0.92566540695	4.43615450564	7.44305125941	1.75919691309	2.90715548481	9.10047575001	7.22922903985	4.82316976712	7.93292333227	9.36150692429	6.30352843646	2.26235614924	1.15748574399	8.22013131357	1.68558609034	4.68101954154	1.55451763251	4616.64350654	2665.32027649	True	
5.7781823393	5.97791748525	7.498464291	-1.11453395631	4.23983489139	6.62084298049	1.90025911052	0.454349205454	-1.57934648369	-0.481431763626	7.59816560533	-6.68979665172	9.17558013396	7.76167152023	7.726526645	1.31178491787	7.75803892825	7.53507135913	4.2822512927	7.68714257711	5.050500166	8.15168780045	1.91680149501	7.88777379889	3.96567672559	8.25024615639	0.905159215943	2.95343675637	8.90001594616	3.32272854834	5.24472531283	0.49988278675	2.84915756914	3913.97991149	2532.05426267	True	
2.35648143056	1.478588399	4.6491536875	-6.78760311372	6.9341798791	2.93623450626	3.87866619552	6.85267283283	5.65496324059	-1.27333023671	4.06018835652	-3.6270060035	7.46382152626	5.44797896614	1.80062197407	8.60963392243	9.86550906262	8.66187762934	1.23635480173	8.07693304341	4.47779758371	5.51460544999	3.93343556444	8.55245192329	9.07264498968	1.22518436783	8.83014938283	1.91348040365	7.0729574852	3.26260648625	8.71056080676	6.58798267287	3.76112246899	3626.26194187	2405.45154953	True	
7.30044322138	9.33326596626	-3.17093233766	-3.04149262235	6.52307507267	-3.84667493978	-2.2504590323	9.57304156081	5.41156136552	-1.44171192958	7.38831116334	5.9345911369	9.93930150316	3.88001110358	2.87484110715	1.83313273537	7.30422785237	4.07978843957	5.64623097289	8.8081183374	6.9713167139	9.75204238984	3.43496908174	2.39719728657	1.29743232378	8.91747089606	0.829758411679	2.50227178645	4.58541335558	8.52141558098	9.48398352564	1.08357575598	3.17234497886	3159.4848088	2285.17897206	True	
5.67457626009	-2.87579657322	-0.00282291489444	6.76313292824	6.37790513024	-2.97933538391	4.89233721732	-3.37915393622	-2.40857670675	9.13669620259	-6.18689085897	6.02037510957	6.09556799342	4.97353832117	1.8872705809	6.08964873281	7.69797831021	3.70141393236	7.08204420894	8.1010592079	8.47069223905	0.532455703669	2.24401688568	3.69516516888	5.70320088347	0.60009345224	0.671967879555	2.55579338312	2.31607014439	4.71157993858	9.53214581179	3.83199056549	3.1005590608	2565.84703155	2170.92002345	True	
-0.0838058018585	4.20935037165	1.43809556905	0.380273115931	9.34337339156	6.71547974349	-2.1655744358	1.2197936117	-1.88922695062	-0.462217008005	7.5341393241	-7.63923761511	3.30116520261	3.46389120498	6.09476567952	6.45554577641	2.22433084996	3.39505253293	7.34951565089	3.07625816201	6.69651669378	5.75912931766	8.63152584274	2.97061252989	2.44277890426	4.19855045065	4.5310152071	9.06587669378	8.21949996736	3.10704565255	1.28826949824	3.46192875324	3.30935228222	2137.69577454	2062.37402228	True	
5.6000865828	6.27395244198	6.9947643174	1.04245672581	6.70892250432	1.83394503889	-6.39520432043	4.09432005418	3.81524276347	-2.27019699377	4.81456936686	6.37986874794	2.92832558486	6.09344400316	4.36186990663	6.98237790042	4.30026173186	9.40262666196	7.3923052832	3.38119638366	5.62707529293	7.29119535811	7.17745465872	6.26812295837	2.69167914167	6.04198864152	6.23991645609	7.39777622206	4.10486219236	1.49171010084	4.73841628668	4.53352954105	1.55870041015	2584.38008492	1959.25532117	True	
7.64941226182	8.15774483266	8.16112541409	-1.14946510597	7.55815487505	-5.10432677269	6.67768634566	-5.59690311843	5.95124257276	6.52711043339	-7.35176193831	4.25596768984	2.39375373128	7.77391669858	4.18671877897	4.69962438964	7.25936827961	0.90674638469	1.15437564535	5.65418488559	8.46899323789	2.37308143202	5.91935712141	1.37649851079	3.36942435112	3.71059569859	3.89013131951	1.6858094038	5.80685594895	2.64135729584	2.69866972342	1.41617039802	3.52609008318	3126.51235415	1861.29255511	True	
8.22286864009	-2.85414235372	2.12912406826	2.71971141953	3.34270368933	-4.45583532783	0.226652926171	-3.93584173429	8.0211641943	5.6725582839	-4.38930899395	7.50382267042	8.31660039518	8.1903269153	3.43705774113	4.18632021654	8.31442694585	8.25165051537	2.37622853178	7.33699818949	8.22341535102	7.18918247982	2.3318619195	6.88972961412	2.12951578293	6.46649041823	4.47467315308	2.39746787773	1.57212649492	6.06346238529	6.94352636054	5.36908771091	2.01429007486	4150.99145997	1768.22792735	True	
5.44216940235	-5.44959041086	6.4353995016	9.76264300428	9.2486281683	-3.36357721089	-1.92695539447	7.96518678651	-0.170502903007	-2.00820023757	3.27856105888	-8.02817467961	9.7247504912	2.80114460486	8.62586680874	1.86100333459	2.70103123027	3.53056568276	2.98547548716	8.43147594707	7.72594665506	2.27808525192	4.7023697683	4.96076967906	7.39332558154	1.88008896266	5.10207106001	3.48070003924	9.16161193867	9.78971227483	8.53003989541	4.52718211353	3.56102339924	3735.48767211	1679.81653099	True	
5.9413658306	0.35245911321	7.73849048012	-2.28246704698	3.46901556339	-1.6713115355	-2.93785098193	5.27079821976	-2.97409704951	-3.0596440713	7.26059602002	2.69369083897	6.71869754167	4.29897276851	1.84990987077	5.19862890562	8.98939000781	6.06794919218	2.69489835774	1.20553424403	7.56382087608	9.59755908503	0.608911981943	6.50108718346	1.08996204577	2.95062941203	8.0448290219	8.35764417388	6.27482797069	0.673247897977	7.91419170003	3.98249221698	1.84360560803	2304.65143822	1595.82570444	True	
8.38334392058	-4.61717453482	1.71678527256	6.04924422547	4.2838381766	-1.18915153209	-0.367189025645	-5.677409259	6.38768914407	1.38154983584	5.10906933849	5.79801003345	6.25023825245	0.292055637045	9.24177650857	0.767997099007	8.51211815139	1.92830196522	6.71490813975	1.04204444446	2.60094423473	3.38559091309	1.76243163616	4.33430773582	9.68007413545	8.2878474404	7.08892622064	4.24518216942	2.39463406797	5.27802801405	9.67768231675	9.7478071037	1.81926123854	2387.17385767	1516.03441922	False	
4.75295696389	2.95884399363	0.0938183089627	-6.50431150453	8.27143042599	3.73065670436	-0.16033703334	-7.17463232297	5.62221379931	5.01530002574	-0.160120033584	3.49228152567	6.19707137311	2.00787943384	1.68609056948	8.71740003809	7.06082462431	7.44989366818	7.83232909793	5.90336370393	4.49422507872	4.1886640689	1.7665510623	5.4911203586	1.04497686119	7.96451550189	5.23537837146	7.52986560165	9.29138220918	3.63698849623	1.68354956439	7.00219964379	3.03739842152	3343.59501733	1516.03441922	True	
5.50344432323	4.72685080388	-3.91602908724	2.43783029151	6.42033636738	-4.92103022344	3.82630128555	0.0497478706476	2.26663269554	-1.77998212318	-3.0273019953	7.33703042959	0.864718363828	9.57692928803	6.47913831532	3.44345825986	9.4043904873	4.677697369	4.64537643706	3.20942147045	2.58460021817	6.47341222535	8.65817309867	4.53125209802	8.76988778595	8.84957754873	4.35763988207	2.7758844319	8.13326872085	1.82422359602	1.83947181905	2.10136143817	1.45957393422	4776.1105296	1440.23269825	True	
1.7589452336	4.46169374514	0.676992770938	-2.41012328969	4.99417233775	5.55512544168	-0.968649464566	3.70906660688	-1.41258284328	-2.99802727503	1.28274570738	-5.88950716551	4.54954356277	5.55577744107	8.48746220137	1.24448202163	5.70147406823	6.97987408518	0.143675763589	4.04969347469	6.64992824297	9.58198541764	1.69837281697	4.934007136	2.40167618503	2.89485381438	9.05410274902	7.31711139351	4.82158826733	5.57769240067	5.68463290835	8.17059926535	3.67077359096	3633.29158955	1368.22106334	True	
8.83489487396	3.23971796954	-1.16304294734	-3.26825352382	-0.680680678128	2.74110525877	0.695977876376	4.72565740351	-7.20176415421	1.22161464729	2.32111100338	4.52130322615	1.83883116718	7.91083928148	4.16167504765	1.72242809626	9.10659211113	2.58972592	1.03268851789	3.26773152013	2.39843851292	7.80446585129	5.22155477048	9.85694946543	9.9344584037	0.732750499951	3.76522064948	3.20941428758	5.62001425356	1.21001951453	9.36577996035	8.00596209371	2.64268781856	3988.22751725	1299.81001017	True	
6.79090621348	8.13812293859	8.86265313232	6.1133718743	5.90991826774	-6.58987049221	7.82672068891	0.979097960521	6.93417287683	1.76139949787	4.04790182638	9.18520456477	8.38684052772	9.12158276743	7.32757878289	7.42759260789	7.62297212725	7.09510369435	5.67306692232	7.23434750467	0.181770835554	7.57803646139	1.24896791296	8.27414645861	9.87852058933	3.9976561805	7.19454776113	7.25819650263	2.99489542684	6.18374820897	4.88754302006	4.16021947155	0.173673539036	2502.39515475	1234.81950967	True	
4.5793206754	-2.37224451732	8.69741576044	2.54162754769	-7.06616250599	1.8835693236	0.772187133189	-0.53568957471	-0.178806500414	3.48692795902	6.39182337488	6.55878926525	0.0578037438584	1.7339362591	6.87372746958	7.8989327667	4.30859630141	5.09362120755	3.69548892924	5.180706716	7.10719771718	5.30221718349	9.96167974513	2.46631215908	3.38467399301	2.33613712787	7.82292266851	4.08166655385	0.0740697517343	8.90981539524	2.19954682795	9.11260827116	2.40547233318	1891.9519584	1173.07853418	True	
6.84684769153	4.22238717376	-0.855559858076	9.18284341698	-4.15790257816	5.6159859771	5.79391743905	-6.9255191584	6.85733945099	6.21195269815	1.4533016122	-0.747698628581	7.49310968758	9.05013916874	8.00707918185	6.55445670472	7.26700107352	1.1251114964	1.19504682506	6.17323302145	5.77225170577	1.63704293183	7.61127778308	9.37663391181	9.14208198383	3.9826298135	4.46623568613	1.69946274551	0.0302470909523	9.77652708941	6.36154859342	5.90693405768	3.69542895911	3470.60152561	1114.42460747	False	
2.9409248759	3.51362773673	4.50401516339	9.05782024949	0.439146397253	-6.3022317935	3.23613647842	7.37804954278	5.83450808096	-4.32563582636	9.03239403841	-4.62266374231	4.89348159069	3.59630532417	4.94713113494	9.61739735359	0.423232545133	8.70816234749	5.54600890564	4.50025766021	8.1791713226	5.3220460925	2.71655488768	8.76847607321	4.51466741314	7.70573051125	7.8595096626	9.01117472982	4.10684836428	6.06453295733	1.3606164369	3.35625220078	2.33726121213	1748.38678545	1114.42460747	False	
9.64967672781	5.20693228665	0.887209398811	6.90669859375	0.54415161232	7.96029318357	-7.06969298289	3.91520887794	0.749650202908	0.0752894359679	6.74989931487	0.481262072637	9.95687627965	2.25634556531	2.25417093815	1.79272229577	4.13790538053	3.7853067438	3.41169909558	2.95853209529	0.886299017422	2.17080791464	8.62272401538	0.986832224398	6.16796704862	2.57599689418	4.89191754143	2.71758959812	3.68767751148	1.91817525358	3.89617284508	8.1790247594	2.82290466509	3500.90445433	1114.42460747	True	
9.40624637866	-6.6729058295	6.7092383266	7.67831448972	5.1746912983	6.81482297062	4.66645961129	-6.71913159576	0.469869212696	3.42195424637	4.56677097698	8.51463504504	3.96187632272	2.41654006999	5.35759254092	4.57450610544	4.38470895168	6.35689868565	5.43927108771	8.86562530064	1.59245776427	6.82271970232	8.59703669224	1.47868890089	1.72123277494	8.09659534693	6.57833387024	1.82215740512	9.76633016213	2.35104312385	6.5382750715	6.48756484725	1.79631010609	2235.12787224	1058.7033771	True	
4.30949655834	0.0644698775312	-4.17274602789	1.89466661179	0.974556660698	4.33561980836	4.74503246254	-2.91822695388	-0.914469988909	7.38537533845	9.08189075551	4.89598967567	7.67533932156	2.8638643106	1.63217806619	7.50996183777	8.92587692123	5.88696760801	1.93068739382	7.79740861148	5.93251833161	4.4316309805	7.84501319994	0.511805067227	5.99936540285	5.70477066578	6.09613008345	1.76142941862	2.37510186603	4.72622623151	1.35918853056	5.7922739521	0.899176039738	4041.36594228	1005.76820824	True	
-0.374544776473	9.3554447464	9.42714088573	6.70500861315	-0.888098524858	6.78943377737	0.958947560012	-5.04685624184	8.03776026948	-0.322208030419	-0.730752468405	0.158213517959	0.760735317293	2.97105339046	9.20626707517	3.07890417245	1.2673042629	8.75024544747	4.85911187736	5.71134872342	3.36270531712	8.27101166697	2.3429808446	0.329371529298	7.63180853043	8.44340436055	2.51005659348	5.14084406765	2.64826470013	8.58468984112	8.87338345182	2.50080945892	0.61519658352	3204.46145465	955.479797833	True	
8.8178403447	1.41170836835	2.73551879413	-7.57881393887	7.9529278819	7.34726401927	8.9985317736	7.9989015053	-0.145857141414	5.9889789447	3.95323903784	1.67969851378	2.14415609197	5.91758867527	5.30017716952	4.23215777171	1.69111816907	3.16237631549	1.24681039899	8.36271565656	4.84635815755	2.51981063904	0.140541899011	2.5905692998	8.68338204478	6.3744347371	6.65399686573	7.20394714711	1.25204579177	6.42716569626	1.31922846371	1.82802257207	1.61880500245	3261.49051128	945.924999854	True	
1.86898213811	8.96550323153	9.66363316643	2.21123172849	9.94295997776	-5.67804196728	-2.12130379105	9.99605343274	0.312613408151	8.37701644874	8.06781169876	0.545754203704	6.84889480734	4.92069130764	7.13733231539	3.64450604425	2.61325692302	1.92481287037	7.67206933155	0.403989937013	6.20642546186	4.88638953731	9.38010124076	1.33807416781	4.05016162559	0.872481447662	2.62410886601	6.24090536927	5.96118962214	3.27159700797	5.93850330366	6.51600895958	0.581357650676	2873.53963431	936.465749856	True	
9.67626425182	8.26122120296	0.645614185882	0.650764955812	8.40305286669	-5.20945294828	-1.43041057844	1.19018696737	7.45319174702	-1.10808361297	-3.54373647227	0.789338241276	5.23014206906	5.62065378046	4.0250761294	7.89501275073	3.17665298137	8.2778129698	6.98847658897	3.08571710141	3.42194939559	9.27348394561	8.85274867225	0.100877004736	3.56655508098	1.11264681101	6.83264306876	7.90436217302	7.23117820137	1.52553711259	1.39524304712	3.48600349519	3.60178038066	1610.68377385	927.101092357	False	
-1.98106569933	8.20165783321	1.73972406464	9.06971325092	-3.33218127076	3.58945855157	8.67788109723	1.24280288717	-2.148814864	6.75553032456	-3.61387027385	3.04740716223	3.51803666462	2.15176135711	5.89521741469	7.3423404469	2.18990950863	9.06781513609	6.8024242321	1.30560496734	0.853835860887	2.47955003194	8.19640572938	4.04436085196	5.73193309111	9.55052603381	9.27706235913	8.10265440241	9.17156471443	3.43150906939	6.70395056889	7.45041330215	1.57361540787	1866.3628051	927.101092357	True	
6.44620304399	7.33117281176	2.10998014807	-1.65755978566	1.37786986045	0.986454602609	3.96720842759	-3.01573041035	-3.97802697924	1.24733490876	0.31013300942	6.33462954118	4.06919304896	9.64637228333	3.31090080967	7.82993116071	8.76166487764	5.27313776667	1.59571420188	8.5017303696	2.78354377451	3.58676073383	1.62907426873	2.94840408721	3.60116417592	9.18289283503	1.84562689077	3.27648381718	1.64929182584	3.4211579393	0.240593114403	8.38505710742	0.991773668859	3087.10963192	917.830081434	True	
0.436381531323	2.10019588383	2.757613722	0.934611356191	-2.60093743574	2.07750301071	-1.76679684387	8.50607829573	-5.4821236714	-0.837379910012	-0.289174508053	4.56200091582	4.28999649133	4.0524808678	0.987843326747	9.19301310762	0.219299333073	3.7419065516	1.12521117516	8.88840641115	9.1532175306	2.76926573184	1.62079975656	0.745420815876	2.41727204766	4.88301477894	8.35054685839	5.55064204542	1.61475198438	1.42428683506	3.56869841812	1.97822220773	1.16295528041	3080.70659337	908.651780619	True	
3.3514051662	1.44059102904	5.86128941506	-0.206622649013	6.10220797825	-3.78239900604	-4.31807884912	4.10481511896	8.43856721478	-1.11187653552	-2.9592988039	-0.159814547941	1.13134919553	3.99591643858	5.26030323515	4.28468240824	8.92484443355	1.98317860587	7.27239738514	2.03162525106	5.45149225145	9.41645253111	8.54819053406	2.66902452282	5.8315919292	2.92933529209	1.00335246256	7.85249987006	5.76501972254	2.4541861844	2.45832599892	2.02171572074	2.94139385804	3297.26043891	899.565262813	True	
9.61128074691	0.264062020563	8.02098203178	2.94057889608	2.58383624901	5.60516594105	-0.854614623011	2.82446956105	-4.40950067902	2.10347849932	7.80986248363	-5.71327503764	9.08778535652	0.849641210304	9.28549494935	5.33062545456	3.49560939258	7.27152818746	1.70823211359	5.01311094076	7.56250809634	4.42048689643	5.15439009887	1.71071187578	3.47320665613	4.14420815124	1.75629931946	8.52703705874	9.52226711529	6.59406761193	2.1535688254	5.96143723114	2.14259367137	3293.68975495	890.569610185	True	
3.21770462943	9.71609572124	-1.9470571826	-5.1394344734	8.80810246809	5.18331113581	1.20969651701	2.69087460104	1.75211926428	8.53508441733	-1.20632384435	5.24743269799	4.42953989272	5.18535675807	2.48481583487	6.96068784612	1.3004234313	3.32830420805	5.95728313286	1.5497463586	0.740622506933	2.29379886328	8.19902931659	6.66882971799	3.72847718398	3.02168012395	6.59162639679	7.55330505668	6.28211021884	3.50160150025	5.36091697816	1.30366054858	0.437322905108	2948.69231327	881.663914083	True	
8.66585091426	8.66398600207	5.13010634493	-7.54494176294	7.22026139933	4.50295664322	0.966009956755	8.02828212698	0.17749854362	2.17612400863	6.14898576351	4.07557405075	5.41657054187	8.52183369465	1.81767560132	4.05261003706	2.88967961204	0.106639540299	4.7284094542	8.49903149261	2.04468447162	2.40818054022	0.127241284327	5.71970271022	9.28758568942	4.80355080027	2.51152129821	0.246468846736	4.87583346777	4.20885068329	0.264220761326	2.10948476883	3.31097332787	3391.21754962	872.847274942	True	
3.05582710158	-2.30384189133	-1.56986566914	5.48797483152	-0.112778767074	-3.47569317019	4.75805888155	7.63353326437	-7.99304953454	9.77639213858	-6.59871415644	6.32042709529	5.34581603471	5.84626271884	4.84183198111	1.61181161792	8.92297234437	6.95880345731	8.61024226445	6.10138074044	5.01838631506	5.11704755225	9.46273653165	8.71296263599	5.87755710799	8.18754052646	0.326202313315	6.46817138917	4.96758791108	6.5829990325	6.20460407997	1.90919750941	2.57372798413	4693.42344538	864.118802193	True	
3.55939588511	-1.43709786529	0.329146927196	2.20629679223	-0.224194694389	5.39623748485	5.51600851973	0.788243513548	8.25003814809	-7.44163058161	0.969314539814	0.486408332419	8.48294115537	1.89996160548	8.22634645652	8.21111416827	3.2885868705	4.48831474697	7.94614659549	3.42287322375	8.81589373409	2.56672242947	7.39440032771	5.63566622448	7.29731231533	7.2137353113	8.09242550796	5.29122724965	3.61921685582	6.14624082571	5.20183077701	4.67624557349	3.08957020463	2285.62771383	855.477614171	True	
-0.422130885481	6.34170538209	4.31665619958	8.83353408634	-0.698930927125	8.55111056573	-0.76759105647	1.79017300823	1.00846555127	-4.27913714699	-0.17668320523	9.82466980263	4.34025035999	0.375756097472	2.74016861164	0.822007582664	1.03325427545	1.64490243199	4.42622170164	6.73805248499	8.49409605674	8.08666691582	7.04958728035	8.199509431	9.03053770153	7.86092050108	7.20545262459	5.8252504853	4.82335841729	1.47832299902	3.03683817042	5.85574876142	3.11904138717	4419.98996584	846.922838029	True	
2.89579553867	4.10129311517	4.61212568216	0.392456664628	-1.72684142328	-5.56749503139	6.26083757881	6.55693521081	8.60082576201	6.85116029796	7.91861965043	9.99938691989	6.00950619942	7.29946923256	8.94627190642	0.97424978998	2.04349891541	7.55075781622	8.62465084852	1.19614496371	0.228195164504	2.35545158126	3.83992695005	8.12807197105	7.38408081467	6.68514283661	3.60343416611	8.01624090559	9.05410243313	0.965846120184	2.32385003174	9.16045828353	2.1073407723	3281.92794772	838.453609649	True	
-2.84839660472	4.09691439744	2.25465221899	3.60186076543	5.58938669034	1.63673564046	8.31529867846	3.67687467593	-1.08323128662	9.62392373762	8.16728614892	-3.02693476654	6.38373215513	7.46789280386	2.0426390249	5.70724954636	4.4365146523	4.2502861829	7.25726998723	2.68267224895	6.68022808028	1.43038259817	1.47636357642	5.5263009429	1.01225811795	2.68340300494	6.84320410896	7.57431025501	0.635127835818	8.0659559824	5.22504422316	7.96204649711	2.95257985532	3116.88572409	830.069073552	True	
5.1785410709	2.30294800146	7.52848171952	4.02893001462	-2.79498002192	7.588684198	-0.21407668562	5.21200963782	-1.56279099261	-5.14401277187	1.11661756668	9.75862409919	4.73287589662	1.01364735166	0.521231614492	1.57730987047	8.54539804847	8.77437677961	7.88961193897	7.2062496397	9.67019285706	2.51640268173	9.90715296059	3.62324330232	7.65652430054	5.26409794299	2.38799566254	3.2698932603	3.43052412646	5.50333738804	2.08064979682	2.5351756816	3.26739438936	2542.79259072	821.768382817	True	
1.95587156364	9.85832400861	8.75093475158	9.09102740192	8.22982326285	-3.25609386	9.65191405259	0.96891417075	3.02855250847	8.07648179566	7.02999865676	-4.91162771288	0.597241366589	3.08376221506	3.93196743497	5.02187283558	6.96787378576	9.01619034383	8.57736053796	7.13546223185	0.15107857838	8.78601901561	7.02327478174	5.75614042942	7.86937779483	9.75846632767	8.55742680112	1.3874283319	8.42704654499	4.68145518353	1.7536459585	1.38159877391	2.30724099428	4036.35953849	813.550698989	True	
5.60712396108	3.30346840315	0.254360475243	3.24208650082	0.745782729416	-3.89404053059	0.446960956667	0.441148945529	8.64536640637	1.66849355343	-0.370348372906	-2.78068873401	7.45107884808	1.25165982095	2.24819873589	3.7571963446	7.15287509614	5.22938235657	8.22361720809	0.353761894737	0.317326040142	6.3148226234	4.53711127559	3.95488715801	5.9275212037	3.33430478911	3.45339213332	3.77070494496	3.18972536385	6.20535876129	3.11051222775	1.51706210719	1.23797286246	1975.38983748	805.415191999	True	
8.08622474225	3.16980963153	-3.93065016057	-1.90556993617	6.70625383986	-6.31351225404	9.28439959508	-3.46849805033	9.37304243571	-4.74281125386	4.40157763314	-0.66037157902	7.61831810999	3.51740292193	3.39579874887	8.45010085332	0.241118659998	8.69404871134	8.91801235251	6.34109272172	2.74114111094	6.79461311046	1.0825420458	8.760760834	0.155267195796	4.77889343218	5.35400601985	1.58871509423	5.82663974983	7.06626287005	0.033632871204	2.32476549173	2.79209243827	2658.46409376	797.361040079	True	
-1.67824078787	3.63300289075	0.963913350762	8.19189946864	7.34179173431	-3.10166245773	5.68128499328	6.57618022713	0.0490805075864	3.12654131597	-1.43088371835	0.933585890978	8.09484018212	3.91999640674	6.34480005662	3.35266736244	3.3973442216	6.06127258182	1.32856381789	5.57202432199	0.687414601589	6.69880613728	4.68790630615	3.16856182734	1.40004787371	1.45984219124	8.55422282272	7.83549876798	1.14940074088	1.55503392279	4.86766121881	0.750156949549	2.21167965095	3143.52373455	789.387429678	True	
5.75540228244	-2.4205253708	6.73944593603	7.14909582425	-4.87986729221	9.37051364581	1.20444075805	3.55730616426	-6.93852050778	3.22154331448	3.89902303037	-8.18251540865	7.32991936809	3.41243571245	5.2515672471	7.82635317585	6.80199386495	7.76126019432	9.36186750477	4.80022767135	5.95065629051	7.16448094935	4.18885019131	8.61290133245	2.20753451637	1.66907792558	9.51225629886	7.3322426641	6.90279461552	5.34994474548	5.85751309181	2.78048874658	3.69945961778	1231.62897403	781.493555381	False	
-1.13900724025	2.37920498845	1.61432122941	6.82542429686	-1.59572143518	-5.80198317393	5.05516603898	1.41792508553	-1.58850764398	2.82886562489	4.48462371768	9.72454194281	4.69862296455	2.02927732666	4.44751028438	5.1021979891	7.84761438369	2.60534296579	7.61117175843	1.20454780303	5.11585446871	3.67094076192	8.463873852	2.31634946035	6.10652750749	0.0329228164924	0.744682206632	5.93832604359	9.73496640925	6.49512521817	9.19955133287	1.53479591137	1.75687899893	1590.63351179	781.493555381	True	
6.97045816552	2.66250805978	8.50502433784	3.90709986779	7.34790073087	-2.57388732002	2.21655139195	5.20966024372	-1.44734067674	-5.43914250268	8.61110212218	0.0756798403362	6.22262814182	5.93492155687	3.1322976357	6.32077527844	6.59803249175	4.653313546	8.13903954362	2.3879401445	9.88925611331	4.98116779544	1.60060005135	6.11531688753	8.05593244692	5.9115892101	0.750264251118	4.14636298513	0.924011762905	8.25345086653	6.57991111529	7.34738674611	3.0015861009	2225.65528188	773.678619828	True	
1.61197141499	7.02740205843	-2.65143319533	-4.71988759846	2.49144623285	7.80689024374	-1.7946908646	2.97566990343	1.00582558143	0.625826610052	-2.43786798093	2.29474739106	7.28069573602	7.11620361754	1.47367847262	8.68197367638	8.99381999185	7.80247184128	6.97115577923	2.19432925962	4.73032762071	2.80848515648	4.25360218758	3.53837326375	8.65434884494	4.41351258382	5.7894266255	2.79534268927	8.6145961134	5.00972281346	8.53821172665	6.77911895402	3.66831304061	1875.94616685	765.941833629	True	
5.97189762413	-0.686766609466	-3.81128659503	6.82739430459	-7.32614728574	7.18242752862	3.82655859945	-1.85125513643	-0.248059328594	1.58203041375	4.91993906234	1.04583243294	7.38316306347	5.38781277626	9.0674141174	7.44572556614	6.36705189562	9.160724433	3.8094583276	3.26672311549	5.59391676261	2.29601109599	5.08259641427	6.96074507809	6.7327681507	5.32906997317	7.29225146925	0.304953327004	5.43422782086	3.89396971587	8.24423819558	3.44787997677	0.636600489262	1709.39772533	758.282415293	True	
2.455303281	5.71555160273	7.26902295874	-5.62598872202	8.94033127473	-6.88132988134	8.15832627373	5.06653844799	-2.23680526563	1.4359838633	0.775394721603	7.92562022594	1.22832597294	1.92728898024	4.11414512362	8.19683674271	3.95684323577	8.04078035097	3.08595954528	3.48659348387	6.29970656351	0.146795287828	9.38875331533	0.347196966942	5.11361191926	9.94420388933	2.71334421058	4.97378516754	3.21842701483	0.36737954762	7.7463440312	2.26357950431	2.02248242692	2843.47889956	750.69959114	True	
6.40924689973	6.25532469726	-7.37949939137	5.06767974837	-1.92893012128	2.9529258916	9.16341150905	1.66143018584	8.0484721458	7.94015568179	8.43367693308	-3.34949868402	4.64164062257	3.84360212264	2.07107657218	0.648462635931	8.63521456502	6.92267149994	4.22722618254	7.06101171174	9.90595464328	9.61523489892	4.32526069094	5.84060759603	2.73748927595	3.89153978787	6.76268368051	4.49883967533	6.49040733561	8.36749925094	1.87994171891	0.80258532697	2.79568965739	2508.99699072	743.192595229	True	
4.39865949187	1.47817037162	-6.46981511084	7.14200362783	-3.05464914458	-1.71381323799	4.01572919585	-2.64161341088	6.35703695796	0.189284751962	-1.47580214135	2.26833686962	7.58452578982	6.09486351459	4.24309414322	5.78723557415	2.19662582899	3.9630853081	7.79572937992	4.41738449992	7.65937979687	1.0290755017	9.3139320868	7.71870780943	8.91449636866	4.54485209461	3.37526770063	7.63878492102	8.19506572818	1.29721287425	5.81706513746	0.116913256371	3.05563546226	2220.75980433	735.760669276	True	
6.10080777575	8.95089257076	-6.48167350794	7.19023053826	-2.10019122034	-4.46413917253	9.04837959848	6.95593691848	-1.99491401276	7.75525218907	3.78367117848	5.84586947871	7.05135055776	6.64056647195	9.5504396879	7.48062422088	0.862680992896	6.89847694567	0.863290676569	6.83841585733	8.68313288875	8.89791290873	2.44850415011	7.62995812738	8.21073057182	3.0974835913	7.85130836457	7.2406360907	3.82072855685	8.58634578823	2.96755399837	2.15925654207	2.77257851511	2706.15955871	728.403062584	True	
5.05787805513	-3.098819755	-3.35041629538	7.81730877466	-3.09452095123	0.0311050843572	1.72128851193	3.05448594987	1.2517121859	-1.9597515752	-2.41900492897	3.77515546912	6.01116336192	2.08868113642	5.81726378469	2.21324148499	4.51662700057	0.611844585914	7.19870839222	7.83918939823	3.3160478133	5.72378256051	7.29919593492	9.48261611401	5.21651389965	1.01767015925	2.93261002342	4.66358267491	5.108617538	1.36044873632	1.74640787336	2.93641703585	3.00849708973	2817.11586031	721.119031958	True	
-1.28332082614	7.98758470898	8.68592594742	-4.292994055	6.91847260133	8.09535112439	1.05992015176	-0.493021797429	-6.38531513462	7.48948005342	1.10430330928	2.67701275129	4.42977170515	9.00979599062	0.207490120659	6.1869951203	7.30621235837	9.11764224979	0.939737952919	9.05117489518	9.0647307897	6.2648780738	4.41381445683	5.9743777293	2.97621931018	1.4746877304	7.88566591364	3.24965977578	9.51137478918	1.06716383892	0.262829266211	6.64782062175	2.74803253975	4078.26466058	713.907841638	True	
3.30393676736	-4.68665087297	7.82101244148	7.6078682922	1.73023812771	7.71217994473	-4.23552096549	-1.63221597047	7.55205058815	1.91849318935	-0.789360669386	1.314381514	8.82465862552	6.5005475341	2.51844042246	1.36699490859	5.89141679043	5.47729061077	3.44367385392	0.74125539969	5.57488549835	1.548642307	1.28260594427	6.41011522595	5.38213428001	1.32172091183	7.09134363622	2.85419699549	8.78379865885	9.50037543987	7.79500032279	9.27894867709	1.00652029177	3278.12959799	706.768763222	True	
7.30051697859	4.84750350212	4.79464229493	-3.78025447149	4.59002672678	-3.22626380262	-3.59554738975	1.53823908658	6.37404623708	5.42031977443	7.63624256498	8.83626013353	1.5836837799	7.30603735399	6.2793797314	5.33750517805	6.37923522253	7.81256431301	1.16089737601	1.13542677128	7.96102927857	9.80548385205	2.53001691883	6.20143349526	7.1296077969	6.21958130738	6.05507061777	9.05461994221	7.12390641477	6.77235522372	4.0802634228	8.2587612701	2.83041609604	2120.41077988	699.70107559	True	
8.53037343958	-7.69584748305	4.19341086765	2.15036907259	-1.19602296849	-0.889071032876	-1.85231513575	2.01627449881	3.19673522116	8.84400704479	7.60965825497	-0.217229385667	5.48560710113	4.62577652556	0.811658423572	4.01284731486	2.59265161253	7.88436137035	4.34698939516	7.42503614398	7.13270521649	2.84828746841	5.10660476447	8.33856176161	0.32435746269	2.55472436417	1.26195572674	3.04582788625	2.98016972982	9.08946787074	3.21731054818	1.98763811352	0.836654556474	2795.24971727	692.704064834	True	
4.63428731905	-5.87471450611	3.76917952826	7.709462858	-1.57736018495	5.21464553304	5.50386742965	1.80488729783	3.64184171741	7.67708316336	4.31307176514	2.96831245168	4.67744769236	3.44063881729	5.76331500605	6.04457603478	1.24570779891	9.78488829284	8.13451656808	5.07545900513	3.3892406869	3.46230052071	2.58978958853	8.74869268903	9.01033805106	8.81172227672	8.05138388629	5.23998955589	4.23862730391	9.06716583312	5.63463520393	9.09441383683	1.59383817598	2477.70476349	685.777024185	True	
5.99392348905	-1.3856460966	8.42089024398	-1.4148979437	7.09651592061	1.25174636715	-6.57308703674	2.13399868054	6.92344902288	-1.1387012642	3.0513468749	1.85232223589	6.0686045504	4.26035262022	6.96798783994	1.57723556972	3.18255465178	1.57106722427	7.42654154481	8.92530719438	4.03800519047	0.125900242669	6.7196518925	3.94229687384	5.70096938711	1.46804320215	2.45789086268	9.607232828	6.47771891202	6.28969161353	7.23814692494	9.42514968505	3.64119653727	3044.25563372	678.919253943	True	
0.955017517224	-0.543524890876	-1.97426548488	8.07659752791	6.5720064918	-5.13812356131	9.83151043157	8.46226511744	-0.824673576891	1.74253733852	4.49234919619	0.702054670795	4.46390860915	4.10260233365	8.28124255887	5.08054299948	4.69976321183	7.69936955143	9.01440190977	8.96865436105	6.44965207964	0.344246925865	8.01565570559	6.94101652892	2.43081135002	1.79814018153	5.65896675994	2.32616897277	2.51305285075	4.70820325891	8.5472551563	3.81047666618	1.82472856125	3023.35115311	672.130061404	True	
3.95091464556	-0.650430564709	4.2037681988	7.49910026252	-6.86942529578	9.33850991162	4.37614081883	2.88117089251	2.34008300297	1.63189295069	8.46505842536	0.555027121351	6.21505379207	3.71489013912	4.19519743328	1.26818539446	5.67746291679	6.70894566939	4.40264663077	8.55848251384	4.36597385643	5.64682876803	9.29022769938	1.15299316485	4.5903727635	6.34839048383	4.95645553565	3.24729478217	8.57996723684	3.30865470973	6.27056357304	2.52385881645	0.533456328314	2420.86475928	665.40876079	True	
-0.0483280444748	6.74564600813	6.01604822639	4.7346957591	-5.12669689651	3.69246290739	-6.14701205269	9.91503626478	5.86984959803	-1.22480922944	7.10735192385	1.37653071992	6.66285146271	5.05199927689	3.88238036651	5.61093801775	7.95892453073	7.62292450505	7.85090216271	7.25549156453	3.855108051	3.15447665274	6.2877907409	8.44331323787	2.98448445337	3.15215384066	0.384839946997	8.17562528218	1.97096015317	2.57988753974	4.18002950408	0.668993341894	1.67627668602	1701.83022283	658.754673182	True	
-0.274767960771	3.14270186739	-1.83720064439	9.44552369116	-6.10150166333	4.95704575277	3.13409791041	7.39347274351	-0.143952026137	-6.65163949851	1.58053086121	2.11066160793	4.7946215854	6.46134916346	7.4116339445	9.03339537776	4.55400711513	7.29604736022	4.73100015271	5.18059593096	4.17332798593	8.78050175549	3.96181893424	1.47600294498	4.26512047234	6.64949202706	1.60406423132	6.53455802112	4.30602716167	8.825015774	6.16012665658	4.40414045431	3.02148239398	2272.22534092	652.16712645	True	
0.773361559415	9.40728522533	-7.55630017006	2.98340283156	-1.97866387185	7.69734206828	7.63032796097	-3.92792621459	6.35513332265	4.10647887418	0.739814822143	1.00804650516	8.5997793357	1.14691328498	7.35118341295	1.4847794497	3.27454664413	8.2206406558	9.05446423532	5.68985839559	8.22821501684	7.17690947715	1.77226411699	0.506651916629	1.3890582183	4.83124408471	9.23991233508	2.9238820985	1.73008387715	0.917755699745	6.16540489505	6.82171982895	3.67146606472	2961.66236319	645.645455186	True	
0.892887280035	4.76391136674	-5.90178151112	0.227761903502	3.65365007307	8.72469960153	4.93506843911	0.246604532466	2.86540771537	-3.87789499901	7.4103051288	-1.26235615817	6.42441049788	6.96088882881	9.3286580945	0.110515926241	3.30498915818	2.77465052757	6.34003075256	2.71522284402	6.35598106957	1.72071666495	1.873864001	4.01211602299	8.34670970005	7.85913635109	6.48368536282	5.25312671072	0.371634580739	1.25442849662	5.00680689194	6.00581843777	2.81308534195	2956.27589496	639.189000634	True	
6.21541554652	-6.91061565721	5.62198257369	3.72158868437	3.8580213441	-3.75292128083	-2.31253068603	8.09084580861	-7.61774411242	6.66034301806	6.34549134624	6.34531389032	8.15153159269	0.0733165542964	4.93189972016	5.33989106353	8.72388301946	8.51831275567	5.58629567852	5.1458053833	7.59425199764	5.07989452334	1.5758953841	8.57491311374	5.92145757264	5.99355704219	6.32533699683	0.105423952555	3.28286991311	4.0974685517	2.89793165114	1.37569227603	1.41797646217	3614.91915806	632.797110628	False	
8.12671889677	-0.912900721913	8.39731487603	2.15676313843	1.03323269654	-2.57589691562	-4.32693770826	4.74007767694	6.22176808384	-3.99188673347	5.1922781506	-5.19530951596	2.45978280465	7.41086409609	4.94558206233	5.77963707379	3.34891568785	7.24738196578	6.57408866038	4.4715828272	0.894024801526	1.92818389213	1.63681310278	5.39572952978	0.65444398275	7.63065024572	2.99194194641	8.95554853772	7.4049431657	7.88931546332	9.64518411255	8.69086288398	2.42732576274	3191.58213613	632.797110628	True	
8.23648684408	-3.08649898377	-1.87814331306	4.37678234143	-5.83733243237	6.12346191845	7.75033497212	8.2235946866	5.83780201087	-1.04774563127	5.1827495134	-8.17246124269	6.45134941526	0.456207905518	6.04038699778	9.43891873471	6.3241706631	8.89057784961	6.00892898989	3.02439042031	1.06116773468	3.25886451913	8.36179071716	6.65349847168	9.14175901768	5.19490014621	9.62715205801	8.23551935032	7.98175820994	1.56969667428	1.47599758892	4.32205686449	3.31953636162	2488.12428438	626.469139521	True	
8.90442729956	-0.112989817119	6.60775570916	8.78420766348	8.00435536434	9.29074040948	6.01042178624	-4.99357269404	6.38353261841	8.58546104091	4.53386451447	-2.0847297343	1.18352810481	3.77818526612	9.51576815337	8.94597138645	0.592921231661	6.27836169242	8.34001737267	6.93020608851	0.248127714066	6.72920539262	8.21184994996	6.45795468101	4.22936666435	8.86808541282	1.22172016126	2.57347093743	2.99694099306	1.41847156492	3.16023966289	2.96364509717	0.660012838699	3197.44615994	620.204448126	True	
7.89298778258	-3.48397316775	-2.88359139879	-0.440392262066	6.47179977982	4.2273316373	-4.12489266547	1.2280713144	6.05151816356	0.641496525051	-1.88247322053	6.79051666058	4.50972029732	1.09586902411	7.4749971106	7.56376517358	2.39312382605	8.10401787185	6.3773743053	5.73906550279	3.93827889252	3.78282091135	4.77647638179	2.18243981396	3.83101433101	1.0446152784	4.0470096982	8.88060989725	0.558361491351	2.2008384785	6.28376980476	0.0989144532571	2.00792254781	1614.49976336	614.002403645	True	
2.52116668008	-0.0710252727007	7.10567557294	0.935617611506	0.128580803259	6.7033933932	-7.57873691995	7.13650234251	-0.633443489229	8.38057794434	1.07566870313	9.00824573687	4.72887494185	6.64067766282	1.49262041219	0.395529001556	2.43792122977	3.28650694575	2.08668714984	4.56122715581	7.15502952208	8.97809703746	0.829919816313	3.15012682837	2.15622854883	5.44219503717	4.30065098433	7.47009683874	8.89641605118	4.51968709022	1.75710752764	5.07544810729	3.69651405235	3123.24122234	607.862379608	True	
-1.40704648861	4.30281126988	2.83535240005	9.40992053158	8.22071329052	2.71865634932	0.711634043709	3.07896807429	-6.71742626906	3.77735552928	8.34178950233	3.08837753414	7.70524774956	6.55680350709	5.44775336643	7.17618091369	7.30843814108	2.71427305827	4.97967232035	6.27149501008	7.57152485459	0.717040117334	5.77802427805	0.890202042595	7.82107038202	8.89632015094	0.280877873103	9.22779444093	5.66527930839	5.17520722776	2.74797418796	4.22845287993	3.84543588344	1870.01136058	601.783755812	False	
5.00759880288	6.4178266727	-4.47575365811	0.090164038921	3.45665071679	-3.30761291165	-1.76596875437	8.138365039	1.58045986849	9.30577856878	8.7024008432	-4.9371858535	4.88500659778	5.16075149935	5.01006396055	3.0901282208	6.6969204478	5.76690083939	4.14052180414	2.58813097748	3.58624002859	8.33916246993	5.48388440811	5.17509814813	7.79570259095	2.19375960896	6.37273515866	8.05656713575	1.0442726706	5.21968708106	0.986241812207	2.88293832765	3.58521970084	2285.41020842	601.783755812	True	
-1.55376055341	8.82090800557	1.74998378939	-0.596928083846	8.24738133319	-4.40403671319	6.71421223647	0.568909616218	7.91205584101	-7.5937084507	7.58199387777	2.27959782803	5.8270322881	3.56116432587	0.603175816974	8.59957579332	3.96362089874	1.16202918085	4.38379541216	1.76169744197	6.03482075518	4.91610651677	3.6590045589	2.65654087417	1.76819195866	7.00661205269	8.47690099702	1.29442622742	1.21433231624	2.34767196032	3.72858806355	6.10590438107	3.62927902124	2531.09219248	595.765918254	True	
-0.176334460631	4.28018798275	3.90483127225	0.734967227708	-0.000926116902699	-3.09871023242	1.26852130558	6.4209637875	2.44804340602	-3.61233128154	-2.26574819652	9.21158735232	3.69046546191	1.90150851643	6.16399241402	4.31291612371	5.77896112985	7.03872477516	7.07500966672	5.51135713996	3.96614497425	9.17764868201	6.01142368936	5.48342338453	7.72517712735	6.86835443593	6.20450625434	3.88677738824	5.79500086638	7.34034081122	7.30437715165	5.85648775981	0.739544548888	1781.63967374	589.808259072	True	
7.62300747287	4.81181865434	3.45273300065	-0.82176739704	6.45149024601	1.28111170252	9.36310075333	-0.0705590372281	2.49280657867	-6.09234797447	0.49225168512	2.26900082149	6.53945622287	1.59105845807	2.91537842323	8.48168733284	8.10173229603	3.16717664288	9.48040839303	9.12665950855	8.06878616879	9.58839660937	9.15759413285	6.54740546781	6.35883298035	0.199549397685	2.79552094636	7.45107144811	7.26117917069	4.27634899961	3.58030794679	0.655097086107	2.20485791492	2640.9050465	583.910176481	True	
7.84752477062	9.65556633899	-2.17984305079	-5.23405822239	0.719459448021	6.99408100191	1.873606827	8.15060248112	-4.59149134101	5.29963230621	-1.9198961894	8.85672171252	4.65649683414	2.98517551311	4.69608142426	5.1526571836	9.56454275974	1.2837464738	4.12077465625	5.17298908357	1.60062172074	6.86404394731	4.28849708976	2.79216173297	7.34261969552	6.40636020669	4.77203247478	7.20960840496	7.41347596664	2.03864082438	6.12290068737	4.80240009144	2.71935954217	2393.08773354	578.071074716	True	
5.3607209174	3.07171018783	-1.42712404393	4.99135734295	-4.79115974047	-1.38179975162	1.0478076516	2.55053354127	7.53458918728	-6.18464119329	6.35612282263	7.96756339974	1.67866216917	6.47852566423	6.31745612813	8.56047017071	7.32909869583	9.24099703108	1.06479376291	5.54949639422	0.5724642325	0.955141738193	4.94438123279	8.5794568506	7.09212536576	1.05437040694	6.85255225231	1.44433325155	6.53932408941	5.80544490281	1.1762333869	5.09237780198	2.89985022365	2556.09590803	572.290363969	True	
1.28239156922	5.49961033032	7.96195680914	8.1438118271	4.29186924449	0.25529666712	5.36212714017	6.83455415681	-2.22904214203	4.07296802537	3.92219741931	-7.57045272626	3.2996549138	0.669579559625	6.7157234298	5.12063337279	6.74311036261	6.68803274015	9.11726432957	5.21334563813	1.96133437752	9.0899091439	4.11898864432	5.00239623625	4.98823393879	6.50969778328	0.74310719606	1.8662683908	9.04418647669	7.14652254801	3.491355519	6.12553507707	2.7975215089	2633.9460475	566.567460329	False	
7.54522446869	0.0764862250088	2.21594209681	5.03375148498	-4.08823935306	-1.48817285966	-2.03268191299	5.27240424221	3.16778330818	-1.88649919614	1.74235161678	7.45356295163	4.20648343875	5.949969716	4.46506008834	5.65194752684	1.95571171037	7.88137837819	4.00004358182	1.43782985807	9.21825131884	5.68197304813	3.46305067936	9.29132664437	1.15482766035	4.73563024482	3.63282091182	0.264543386296	6.94432912723	1.50411325587	7.30460348962	0.912151390631	1.57684894219	1817.1547122	566.567460329	True	
3.26195723844	-1.01150230448	-2.0125288458	4.88170295248	-0.718321369354	6.62810076581	-3.03617205285	1.87852790074	-5.1487951048	1.88788431535	-0.126067330549	8.79961778234	8.01199046846	1.74540574545	4.14348830071	6.11456408521	7.5687301866	4.97485636919	6.10690989355	7.72153553706	2.36306088519	3.719151601	3.96474985541	0.590212486487	4.52207301818	9.77553199358	4.31366798589	4.91733041682	4.723378266	1.92492607965	8.54650670925	1.91802703441	2.92131294682	1467.60852382	560.901785726	True	
3.99592506928	6.68457826287	3.1549232112	0.00885524657032	3.79823299769	7.19418397617	1.27485198112	2.75563429165	-6.10115924085	-0.902670126718	6.42717432981	5.06858990968	7.28207988834	8.76107899982	8.62976366614	8.56349180616	0.850818670259	3.21814032653	5.79060550905	0.45781206804	8.63578478362	6.93115739556	5.51015016193	7.45292617417	8.63217421823	7.76078862575	5.75327298359	0.732425368595	8.83908640052	5.38761883801	3.07217859016	6.53923024911	0.784058513458	2869.39270591	555.292767869	True	
8.26624693181	-6.97321448735	0.701639596218	8.67265385007	-4.9465411891	1.07878361103	2.68699367403	7.16577134044	7.86018578344	-0.863115878585	4.13698001645	9.05737120028	4.78057766431	0.0307438938446	5.65463281763	8.70123294264	6.88794629912	9.1445249959	8.03272772472	2.93181752682	2.74604897585	4.39996574048	4.88989736748	9.21684127754	2.27624599385	4.7897376538	4.23658932063	3.13932201501	5.24050477276	0.424083162984	9.60807267004	0.871531710149	1.74121149981	1810.56066273	549.73984019	True	
3.50980295582	7.37575376736	7.60777560834	2.79513364877	0.286092567548	8.43878546001	-6.2369194308	8.05966513381	2.63347283038	8.78937172391	2.16049073525	-1.36163004988	4.07250724944	0.580996432542	8.51391483946	6.93460529691	9.18391049425	8.39123448114	0.706104156178	2.80528415676	0.228083309563	3.03091355963	0.831161802147	1.69336289556	2.63093308234	3.95064302185	0.623541131792	6.53053572873	3.65724173884	8.79278176467	4.58384238672	0.849607826561	0.380715500872	2462.3148372	544.242441788	False	
7.66747089548	2.14759817932	-0.101321062338	7.10513132455	3.82336964183	1.4550570425	-0.964568424138	1.28335750103	0.796451030746	-1.82916113012	4.77181816026	-2.50279243433	6.59936199914	1.4145898187	5.29639721758	8.87223310579	7.70951703988	6.60553250066	8.97365903965	1.95377553665	6.04605655049	6.13002453284	3.50492726986	0.467730603682	4.01583877183	8.35489258678	0.125589005653	1.37963879534	4.31104467536	1.46035544031	3.47074294951	0.0291797381865	0.748859882835	1631.75700128	544.242441788	True	
2.87099776803	8.19190610354	-2.34938051648	6.05796931425	7.68728203128	2.205500482	2.40247476825	4.58938296139	-6.58634591706	4.8354794821	-5.05934374479	0.819623172909	6.23531256839	6.26674942528	6.47486112216	6.62071658749	5.13736025207	5.46854046315	5.46428803699	6.38650281508	9.8211572311	6.39583052685	3.59119746352	3.93350779759	2.86032281312	6.84966953655	1.80792622984	6.96175117287	4.55800786605	0.173780515693	1.14251331468	6.04927000379	3.90563430252	1310.51398318	538.80001737	True	
2.6298666868	-3.33917559275	5.79035482321	-2.03399039651	5.03306733255	-3.30032782145	5.88963092625	5.8649965071	1.78672947699	6.17633291198	-2.6644438499	4.87968635173	4.8391305368	7.9038410825	3.988633324	7.15446925348	6.63460246631	7.05490947953	8.64961945876	0.135935794271	3.15453099581	1.52520744356	6.14666260292	3.60707210228	5.21483093927	8.28380979152	6.98252894327	5.16088729851	4.12923742502	6.43525820064	6.49865343056	2.06910380376	0.621515235676	2918.89364718	533.412017197	True	
-2.11627258873	8.24750577919	-3.80814029395	7.88437562474	7.19008305165	-4.97403704837	-2.07640284847	5.83387277011	-2.33821645082	4.55059002706	-0.114314024468	0.301995792954	4.90191858105	3.24104961023	9.37736901316	3.86556737904	6.62353440887	6.11114730811	3.00529801122	4.70136837729	1.31026650958	0.615806020154	9.53754937184	8.99973003121	6.69231772684	6.49607297805	5.26846079802	7.65316675094	2.235946997	2.46429119549	0.91300752134	2.8118256466	2.32509049946	2077.46597321	528.077897025	True	
1.12533958672	4.6208006169	4.21012564527	0.96747569618	-4.59592864868	-1.54890773384	3.1008260421	-3.27967353099	8.40717734302	-1.12427957156	0.694153714966	9.78465206728	6.27930598503	1.92636716821	0.75642464906	1.9970915252	8.21037494603	3.89312787895	2.51252271221	7.13476902979	8.31529720558	7.79379572268	7.59225372701	4.48077745328	8.2580010005	6.15506753038	2.84848739827	0.331704565495	7.65651845711	7.55807264078	8.25943110764	0.336545145815	0.440717117286	2366.28107187	522.797118054	True	
6.11444165517	9.89838939394	-2.00584812463	-0.150193795324	7.15462243541	-7.31145773718	1.36899476066	6.17043774452	0.297876212384	-1.06510792765	0.0281528125612	3.24524961853	4.7830693606	2.11174980338	6.6402878863	3.89241109166	6.10055000798	0.994518986164	0.549509377337	7.03950484607	8.57996062455	2.56699038411	8.95242104249	2.15296673489	3.76208895856	1.05533467247	6.98715313734	5.22403994593	1.56158192764	4.79131541107	9.11350637527	8.29753097457	2.12916584543	2479.4977138	517.569146874	True	
8.23772114664	1.27704213131	-0.332021026546	6.27097892658	2.2145479561	-0.384601082738	5.60678665079	-3.95760829644	-2.1800905146	0.309491421616	0.548517704603	9.98744302895	3.17043984418	8.46800054667	8.37534439205	5.99598975363	6.16538154669	8.4670726541	6.00265227262	7.92278708977	9.19577149229	3.57052340778	3.519834746	4.73042397885	5.31714511252	3.2920876704	2.51401242776	2.28658921905	1.77523539228	2.70542150128	1.94640258887	2.40886918211	0.91829702573	2646.31464653	512.393455405	True	
8.64551490754	-2.1797930665	-4.89556312756	3.89407282729	0.499924481801	3.99192530152	9.54740844607	0.289472306278	-4.3016791968	8.38053026768	8.38162726437	3.48063540509	6.04356044622	3.92103038941	4.96465214552	4.3326155033	8.1582136715	4.27191677172	5.83967400146	6.15652116195	3.51420730434	1.88573636783	5.41117267322	7.26465289428	7.97002015383	5.45570085013	0.282365729992	5.54616444454	1.11845683018	3.56042609322	1.04652598368	6.31227460242	0.135051136299	1491.21595358	507.269520851	True	
6.61359390242	-7.04951992958	8.64731909498	-4.4106454832	3.55371926631	5.95129777546	-2.57713429462	-3.24935140421	4.03338424266	-0.43489648256	4.24243018754	0.609901236498	6.66017530898	4.00210971262	3.28883066367	2.89635440947	7.04364406103	3.51787434638	5.63078887436	5.47625950265	1.35186253673	2.25140323589	7.80499744099	6.61493843282	1.591734018	5.25187935054	7.0447617552	3.44555654411	2.89369796079	4.82790959679	4.71465551749	4.4802159488	2.69511899548	1783.9169101	502.196825642	True	
8.69183924548	1.70054493729	8.25851194483	-0.393536255226	4.23984851069	-7.19853161742	7.73062491449	-6.13368117488	2.33676455626	-0.94877172669	9.36328324835	4.11499506478	8.32098393395	6.49101236688	5.11187917822	7.37730753943	7.43983435497	4.25002687285	5.13984708172	3.94484767947	6.36388345905	5.18496343135	7.64858053741	1.41128737394	9.04301635203	3.06601054062	7.33997648082	3.50211747077	6.37621589311	2.63832128577	0.519133274058	5.06654881393	1.75391584832	1368.44205131	497.174857386	True	
-2.06263767531	4.53704499863	2.34608156478	-0.287766308336	-1.42385327661	-1.36364585758	9.38453091668	-3.77697866094	4.34211633425	5.76984538357	-1.79082409854	6.65456666936	9.23625974993	3.61716568653	4.78915197099	2.39992771205	0.588427826177	0.675599689369	9.00001429305	4.71395197592	4.64385757668	9.2660894132	3.66335108709	3.63078125669	7.2693059249	7.43953804154	7.65231410475	5.46252658998	9.38488856909	8.01932626817	0.442720572243	1.19753872091	0.349352174637	2908.87524485	492.203108812	True	
8.92748855644	-2.72967107854	-0.248329291895	3.73314439512	7.2298671181	6.25863212884	-0.403552328071	-5.80769310665	8.48372064612	4.88050182499	0.961439908045	6.40327034256	5.90044110403	4.08828997643	9.24320804282	2.85623109747	6.02931130042	1.05281768002	6.11515440829	1.76714818262	1.92241648521	0.760089908817	5.8552297546	1.12835516701	0.995660315699	0.843059897497	0.187986122288	6.58979755041	1.81846059029	2.15445711504	9.06804442402	2.14864681479	1.55385622779	2992.03132909	487.281077724	True	
-2.25929263838	5.30323072171	2.91590166899	2.38905492781	8.65692031073	-0.572956902149	7.58012210728	9.73244786221	-3.17195546682	4.73993260111	9.3132822038	1.55622236329	2.24173034165	3.61945089774	5.94565791346	6.15723758518	5.04107076338	4.03416507409	8.64366271648	2.92294186596	0.0563150584528	7.98527404841	4.21598800729	8.97743578918	3.71981756881	6.54308622314	8.73967318726	0.507313384549	6.46357851551	8.96978745904	1.74963315682	1.83476745973	1.44539107809	2022.03645594	482.408266947	True	
7.73223616081	8.99666788292	1.02968868681	2.67806155706	3.37682169355	3.8360781932	2.90811528098	-7.39336547196	8.55389129128	-3.78324361269	-2.31979774112	8.72275726792	5.53596641805	4.06121667504	3.50894319529	9.81391114682	6.98863384681	3.9833113354	1.64857802609	1.02755473762	3.70525948188	8.61216142362	6.65091320538	3.98083189792	5.60654488027	7.5646069378	8.3489257858	0.842506084879	9.67529881285	7.72738636316	4.90655753136	1.34312220189	3.48303265383	2231.24815389	477.584184277	True	
4.76262700622	0.02890803334	5.60380516588	-7.87137802574	5.33934285738	7.92655860011	-4.67674363731	-1.4578142627	4.23154639226	9.18548392206	-5.17762432859	6.95036418536	2.59070129926	0.118476724915	7.38255325861	6.827265502	8.50130261369	4.17606084291	5.00185279818	1.65886463544	0.584152641085	0.546444811687	8.25500525409	8.31212473954	6.0752666498	0.709053799208	1.0897363726	2.67971730167	4.00181031001	4.08790422128	3.40770888567	7.44727197569	3.68014071614	3224.13332171	472.808342435	True	
-1.98874402436	1.14591702915	7.55079827974	7.34596825883	5.54161530285	-1.39175224426	7.65236339995	6.92343073484	1.55646210684	1.48726861119	1.94224265322	6.44959559355	9.00958919689	2.79275632572	4.32306826084	6.25244555972	1.47947331006	6.04783970437	4.90600639806	2.55508791194	4.27368713581	1.51920197796	4.66151790598	8.63579916299	5.99170694835	6.54794082368	9.28363005562	1.32852376425	7.2548333524	8.7674465079	6.67313893569	8.52628262602	3.49762353262	2013.17624771	468.08025901	True	
-1.19447761052	5.24154845763	9.45942356195	-6.14962763419	8.68127583276	-4.02288126176	-0.127700064115	1.67689671542	-3.44509596017	3.66351897566	1.52235991144	1.72544721915	7.3653949187	6.6079921906	6.53685131387	9.08036649397	7.13086706436	9.14208273678	6.33958801376	5.06252363596	1.13097794521	8.80010963423	3.84105121822	2.99115257535	3.04816592766	8.12500832024	3.91955909316	3.99306663454	6.49258154412	6.78688550756	0.590116785694	4.75547057376	3.17577194097	1578.18496569	463.39945642	True	
6.22077456129	-0.846923600772	8.50604031648	-5.42350484477	-2.14193707449	4.03335009734	3.68916332185	-1.98447634405	0.255897434384	3.25966858243	5.85104373599	-2.02239844824	5.42007669893	4.65263855467	2.3179665543	6.5622553866	5.41483018789	5.22926534236	3.40878212824	4.15685739973	5.62233238351	1.65943112652	8.42485674823	2.55218640497	3.32840611476	1.67601162971	7.74361407713	6.60950116339	3.96145855743	2.03569742001	0.375236661618	2.02582949861	3.49692870338	1518.07004926	458.765461856	True	
2.21666630063	9.21139209631	-7.95257332251	8.31888811592	3.74811971821	3.7842341946	6.01724221325	2.99261080467	-1.68907612392	9.32645635825	7.49592675768	7.5978649737	6.848837657	4.57704286065	3.88493587956	4.98668433444	7.2609296488	0.861824719911	9.66571514609	1.89235367341	0.43301103708	0.745551908925	0.590169159969	1.16432251867	4.36729359314	1.48331415986	6.92898100258	7.74039881598	9.37786549175	0.453708897811	3.85945764993	2.43805299876	1.31926864222	2718.72542907	454.177807237	True	
3.5744880018	-5.23130304861	5.37033941003	-1.14099528348	7.82280965716	6.62291067494	4.29608719231	4.12931980347	5.78855848512	-5.35583520071	1.08399426665	4.16056200975	8.60928053889	3.60833646636	6.97825952922	9.64258657868	3.64296769704	6.76673879631	7.08577933107	9.27948595911	5.89263073044	1.32110260063	2.02525061762	9.20543706041	2.81863814992	8.97252847553	4.57923587204	6.15915759643	4.9503925492	3.3014806865	6.67373514021	4.19947583398	3.08722472804	2580.54119532	449.636029165	True	
3.62194887337	8.00516916292	5.21816779453	0.225901478605	9.14482870707	-5.39993417986	5.43207644398	-5.55497662	5.47290380422	0.756727779051	3.43285639202	-2.11603941471	8.4514956197	7.52535812088	9.16421040727	6.99912347294	6.57862660746	1.85463998855	9.35832143998	0.582907977954	4.70159808674	9.09275652414	2.33876419915	4.99812519703	8.15507853583	0.666927475427	0.278826599675	5.94783305614	2.09118737725	1.34693790736	1.63780188134	0.894061319238	1.65309628336	3358.21974339	445.139668873	True	
9.05107037948	5.09464891121	2.92168717498	2.82275830799	4.41486020037	-6.31730971364	9.1609494152	8.60160129813	5.88740425668	9.01427421479	-3.70924243346	0.627006829674	8.77638568085	0.673393951178	2.38069368723	2.02051727692	8.93654640328	9.11064120516	5.54123051723	5.74863192992	2.05710136217	3.92635318332	4.3918273284	9.94044234891	3.03307572529	6.38216962745	1.95876348024	4.93379706447	9.20591736475	6.94423678461	0.521608207571	0.901199921467	1.16822036089	2712.02095526	440.688272185	True	
4.84357787454	-2.12017368171	9.08885414663	-7.28874851935	6.32909670944	-0.734488863367	-3.13146355243	9.7242033968	-2.60503587291	8.90518741813	-5.92031291122	2.81336523395	5.15677989897	2.58500332258	7.00205407608	7.67181805707	4.86308046064	7.67140592727	8.46418124738	3.68092423089	9.01080342927	8.33877231016	3.7031472722	8.40535917423	7.21978681457	0.641160847594	8.79434906632	9.51954474384	9.3854028596	2.89758985511	4.23165394436	2.39415013417	2.3474174438	1236.64897068	436.281389463	True	
-2.27344427405	1.40715291003	9.07515645427	-0.885262253093	1.09514878991	3.13773629356	-5.00766561456	6.43108263102	-1.4112572278	-1.12518846901	8.9019163672	-0.0282924657315	8.6594789896	3.19100589708	4.20587288296	8.99090196846	8.66647475108	3.35908213051	4.82270899788	6.73375832664	1.67882975372	1.53545438303	1.29653131418	2.91685118551	7.95836184411	0.830416067686	8.96292180606	5.51145293663	6.88532070403	8.57872382431	5.33313205998	8.52177691193	3.26894653285	2154.44010934	431.918575568	True	
0.720798901842	3.25024207986	8.51632768974	-1.0961192614	1.18699844784	3.55991516399	-8.01003274084	2.88132337651	0.0100204736742	4.01525658048	6.82856831184	2.70514330566	3.6478199134	2.02892719601	7.9631096803	8.64212576384	9.53115100583	6.17446530421	9.26784320241	2.12554577463	2.43493758737	2.43111364098	1.70673461315	5.36542157513	8.08720152457	3.05325912107	3.48293386287	5.65615155019	3.51577487904	1.26785706474	4.85177511381	6.50358919267	0.909843001485	2674.08259918	427.599389812	True	
1.95774573818	8.35126107447	2.53639394474	3.70922665185	2.41009685651	-0.358372214129	0.0857259809198	4.73910235806	-1.28887698866	5.06430464985	-5.42718403462	4.53934778816	6.68984075551	6.76288904236	6.90617604553	8.6982781982	2.41854498967	0.169647403566	4.90969734491	4.80279375248	8.48294662176	3.59733534415	6.27900835178	8.16349778844	9.60665793937	5.14623497292	7.21197236748	4.58052639216	1.45941001346	4.03341535585	1.82471960527	4.78399791316	0.0552548750575	2656.77296326	423.323395914	True	
-0.749652000023	6.93390012369	6.16214317463	4.76706300924	-0.962923029074	-5.65326081073	5.06194860305	-1.20809485635	8.96686904287	-0.664147064501	-4.56501415804	5.64367083961	6.77713095427	3.44499328197	7.30269930436	7.36073815376	2.48788670226	7.03308561774	2.86284952284	5.45103428433	8.51188132872	9.02254886794	9.6346774311	9.85093229065	1.44004723946	7.79723828247	4.00802823648	8.17421323317	5.53099202803	3.48136702973	9.69207821588	6.52537707404	2.50646147577	1868.44778345	419.090161955	True	
5.62463050029	-3.53140800318	3.93004019252	7.47612636647	3.14547631989	6.57860215351	-4.3969341027	4.52522067397	1.00907355291	-5.05635502631	1.87813513104	1.53974478975	4.81689388868	8.79649059796	5.77580186663	5.76947552575	5.84023935442	6.12155485372	3.55252337899	0.884015977915	3.80005216726	2.85190231428	0.602226799681	1.0572958634	1.34121247605	3.69603098265	0.181978008143	5.06993959823	5.53578049934	3.8790676655	0.448019937263	9.79456190312	2.21632675408	4292.54364313	414.899260336	True	
-1.85652753314	6.78003514112	3.27631824881	-5.21765826244	6.20886904204	2.99860408427	-0.9568258994	7.09251614804	0.219871987028	0.472617345118	3.18653770547	-4.1207985387	3.32603424332	2.79044768437	9.2062241846	0.475969354473	4.62451997902	6.42366452199	5.57997111258	0.104659340331	6.57838005582	4.10100098837	0.0227354109861	3.25275891359	4.34119863884	1.83992917606	7.074829732	1.1960624936	8.6655290698	9.86278332935	2.62322154242	0.93587812624	2.81205708346	2548.02748477	410.750267732	True	
5.97414904502	-1.81114970673	8.85984036011	1.05516065616	3.59096903925	-5.52754291305	4.29165462686	-5.70526423832	8.81128963847	1.03450857923	7.34887841553	3.65777038197	3.26724761752	4.25125504106	7.39126384561	6.71487173183	6.12915494771	9.04554970194	6.27520998598	1.84773328021	0.83424979024	7.57627801815	5.46333673088	6.49925958358	9.34355068954	0.831933848858	7.58718378861	5.5763048955	6.35580686166	9.06952668978	6.46946276399	0.277579005651	3.73921474594	1184.92401273	406.642765055	True	
6.64066186361	-3.21400141005	9.24756565568	-3.07881688716	5.65584852592	0.740511119329	-0.110295831176	9.10012497153	7.00084264597	-4.90658769725	3.11996407072	1.33629167391	5.8199048975	0.311813104384	3.84425811856	7.64801841015	4.53033750191	7.68979180104	5.44315264915	9.46472948641	7.79275952739	1.57973121538	1.78054544909	2.62905981046	7.91916916814	2.13935592504	1.29859894676	4.63354717456	0.403481661754	7.41077167791	4.76327433882	2.73790167324	0.0269266216186	2018.45948577	402.576337404	True	
8.32762109031	6.29221968294	-6.54456212457	7.02350677464	2.57798385026	5.72722207364	-3.27275844261	-3.29493643131	1.70100443335	8.3969293572	6.19350601252	-5.20666294885	2.47078280668	6.01636168299	8.90320364919	5.07775792232	9.16653422064	9.76672082116	0.785371402617	4.87066934768	6.45897856789	2.26380178136	2.99413306195	5.76820646031	2.42363607223	4.55436417891	4.9057826531	5.09024242943	5.58100775515	7.32579575375	5.15786012232	2.5444428723	1.94444920405	2932.36220586	398.55057403	True	
9.64814080819	4.55069004082	-3.12503189833	8.66651012623	0.612816847553	4.48765926833	-4.23851691254	9.19119844107	5.16076156465	5.35167947271	-7.53187404845	5.82288221597	3.1953355585	8.9128414136	3.88015890184	8.22480122309	6.14819335151	1.39918801146	3.41626664439	6.69946204384	5.08068228047	3.17945063883	1.60114316484	3.05045440878	4.8835534994	2.99343817342	2.18910052788	0.479699278202	8.4214833386	1.64012614281	5.20223247121	5.25720586112	1.3942472377	3180.01384271	394.56506829	False	
7.6343470008	4.24196080051	0.605667947062	-1.16283679397	0.659277485157	4.82719507805	-0.529543796418	-2.45838518305	0.794818942572	-4.6810982775	7.65543842504	9.01797144054	6.83763736549	6.92787059335	3.47640167971	6.64273272796	8.60132031282	9.45297314333	4.73059796008	8.25300716992	2.18560443238	8.19866037647	1.204575089	1.13949894715	9.49928950366	7.87785676862	0.257588484915	1.5091796996	2.95962579699	1.21372899938	1.31069714607	2.25808316897	2.58624149491	1747.82001211	394.56506829	True	
6.69432752794	-5.66744631924	-0.241889183097	5.51685900098	6.26952889619	-4.68365979098	5.29543955319	-3.2537572345	4.79875361752	6.23864659592	3.18500563024	-2.98477420037	5.20314447248	6.16217812114	0.1874254782	6.55466157371	5.3279574924	2.94827003004	6.09138369287	2.94402434441	5.59148803198	6.96124708779	3.10488599329	5.6598386283	7.42910358448	0.404769433453	9.75509020146	0.852586305292	6.01597607745	4.33872514055	8.38390122008	3.65023657435	1.23786910395	2354.29174049	390.619417607	True	
-0.307780202952	7.04500952682	-0.898589152322	9.42450544958	0.690502488313	-2.03556812108	4.03188260386	-5.91705589764	6.01098574544	-6.9019107579	3.77027924017	7.01562856658	6.61810189037	2.94450612036	8.51491367339	3.84892762812	3.61946296474	6.80721485708	6.09492712507	2.77057446335	1.16138127668	9.32302442171	6.14276648377	8.13388018786	4.867232734	4.68302889241	6.48777070425	5.91459422684	4.04146217736	3.73507313401	8.77142599705	4.66042903852	1.49595287923	1517.9106472	386.713223431	True	
-2.01491444759	6.01974089976	6.54846107825	2.99107518399	8.39094725265	8.1653744934	0.753119838521	-3.63928375	5.01249932582	4.77031165775	4.74333876737	-2.76865742113	9.50128917474	0.8661503837	3.45648020705	2.44575618801	6.29361942399	5.01259456943	7.50656201293	1.14598458899	2.73785243433	2.78308935653	1.87643315664	3.97363511559	2.47261910973	4.13247797885	8.39268119322	6.72614041273	2.28576697105	9.20980890403	2.63383803335	9.26906512908	3.6178557136	2331.24180477	382.846091197	True	
6.59814704667	7.69904174543	-3.06158594419	0.946595091549	8.1910747613	0.534479992557	-0.830759221797	-5.886304464	2.24400472165	-1.32129613109	9.46743731505	3.43270383384	3.68246051629	1.75822830067	8.64792882354	6.51311687873	6.25883992147	8.64617083542	7.95078732603	7.27739903102	6.03740572835	0.131196287521	2.2579945093	2.98025430124	9.19496140119	5.30614768322	5.42746358338	4.73973618609	0.157895903378	3.60908140296	9.25014833914	8.15948118805	1.48292412961	1327.34670633	379.017630285	True	
4.46595632074	7.87292939532	-6.1548691764	5.01970607637	5.0659785374	-6.9551426573	3.51655680655	7.30002244743	6.8851767425	2.85707723138	1.57073841253	7.70894509991	5.30337632198	7.72554031097	8.29224199194	3.9020291726	6.15072672674	1.35598644324	3.08434758617	8.49116560043	8.13102102043	6.38375023528	8.51856611499	8.74425806713	9.42766185527	4.07616975554	2.36767251481	1.82038747344	8.97683730045	2.10919312475	4.93523622477	8.75650764634	3.64840325238	2755.24917486	375.227453982	True	
3.62659170618	8.4533460534	5.48540202103	2.16011247676	2.95407239255	6.88845753613	-5.1024520104	9.69690062068	-2.12833996237	1.30899836097	-5.96402418769	5.27404821646	5.61940215969	2.11177883612	2.2961766714	9.08641205657	8.91053287992	6.52919439751	7.72357272169	7.83419776828	5.98626862074	4.7575826145	4.37710855601	4.82794635138	7.39497245771	0.142479185017	8.08350002146	0.913020491097	8.34994286168	5.57906096451	2.6919356736	1.08155385746	2.29791640539	1928.32397093	371.475179442	True	
5.12537410174	6.94444024288	7.94651587099	-0.542523265607	7.94910207678	1.05613345076	0.65994343083	-0.0590758338635	7.7352893864	0.999186235527	-3.56302410628	-5.78938302039	7.38891993119	5.64650885665	8.44809093077	4.51738225767	5.79012755985	5.59911512492	8.21138494737	4.65231125039	2.02836167735	2.2622578525	9.50507297991	1.81736353737	4.82753391363	2.43435752519	7.0273155791	2.00705765666	3.38115312567	7.32191723252	4.47385894522	0.321490444112	3.87739011523	2133.3618671	367.760427648	True	
3.14265854982	-0.280820948168	4.44520947205	8.75455811144	3.87070127587	4.44107010644	2.74311163217	-6.74919480579	8.04041808368	-3.99890763083	-1.95738907466	1.4316066233	6.4162616729	1.27501171088	3.82326507462	7.77587684364	6.80324008544	1.75591220445	7.25718403546	8.5026004809	5.58797501387	5.68691840044	7.57872382695	3.37495974632	8.93453859179	8.12297365579	2.59993845098	1.03843835481	0.49605719247	5.16432266272	7.87227012332	2.58803447759	2.89366914569	2152.98881393	364.082823371	True	
-1.06942018143	4.19249154783	4.78192512308	-5.49597379109	8.44565776857	-0.456324806934	8.84945858207	2.99377477298	-4.62785471086	-0.0244917758775	-0.17992555067	4.75179352414	6.03063577792	4.24168551946	1.87403782297	6.35132662797	3.05675723567	3.86318840661	5.73529952291	3.62749321252	1.28423781204	0.374359421225	7.7944872305	2.15294426532	4.8463630128	8.30849435795	0.59225646848	2.74123132369	1.25457920246	6.13458643511	6.85531826079	1.24189371598	2.12349793281	2269.49856663	360.441995138	True	
6.39662177722	-3.58628288942	8.7052198986	-6.91090624704	8.39433827692	-3.51958457467	-3.28633611816	6.29821734022	8.43017928614	-2.2390254946	0.0510402251118	5.26637163884	5.6260164408	4.21360210581	6.42737752247	4.60815952902	1.95786659621	3.46966957028	9.51063170927	8.59234171196	4.62381937783	4.98957369091	7.96324819717	2.91097325853	3.23424748408	0.654244368135	6.42350449885	6.30514141292	2.70884236728	5.95350400862	6.21209817124	2.09097151728	2.67403518685	2168.24379199	356.837575186	True	
7.36043051695	9.10680462127	-2.67526086032	8.22542968733	1.10047761037	0.708451850127	2.26142742324	3.07273678494	-7.64651941565	2.92813833801	7.01927834909	5.32035858105	6.34464685822	4.85560309094	1.68858331421	8.24867888491	3.05756976398	5.89670300024	3.9097876283	7.28010926127	7.03110663583	6.69920439452	8.84486297183	7.79843269963	9.83685338982	3.75153662572	8.34283367863	6.43550887671	3.08745611957	1.25305194853	3.69891924868	4.5686264237	1.09528678701	1791.30113005	353.269199434	True	
8.77202840956	-7.45904491109	7.20184583639	1.56219209601	-3.72002759835	4.43287735429	-0.501863850493	-0.840183684931	2.87875992214	0.247269304954	7.58751212264	-3.12125646122	3.28759991715	1.96377585953	6.62084578058	1.0543222248	0.00558155604224	9.67070155726	6.72678728409	8.30483022823	4.22042603516	8.28939822846	9.12944275961	1.22027179821	8.99851518419	7.51917157248	6.7540379391	6.3985669333	8.19714552957	9.41598397021	7.28110971949	6.59613195959	2.52290878248	3296.93997151	349.73650744	True	
