Parameter 1	Parameter 2	Parameter 3	Potential	Equilibruim
1.75593573814	-1.17525210137	1.86073595716	36967.5078535	False	
-0.926803850426	1.92251950901	1.61448206518	67997.2904866	False	
-1.86512423463	0.805468436216	1.84306018104	41844.1419282	True	
0.470823027077	-0.199420825402	2.20299972972	86286.236593	True	
-0.338887618611	0.605528033802	1.85255122559	34020.6852716	True	
-2.34435058652	1.19022744016	2.81457404133	58644.9631746	True	
-1.79226348631	2.60221941762	2.08513922498	31725.6182025	False	
-0.394805780082	-0.137320629228	2.02403802001	39956.6666591	True	
-1.41150618335	-0.156908868776	2.10555155296	42460.1487601	True	
-1.72669647127	0.270312848709	2.32723013152	71047.158842	True	
-1.46421799524	-1.0159243753	1.86283643447	38359.7240841	True	
-2.49918713516	-0.992598169362	2.51265441135	41789.3041	True	
-1.7544539123	-1.61613668759	2.23041294331	28676.1335326	True	
2.25926467762	-0.965166988312	2.02048166796	32886.9970124	True	
-1.70261684095	0.639774825817	2.17956491468	44371.7752717	True	
-1.1136861876	-1.30455066615	0.891519311692	228398.878147	True	
-2.02489429664	2.37449425504	1.30534531851	153235.992433	True	
-1.66285385625	2.63891139734	1.87718074125	35112.2622934	True	
-1.3780774964	-0.139662942228	2.0309641766	34733.2978686	True	
-0.808778214425	-0.215419888711	2.24315697329	93605.3797825	True	
0.025753355437	-1.21220865073	2.05198230891	30323.5552533	True	
-2.34261985077	-0.0792985456342	2.23654019935	30829.3570219	True	
1.99421469458	-0.750267180378	1.73463584562	48117.4769404	True	
0.836953606878	-0.229672286564	1.94786316497	33510.8811439	True	
0.560994495727	-2.04844881451	2.36954871906	51466.3228796	False	
-0.730426508766	1.67770909182	1.95585695983	34081.8008317	True	
0.632005997859	-1.7685666756	2.12085442786	34529.0722671	True	
2.66092413451	-1.61418182825	1.73433220842	68483.9717733	True	
-1.73527776362	-1.29810951898	1.53752050508	103504.980774	True	
2.34090550975	0.695692092158	1.70842166281	49343.6393184	True	
-1.62631563938	0.800802815212	2.14701533915	43461.9451032	True	
2.94876284003	-1.69611354354	2.28342758961	25985.4773372	False	
-1.25229203106	1.27996970258	2.09155475357	46222.2267914	True	
0.684444476412	-0.232618666225	1.86806955739	33395.7216757	True	
-0.86470419466	0.279940664547	1.9482453058	33194.3854988	True	
0.951248070529	-1.95230800912	1.79330169008	87161.1289648	True	
0.61691974422	-0.59685838121	1.76759037301	42732.0980381	True	
-0.00632433880139	-1.65803203037	2.55995664367	41108.4203364	True	
-0.357970220282	0.283625798942	1.83263591713	35248.4347668	True	
2.39510727504	0.734528874158	2.2153737312	98766.7384676	True	
-1.95779364144	0.208020366483	1.9878391934	31369.2911762	True	
-1.54749621794	2.80847089621	2.0727625316	36928.9450901	True	
-0.954351758	-1.05490475765	1.77882471557	46095.2324698	True	
0.733395637796	-0.677146421187	1.79806365964	39455.6317319	True	
-1.08717759613	1.50077553793	1.92502983963	32408.289961	True	
-0.636093747642	0.594975761328	1.46941735007	100138.220443	True	
2.50076569135	1.65896193004	1.92478046188	33393.8612742	True	
0.615382850139	-0.0948913682586	1.48332769957	96625.6081277	True	
-2.21379965887	-1.73260313529	2.53105848246	43309.3266951	False	
-1.24499534767	0.118315034635	1.66870223535	59478.3015399	True	
-0.459530403152	0.795586039824	1.93185414304	33266.9061756	True	
-1.93645805798	0.5904515896	1.82891654434	45668.8549219	True	
1.17717505584	-0.678823276293	1.81644668155	37572.1553807	True	
-1.51950436028	-1.21860690544	1.99817368861	30533.6428047	True	
-1.87772415437	2.59652344179	2.05963216008	29453.4501569	True	
-1.80101832058	1.44403376805	1.88519146243	36126.2646919	True	
1.08310411146	1.84516814385	1.86333280712	33502.7483438	True	
1.34626385115	-0.500572911506	1.94242771061	32691.0863499	True	
0.114217505849	-1.07371400685	1.84940216602	36979.0777904	True	
-0.371024292794	-0.924830205435	1.97425996966	31383.7914616	True	
0.169995404751	-1.59065287204	2.12083800385	27735.2333953	True	
-2.26411487048	2.6062826683	2.30657701352	26016.5255848	True	
-2.28113822917	2.01626123196	2.03707380651	39464.2195493	True	
-0.327711225074	2.86976404726	1.71257398513	48916.240949	True	
-0.977504902437	-1.90884366986	2.18915753628	43542.6789909	False	
-2.16478343261	-1.58441222137	2.31177696708	35787.0075126	True	
0.334373636452	-0.898205774719	2.02167739024	33776.735641	True	
-0.967453982492	1.64803165193	1.93352120344	32748.501742	True	
-0.953067632696	1.97722087828	1.90263989005	32577.0543838	True	
-0.793462388704	0.234147166763	1.71185137739	49982.9628423	True	
2.52692860372	0.760752410369	2.12312061781	65055.1834613	True	
-0.429243663472	-1.78770643864	2.49106192227	29918.4823497	True	
2.40593295785	1.54529566811	1.99037854832	38138.2805224	True	
-1.34598749652	-0.928093804549	2.49608219729	122639.188778	True	
0.295808940882	0.33930275157	1.99151554814	37677.5779741	True	
-1.70294401764	1.91782701507	2.15715150917	41541.0099617	True	
0.407388458331	-1.60753984984	2.00166156366	34941.519152	True	
-2.23487238791	0.22554027435	2.5728420871	39574.6212826	True	
0.321936849046	-1.95761714675	2.47848726217	38490.328695	True	
-2.38367917378	-1.42728611386	2.45702677502	40471.9602265	True	
1.92468341825	2.24141313562	1.81607021986	36198.4763817	True	
0.959537355976	-0.718859299193	1.85514403626	34557.5259222	True	
-1.30304106135	-1.24945249574	2.04774077627	28792.4895132	True	
-1.93236419708	-1.43972345305	2.15377583003	29947.7299238	True	
0.525085559978	-0.662893680483	1.86322341574	33948.2868394	True	
0.136374644241	2.00366600628	1.96784111885	35761.2767731	False	
-0.580517059298	1.81634511207	1.73900170155	45234.2080362	True	
-2.31891390243	0.170172170044	2.4516313189	27534.4010182	True	
-1.48566644704	-0.956389630541	2.16582464496	37139.9427727	True	
-0.81038278695	1.84370371224	1.65009552489	60574.7845619	True	
1.15243343811	-0.993701507765	2.03871553584	33542.7956706	True	
-1.61040085157	-2.14452559913	2.58676561793	71833.5845514	True	
-0.256134019331	2.11673427038	1.76607223912	41408.4168559	True	
0.875904261089	-1.66054489206	1.87760976449	50442.7998915	True	
-1.0518263771	2.82556922149	1.85611111035	34177.307413	True	
1.6845557639	-1.76039967241	1.61959687573	97648.500532	True	
1.85927804499	2.52894841875	1.91597668918	33158.3986729	True	
0.247354720364	-1.26008649657	1.8793734635	36498.6737299	True	
1.46186776946	-1.71168644216	2.16584135691	29115.5098416	True	
1.99190396385	-1.07660669083	2.05500438286	33068.6036252	True	
-2.25508006652	1.89936047531	2.39211539606	27173.9191251	True	
-1.85744745289	0.634805709742	2.20876098215	38820.7932824	True	
-0.22657819894	-1.43119052269	2.09085447068	27905.2522007	True	
-2.07303597312	2.98207281011	2.22282344391	28613.2624568	True	
-1.56786910032	0.638137428408	1.98686771823	31375.7901691	True	
2.69094186377	0.165036701511	1.79923007985	37863.1667578	False	
1.50341345749	0.919689994382	1.89867217926	32915.4189979	True	
-0.11093967928	1.95415807557	1.9420439318	33953.2663564	True	
-1.98468553098	1.08209595674	2.35665935705	46200.9099416	True	
2.26668803299	-0.752852742053	1.81460775643	38051.5538062	True	
2.51752428221	-0.817558031964	2.02570145025	35254.1875819	True	
0.145434439103	2.74426925516	1.99696950745	38735.6198124	True	
-2.26563286423	-0.113445016551	2.33853704205	26063.3487911	True	
-1.47207148807	-1.51987531827	2.09511912636	29390.5189635	True	
2.55152240762	2.41629262517	1.86134090578	33571.7225351	True	
2.12370138678	-1.23494618481	1.89060107273	35105.1950364	True	
-2.24604983026	2.49403565437	2.55268769511	37059.6250203	True	
1.18552319431	1.40922476519	1.87577507764	33152.1343554	True	
2.21679214439	-1.7176236369	2.4409424129	28805.7039598	True	
2.70733654609	-1.63199981775	2.22258385728	26062.631346	False	
0.183926953357	-1.73751183839	2.29152790605	26582.9875837	True	
-2.58058892956	1.22619521881	2.40082348662	49505.1796734	True	
-0.236928653012	2.18308235314	1.95221980688	34454.9921137	True	
1.50296042627	2.41380557085	1.96829359804	35952.4311651	True	
2.2194792818	2.28727070275	1.9309245185	33622.6925176	True	
-1.27511107963	2.50923810211	1.97220941062	32974.7111368	True	
-1.6995153285	-0.455273869355	1.61380782593	77442.6053171	True	
-1.8285929872	0.194181772884	2.28402997722	50819.8438525	True	
-1.9270167415	2.3200580809	2.13944173415	30492.1200938	True	
-2.46463074368	-1.54649587637	2.31120628062	60197.3592124	True	
-0.843702914944	2.93494531873	1.93908889238	33134.3345884	True	
1.86612873804	-1.53337593172	1.90651030528	40748.8994635	True	
-1.95940717137	1.0139117283	2.14803265776	29784.5422498	True	
-2.28857836895	1.78187794465	2.43228016715	27495.0492689	True	
2.18250640842	0.245841219036	1.80944108792	36897.1236782	True	
2.46270736864	-1.50470302491	2.11718892486	27311.8517729	False	
2.05585169354	1.29702191682	1.90145507081	32942.037554	True	
2.06667850692	-0.0358752612603	1.77610660969	40446.670264	True	
-2.07517366146	-1.5365138503	2.57529673966	32924.3263102	True	
2.52719415633	2.84353356365	1.92730598976	33488.2862811	True	
-2.1990433399	2.21535642258	2.34029868454	27509.2967692	True	
0.76065681343	-2.10108864974	2.6561335624	59793.3337753	True	
0.213536032729	-0.968946645193	1.7977355016	41451.9095379	True	
-1.11778221328	-0.498029246352	1.99967991556	33402.9206037	True	
2.75540513541	-1.89692287426	2.21312903227	39303.5389377	False	
-1.65099671901	-1.17083995228	2.19346756224	30165.9867174	True	
-0.299266042259	-0.446410936269	2.15958944052	65512.3189709	True	
-0.475458505819	1.64718596136	1.91544373703	32908.3163014	True	
-1.25788784197	0.136372899657	1.84428588067	35569.2677448	True	
2.0544064321	-1.75095890336	2.2554451082	27580.7069681	True	
-0.766952074725	2.3822372578	1.8218005936	36191.0326106	True	
-2.42593861783	2.13033070316	2.18003073285	40606.3664333	True	
-2.27396711348	2.79981242956	2.37110244276	26370.554281	True	
1.20496512096	-1.86189293971	2.28851613408	32841.9934883	True	
-2.4770610893	-0.722078159584	2.37218162498	39356.9053679	True	
0.132920300897	-1.50639531265	2.15805380953	27100.3855561	True	
2.13668119027	0.0861199560637	1.99901166253	38274.1872427	True	
-1.57752882676	1.7579987401	2.05158782698	34374.4367214	True	
-2.39692632465	2.67265531745	2.38862692163	29153.0719098	True	
-2.11458437956	1.26135090581	1.99604769831	34376.0871289	True	
-2.21506694045	1.51984192246	2.17439865996	27656.3657391	True	
-2.22715627058	0.10880710839	2.4004568441	28175.2185406	True	
-2.11622320385	-0.0376128371841	2.19781461382	26826.7113286	True	
-1.9605879589	-1.53311710147	2.13144471676	34855.4964395	True	
-1.48484174094	-1.27473366842	2.0707742057	28276.7298003	True	
0.820966971567	2.6276757552	1.7318478964	45718.782053	True	
0.717356836126	-1.34727237141	2.08391431153	28901.2156484	True	
-1.97428900561	1.04343160459	2.20154516831	31789.2987665	True	
-1.17433782167	0.445901543773	1.98523571084	34045.1824134	True	
-1.32866480159	-1.74969657943	2.412021888	27830.2133087	True	
-2.25324523453	-0.821330936257	2.35612360917	26332.6278569	True	
-1.98155401301	-1.88139900851	2.6771954316	48979.3312916	True	
-0.957432557306	-0.103815986424	2.05567337535	42166.9451507	True	
-2.28070734514	-0.61997718301	2.23427235042	28830.2899166	True	
1.48494365224	-0.0755910630978	1.92333442133	32925.8370186	True	
-1.2418130718	0.168489211967	2.01668355439	35635.6047257	True	
-2.20244252571	-1.07432717983	2.26304633641	27536.8649051	True	
-0.754918450457	0.192027430471	1.8602908545	33806.3080714	True	
-2.32998859195	2.2490397976	2.4042725092	26773.9426839	True	
0.649894249633	0.287853480268	1.84136707689	34576.1459451	True	
-1.16136821137	1.66516040214	1.96665765719	33302.9756168	True	
2.33646475346	0.947277455088	1.88593979666	32977.6774532	False	
-2.32816084234	-0.526236947873	2.32655135211	27939.7454029	True	
0.164262830824	1.30943582932	1.96715145136	35682.8918626	True	
2.44505652481	-0.56401052724	1.95724318838	32969.2175064	True	
-1.85129065901	0.713179660575	1.94970065581	32141.7559408	True	
1.80276217013	-1.6554239826	2.3763501566	28179.7092874	True	
0.468852455802	0.834444982168	1.92774158298	33405.8990111	True	
2.03559731969	-1.91011482981	2.23669879086	39387.7712008	True	
-1.05008944413	-1.18031486539	2.02546013261	29560.6468591	True	
-2.15294727027	1.96507764285	2.15432201105	27279.968767	True	
-0.445598736698	1.5360854671	1.86914014887	33338.0836268	True	
0.374692656778	0.112946030169	1.90816230035	32799.850326	True	
0.38457133795	-1.25152615896	1.96291340359	30834.7409979	True	
-0.615790010431	1.61481376076	1.82351035204	35930.2399573	True	
-1.41553483061	-0.905183482818	1.99766707177	30223.9102564	True	
1.45323293679	-1.7853060648	2.26880814086	28670.9145018	True	
2.66507139148	0.411969383321	1.79277180656	38396.3402905	True	
1.29507035453	0.00457423248062	1.9778368117	35955.6433892	True	
2.85279244813	-1.10217432345	1.98084898371	30568.7773679	False	
1.35373103179	1.36475099838	1.95656467422	35005.5095058	True	
2.0081946592	-0.995689473921	1.80571290964	40692.5175688	True	
0.0998025188167	-1.29236644618	2.10357542877	30461.2190981	True	
0.0146670301724	2.76357583086	1.81508246438	36349.5065259	True	
0.728968098677	-0.160289194923	1.99280033246	36912.1912317	True	
0.445738057898	-1.49528716807	2.30347154419	33031.9585135	False	
2.45848310771	-1.72460166004	2.16453337723	29703.4058643	True	
2.07013525496	1.46146935882	1.84670419014	34211.6522463	True	
-2.28493149994	1.21822282364	2.56072563722	34433.0922012	True	
-2.07463096555	-0.228338371334	2.07938434139	28919.8452916	True	
-2.05137678278	0.994941711607	2.07703749565	28570.6438788	True	
1.6147572255	-1.76357017033	2.44485940313	28307.8121507	True	
2.91805019434	-1.66363819133	2.25661114377	25927.0292306	True	
2.20909513256	-1.50502022288	1.99702889671	32023.8970979	True	
0.28721348864	-1.25857817794	2.17265316185	36449.9183518	True	
0.190561755066	-1.50864286311	2.01274879097	31177.3561794	True	
1.97951967347	-1.54156682181	2.35138068766	33261.8540457	True	
-0.371276319253	1.47808222623	1.99912773364	38475.2781315	True	
1.96475769119	2.59311347334	1.79065051869	38479.1251167	True	
-0.417287435083	0.306992058853	1.87141744709	33268.9872462	True	
1.14895864191	-1.51216670893	2.16210681916	27070.9843897	True	
-0.360808872395	-0.962371978877	2.03052833051	33101.6130098	True	
-1.64344905282	0.592154704686	2.02758052674	31753.8674743	True	
-1.85656054058	1.13855043085	2.14138675732	33015.1402509	True	
1.74411912033	-1.21040295922	2.11077498148	33363.0745849	True	
1.32999323096	-1.56341074183	2.11061547379	27681.8406655	True	
-2.06383700209	1.67704768359	2.16640790757	27658.6804972	True	
1.23936780549	-1.10677233142	1.95985474829	30780.0749082	True	
-1.53266240458	-1.70605117348	2.38798140769	27268.5963862	True	
-1.68917889909	2.21687754528	1.97675092809	30736.382384	True	
-1.8920297876	-0.503434494999	2.08260821871	28676.3527932	True	
-2.18267371241	0.22889745998	2.27134014024	26394.1292329	True	
0.838407763129	0.672312979516	1.94244042614	34025.7077448	True	
0.308009715723	1.89405965187	1.90635746163	32962.2758041	False	
-0.683398597703	-1.56302054145	2.31876891557	29100.2692927	False	
1.65633938487	-1.75967295594	2.50500326888	30847.4599717	True	
1.23250650165	-1.68543950193	2.39208172605	27784.9673985	True	
1.4580316284	-1.08187718005	1.91732558942	32165.6776689	True	
0.406911128545	-0.254667538889	1.88700125007	32820.4157342	True	
0.495567989633	1.60733786897	1.87533307316	33160.8401648	True	
-1.94361144382	0.832831344611	2.12784114204	29531.346065	True	
-2.19936586942	1.16496978205	2.3233893749	27014.1181317	True	
-2.14113935058	-0.182201712337	2.09721707493	29345.6064558	True	
-2.06854995371	-1.61507785095	2.24184611898	35925.4591001	True	
-2.21747554834	0.887759285755	2.38560774284	28283.4630862	True	
-1.88382023912	-1.51154962826	2.20464103511	28546.2403853	True	
-2.30176681651	-0.0363850815607	2.28145160764	27259.697612	True	
0.228843927257	-0.669688563203	1.90426239449	32309.8372209	True	
0.300217058877	-1.65110581785	2.44097405797	31647.0497177	True	
-1.09110090116	0.664321709569	1.83668007747	35579.5342857	True	
-2.19161063872	0.694280599367	2.32435271882	27242.1141071	True	
-0.997384001252	2.74596773271	1.93593020521	32752.3557918	True	
1.59642818953	-1.17213301886	1.91847349402	32545.9416588	True	
0.381567083048	-1.43583185323	2.12284439409	27931.0160231	True	
0.825510528152	0.845508628772	1.86654162156	33399.0551352	True	
1.11541701931	-1.85423142695	2.35880783317	30629.1391071	True	
-1.57037804014	-1.4988023483	2.34201819565	28151.880919	True	
2.34791699592	-0.255402793859	1.93288295215	32946.4677081	True	
0.972548401362	2.34761271171	1.95598095045	34979.9738041	True	
1.74342430369	1.04445386711	1.88049225031	33057.5728098	False	
2.34350496529	2.17305204651	1.86667533052	33392.7646252	True	
2.02724817047	0.347544971594	1.91023334811	32925.3885364	True	
1.25328000389	-1.59469001853	2.08988526688	28982.548567	True	
1.27740824542	2.80784244241	1.90329641667	32963.3491993	True	
-0.387480414536	1.29423337651	1.93111922445	33334.6746233	True	
-0.212579543984	0.880735834183	1.82027341163	36021.8030155	True	
1.22758629657	-1.87147508717	2.4773137566	31806.4793594	True	
0.481410979082	-0.358810881081	1.93452021872	32782.8266788	True	
-2.21798416898	-0.50461593232	2.39262903929	27415.8218451	True	
-2.35692150831	0.616409880253	2.32761189194	28208.0827902	True	
-1.80401303672	-0.443587543369	2.14097009559	32522.0794644	True	
-0.127794547347	1.9384288563	1.88381464067	32987.7752727	True	
-1.93730719412	0.733642014387	1.9589940819	32695.7421715	True	
-2.08729655026	0.286296110395	2.18793205922	27315.2848059	True	
-1.06094107985	1.15606007923	1.90198709142	32518.7228037	True	
-0.895849598535	-1.39361047209	2.06962439989	28215.6224874	True	
0.0481490519383	-0.302576615226	1.92242255068	32601.5299506	True	
-0.665702518154	-0.564313468327	1.86952476699	33662.3681248	True	
-2.24162617795	-0.431868719197	2.31563873412	25999.4049655	True	
-2.31104973742	0.132163575981	2.13555035147	34197.1601937	True	
-1.37570336474	0.695159381294	1.97400157711	32353.5894223	True	
-1.51572832547	-1.51840675822	2.28666854315	26524.7730474	True	
-2.15349086511	-1.45970398458	2.3675284034	29326.7249734	True	
-2.1460128404	0.919005893706	2.31672109412	28921.1994569	True	
-2.24632876206	-0.108480384116	2.28558341579	26080.1582504	True	
-2.09549888513	0.27856805743	2.14413712942	27304.0614296	True	
-2.13694248481	-1.02874816714	2.44743642232	29776.2089556	True	
1.83695113233	-1.36238452087	1.94933058968	32531.3172789	True	
2.02902688577	-1.70726584119	2.30862360827	26038.4985006	True	
2.18362531024	0.0950181947423	1.77297994206	40695.031951	True	
0.516373227229	2.48507662199	1.91191807185	33054.7014482	True	
2.64370700688	2.45614216452	1.88042248404	33065.7627793	False	
2.64686567961	0.585594234135	1.91466874584	33050.0463386	True	
0.859389699786	1.23138748142	1.85399912892	33872.2956779	True	
0.223893411794	2.41088718754	1.93377293364	33668.3689493	True	
-2.36576358013	-0.9285043374	2.32004661702	32472.482343	True	
-0.900605177368	-1.74576391253	2.44302573284	28209.8520882	True	
-0.66105895425	-1.59031232568	2.07061295954	30198.2306789	True	
-0.44387518031	-1.57792410915	2.10703030981	28130.1477921	True	
-1.63584235807	-1.52125076341	2.22134315047	26238.2119705	True	
-1.68877373708	-1.2745908451	2.15135145803	27234.5780747	True	
1.23125494511	-1.29810287488	2.02338816925	29295.5179205	True	
1.31042196243	-1.48537555037	2.1058020714	27514.1135305	True	
0.0251721301237	-1.5766703278	2.07048142491	29559.0400202	True	
2.42152489029	-1.63447389964	2.29133856926	26386.0342472	True	
-0.603078693079	-1.20668449286	1.9196155774	33003.9710874	True	
1.22569581752	-1.48438816596	2.21215629395	28762.3451572	True	
2.28897218901	-0.95244200046	1.94856599773	31294.4790581	True	
0.106025556352	-1.56387097136	2.12058770677	27427.4499658	True	
-2.30275685564	0.412072782334	2.40890619173	26733.9596058	True	
-2.32505578004	2.73918160959	2.44808963828	27436.405518	True	
-2.25045786494	1.78794334094	2.31300180299	26008.3682594	True	
-2.24118352683	2.38392231933	2.20177269222	27401.1708557	True	
-1.89095920709	0.964246321318	2.1412970118	31714.683456	True	
-1.85285212405	-1.39468074026	2.27437353214	26030.8882115	True	
-0.640614791613	-1.45808581314	2.06602270748	28343.8950103	True	
-2.22912618413	0.433700620517	2.31056578319	26126.6233041	True	
-2.15126872723	2.03115603277	2.17280255915	26913.6576738	True	
-0.868043957803	1.81114446141	1.83720609115	35152.6710446	False	
-1.94002305664	0.784496142045	2.02318433671	29621.2174935	True	
-2.11066921174	-0.312607888718	2.06570439528	30336.9635889	True	
-2.33227275042	2.68567619273	2.3992770423	26769.9386967	True	
-2.26865379069	0.217490865934	2.37619797424	26452.7398691	True	
-1.72019282546	-1.22498814548	2.14845881042	27422.7889132	True	
-2.31763336632	0.150113862194	2.22231738221	29804.0800929	True	
-1.51958428425	-0.199863581877	1.99371896771	31386.9512739	True	
-2.00386763562	1.98100737349	2.1432748698	28540.3901948	True	
-2.00799009835	-1.31627944747	2.19719589314	27529.323679	True	
-1.81015821965	-1.31097828234	2.28936787945	27855.3541906	True	
-2.20044639297	0.964753445906	2.19505099858	26850.2685334	True	
-2.26652779187	0.472666142502	2.3329012347	26039.9562837	True	
-1.37096204292	-0.848630602511	1.98512885164	30532.3094982	True	
-2.11644995369	1.22565770348	2.19924866437	27013.8744126	True	
-1.9925019232	0.807269695174	2.17572584082	29721.9976007	True	
-2.19013660992	1.95018598772	2.31353161747	27077.7379746	True	
-2.33973763742	2.11528454138	2.31189582812	27699.7013073	True	
-2.18788985631	2.77303105064	2.14501861208	28071.41589	True	
-2.26052377544	0.915350854073	2.26330186306	26398.1095457	True	
-2.28394963236	2.60343504604	2.36445037389	26225.9725644	True	
-1.82628233336	2.31175952661	1.98664682219	30392.4595683	True	
0.979061782655	-1.35126398856	2.07427837543	28756.6902862	True	
1.21636835255	-1.55304736544	2.09446399286	28083.2282079	True	
1.07593673926	-1.31749619021	2.04317891169	29037.4092626	True	
1.61996680387	-1.53022412374	2.18364002109	26939.9046706	True	
1.00887693585	-1.4689657751	2.09538684784	27701.4056535	True	
0.73410307968	-1.79452309806	2.40583848583	27870.9420752	True	
2.19163204363	-1.45079898899	2.07555962145	28049.9026175	True	
-2.31569804283	0.0558308212988	2.39604902602	26630.1976741	True	
-1.25803119956	-1.53392615746	2.17308294975	26556.2101907	True	
-2.16087243175	-0.882200501183	2.31295249768	26070.3697081	True	
-2.1113731385	0.469864031682	2.08510444917	29010.5648698	True	
-1.85899187692	-1.49716497292	2.36820575172	26496.2191105	True	
-0.962028319907	-1.64371565474	2.28110041304	25921.3349718	True	
-2.20776950704	-0.600127180271	2.26709002211	26124.7611254	True	
-0.734551001435	-1.52873655554	2.13869686209	26971.3764542	True	
2.15231107895	-1.66779427438	2.23103135368	26164.806453	True	
2.76434111205	-1.47060304302	2.14035060246	27557.4092753	False	
2.53642470137	-1.57603826343	2.21310718382	26453.7121484	True	
1.75399070116	-1.56362101439	2.18730332106	26519.3937009	True	
2.13080743771	-1.52884673844	2.14421595412	26940.4575619	True	
2.71495140297	-1.63395261341	2.2003938466	26304.6015653	True	
2.69173506588	-1.62758850541	2.28544316425	26419.5813649	True	
0.39284219396	-1.60734542157	2.25414107636	26322.5406306	True	
-0.221702979271	-1.55740111263	2.25278704221	27370.2604766	True	
0.86713935315	-1.69384209959	2.37058446405	26941.1350071	True	
1.56263553951	-1.67326091834	2.19499293669	26953.6774302	True	
1.14997424119	-1.66735603253	2.28852860848	25958.6006697	True	
1.92188838567	-1.70296804568	2.32862530601	26137.9178455	True	
2.58613520307	-1.81033717991	2.4315781669	28613.3000565	True	
-0.46250229277	-1.54415255562	2.04257160782	30435.3182793	False	
1.51237850004	-1.59796206489	2.18829003889	26341.2278955	True	
1.99590976703	-1.67898782058	2.37014973343	27243.7988363	True	
1.97935309928	-1.77830906085	2.2706577521	28299.3281157	True	
1.49080753907	-1.77662179624	2.32959361146	27254.3857885	True	
2.02533359177	-1.76615654413	2.36369404877	26919.2817842	True	
1.49904485497	-1.83120582704	2.3797216479	29134.1414336	True	
1.79766192283	-1.58275051582	2.21338106735	26368.1572941	True	
0.58417628722	-1.66449798107	2.20360590831	26601.2067963	True	
-1.02230669194	-1.67840732096	2.42586729063	28497.6910088	True	
-1.18253018618	-1.71235627121	2.43012518183	27857.5806327	True	
-2.21738885693	-0.0760584212117	2.210355687	26889.5089027	True	
-2.3007442692	1.05051538423	2.40956446257	26766.9897753	True	
-2.28225979558	0.564707595927	2.35946155543	26182.8279849	True	
-2.04086954455	-1.18865898955	2.3613827529	27343.5510484	True	
-0.342221505641	-1.72018224276	2.27827288503	26435.2349469	True	
-2.06819965181	-0.916736478718	2.16272315833	27114.9740949	True	
-1.75999933898	-1.54120717452	2.26908064078	26216.2831364	True	
-1.92414659621	0.913422655487	2.05653690466	29014.3667277	True	
-2.1148472747	1.01677739875	2.19282701528	26997.9501206	True	
-2.22240733829	-1.11537812898	2.36492887542	26772.4168935	True	
-1.48770146431	-1.5849278768	2.34022270005	26579.1915575	True	
1.02531512895	-1.748747863	2.37717785852	26798.3116281	True	
2.82265540426	-1.76182846463	2.33607853307	26805.3296331	True	
2.48274166152	-1.4338896843	2.05418005619	28497.7657037	True	
1.62353141318	-1.7180711896	2.28120808031	26269.6446351	True	
2.67399279439	-1.63323181823	2.25326153301	26016.021849	False	
1.85270075021	-1.71538133561	2.24372699776	26770.2347497	True	
0.279754414518	-1.6350336245	2.22331151168	26062.6342193	True	
-0.0725540205886	-1.61071160291	2.10299547731	28848.7941968	True	
-0.0155568566171	-1.74762106348	2.34338062664	26560.4961325	True	
0.28230397652	-1.72984619006	2.2865779322	26460.8720495	True	
-0.0802885051994	-1.67989992019	2.30300502789	25983.0497966	True	
-0.0574050219921	-1.5285789474	2.20182974638	27112.8980432	True	
0.564891688006	-1.65163135807	2.192670553	26642.4698967	False	
-0.780437528483	-1.60985483557	2.32301376679	27297.5506492	True	
-1.2345736832	-1.4308607871	2.17136835792	27386.1401979	True	
0.150157428267	-1.54370675003	2.19887060959	26811.0732268	True	
0.55702513171	-1.55715031866	2.19441580472	26597.5471701	True	
-1.1641914758	-1.77358755001	2.37653603721	27903.0504475	True	
-1.60074075744	-1.1594323775	2.06589856827	28486.9047242	True	
-0.729233350688	-1.60231580623	2.18817488319	26400.6691994	True	
0.862499525257	-1.7964299567	2.38834519175	27780.7998048	True	
2.06929271384	-1.59915342012	2.24952898226	26428.1310529	True	
2.00237156675	-1.64864748205	2.23584427701	25998.5055993	True	
0.655357598305	-1.6383666224	2.26364575215	26017.3653777	True	
1.8921894649	-1.58977984788	2.11877741497	27757.6593199	True	
2.37662107822	-1.54597433216	2.26158144398	28212.1990057	True	
2.17624291351	-1.66553772983	2.30589858243	26131.9381445	True	
2.75434058336	-1.60618837098	2.19909315615	26241.4526648	True	
0.156166555987	-1.66325432698	2.33567082586	26652.7037941	True	
2.05073004896	-1.71578348844	2.37140809598	26696.7420285	True	
2.74516636124	-1.51747475064	2.19185923225	27286.4377629	True	
2.93739799663	-1.65017109208	2.2782755864	26013.6207836	True	
1.47324442252	-1.73130707036	2.29397718225	26396.0744804	True	
2.9281458933	-1.69808164697	2.3030024062	25985.7888499	True	
1.20998846937	-1.7260170993	2.35710647051	26443.2122433	True	
0.395702291819	-1.58814211697	2.24631390316	26571.7293771	True	
1.29074433903	-1.50284816128	2.12359327375	27247.4393041	True	
2.47946709723	-1.69666343759	2.28677015153	25979.7287004	True	
1.44820601517	-1.54135618377	2.12948319321	27099.0304936	False	
1.25769888649	-1.67338260839	2.29809371243	25990.1451233	True	
0.12037868645	-1.69210752421	2.3577428101	26644.231022	True	
-1.0603656545	-1.73673794976	2.29190167462	27218.3005795	True	
-1.54926792432	-1.57913474955	2.23660460936	26262.7148952	True	
-1.65031033362	-1.46002132303	2.21061550001	26225.5891175	True	
-1.78121382074	-1.19243551357	2.16400102605	27332.5215455	True	
-1.14893331337	-1.62533870307	2.23324087465	26117.5369051	True	
-1.85779745937	-1.40115329321	2.29937510306	26176.5172312	True	
-2.09833058094	-1.2000907077	2.31883856714	25982.8369986	True	
-2.14740474195	-1.16114118163	2.31326271603	26167.3287791	True	
-1.78239870525	-1.56329138437	2.40800561198	27229.9120573	True	
-0.357418263916	-1.66731840929	2.19163972421	27045.0027447	True	
-1.08559373616	-1.52158625464	2.14878348647	26848.4006374	True	
-0.276038830491	-1.64436185366	2.28063450478	26038.6332145	True	
1.06601468073	-1.70891013985	2.41063219502	27846.9568861	True	
0.436773208549	-1.6405703832	2.34776534953	27624.2011026	True	
0.608279903204	-1.66185933206	2.3199303715	26383.8807673	True	
-1.94506543337	-1.19014095358	2.16980571692	26821.6097714	True	
-1.07230561293	-1.55337081385	2.22394010741	26331.944597	False	
-2.18769972745	-1.16817335073	2.38407970988	26581.9314834	True	
-1.91786165251	-1.567598297	2.32887782284	27259.0468707	True	
-2.25034904435	-0.669771536478	2.38077769827	26400.4326156	True	
-2.34285926483	-0.587352226103	2.41956341069	27778.0784929	True	
-1.64927133342	-1.30953430977	2.11057536478	27558.7981827	True	
-1.09177716478	-1.71703348687	2.34553090755	26471.0514465	True	
-0.349556514172	-1.64417284334	2.29772877323	26219.8866781	True	
0.379027976156	-1.44191409553	2.11144504849	27791.7024187	True	
0.54570217996	-1.69734619125	2.34897198286	26431.0309156	True	
1.21018784055	-1.63633961948	2.18275640082	26646.6485339	True	
0.520823373846	-1.68771329715	2.26321953723	26033.2197698	True	
1.67743086168	-1.6139227784	2.23339627604	26112.5545265	True	
1.0650119315	-1.57544910886	2.21393135933	26463.5906322	True	
2.15917376981	-1.64644633907	2.24424556179	25956.7843749	True	
2.21096918341	-1.58626807132	2.19909871341	26321.0049608	True	
1.76464676822	-1.71245273944	2.31943398898	26096.648866	True	
1.21832011252	-1.65000494815	2.29816323666	26227.9870563	True	
1.73379859306	-1.69448150302	2.26573681918	26076.0434787	True	
1.96870347795	-1.61342694527	2.24154796313	26149.284705	True	
1.17265185085	-1.54150725138	2.14569667375	26874.0696622	False	
0.0462063039063	-1.62526587677	2.26718911867	26171.591648	True	
-0.781022062562	-1.73800865642	2.31290259737	26669.4204832	True	
0.641105936685	-1.61225578904	2.23868068949	26140.9096327	True	
0.555105424114	-1.69991049416	2.34069267268	26284.3120534	True	
1.48122764367	-1.720673831	2.31431054389	26150.059052	True	
0.673468620383	-1.68009542206	2.2393864699	26200.1737899	True	
-0.334815573158	-1.62313137917	2.24853768583	26031.931295	True	
-0.647468646158	-1.69229785761	2.33416850094	26186.4550285	True	
-0.726850450703	-1.6456286854	2.23065687712	26105.856049	True	
-0.279931107797	-1.49983429072	2.17864949119	27318.7952227	True	
0.558973041288	-1.49206533396	2.10200698098	27554.9005426	True	
0.352983336619	-1.62717723742	2.267761543	26168.8072838	True	
0.0556893193588	-1.59414522995	2.1750905098	26496.5642303	True	
-0.683546173962	-1.61788246443	2.25052644692	26021.9184766	True	
-1.50263869163	-1.6239984456	2.3017083571	26013.8098068	True	
-1.45891133158	-1.59474164134	2.2226205378	26427.5044943	True	
-1.81919107138	-1.5087018473	2.31009643403	25981.2750885	True	
-0.819765128247	-1.59938045535	2.24464158696	26113.4163126	True	
-0.515744379065	-1.67386499117	2.29016867948	25927.2753726	True	
-0.481743619465	-1.6325946176	2.22988968022	26026.3808397	True	
-1.50706537353	-1.58443319706	2.30510402	26019.0233829	True	
-1.0738152227	-1.58475722409	2.2853353593	26570.781667	True	
-0.477605324867	-1.74923591373	2.3749948929	26830.1586925	True	
-0.612343380891	-1.65931491946	2.26538529571	25915.3788194	True	
-0.13168488466	-1.67376998033	2.31593045892	26136.6602203	False	
-0.929919913457	-1.68386679193	2.32557905358	26099.6237416	True	
-1.63605823916	-1.5308986326	2.23756572267	26093.1924302	True	
-1.74041881766	-1.44880152833	2.21306602548	26250.1915072	True	
-2.25147079168	-0.839333130159	2.32904452167	26453.9594918	True	
-2.16668544577	-0.943418102384	2.26296155047	26219.3329009	True	
-1.58233942779	-1.47623756961	2.26090388368	26461.499217	True	
-0.896414390098	-1.52890463395	2.17490452124	26621.867177	True	
-0.371984251505	-1.70756789158	2.30794353106	26077.1918385	True	
-0.89844446113	-1.61605386883	2.23214845365	26017.1725388	True	
-1.20348739011	-1.63170634484	2.24466793921	26085.0831445	True	
-1.22290454516	-1.72056372325	2.34300651314	26674.0357231	True	
0.567700823556	-1.60808317626	2.2357345909	26170.0066523	True	
1.76452795833	-1.64306345351	2.2605425778	25971.7438081	True	
0.237120121124	-1.55805535901	2.18179590569	26558.1337459	True	
1.46102923172	-1.68240715404	2.30789747949	26020.908589	True	
1.96792875721	-1.68696472604	2.36660797925	26970.6731414	True	
1.11817594909	-1.68797557866	2.32944972125	26217.9523095	True	
0.200661739098	-1.67219095449	2.2704603014	25911.9112962	False	
-1.76202132946	-1.52336177821	2.30201925437	25944.8869634	True	
0.0656169257995	-1.62813297436	2.25062453121	26028.006112	True	
1.21777735146	-1.5739194835	2.17793562534	26481.4102473	True	
0.928417283286	-1.70535546334	2.3185135054	26066.1290906	True	
1.05549273672	-1.59924442069	2.19497257356	26283.1624668	True	
1.45999211448	-1.71185505769	2.34684422762	26320.2795856	True	
0.504572468089	-1.6809205767	2.2853743301	25919.8243787	True	
0.996952453083	-1.64150393178	2.26089267693	25981.9982821	True	
-0.0548229820423	-1.60872053563	2.24365975334	26179.0440319	True	
-0.178137946786	-1.63774839248	2.23191846918	26013.0710947	True	
-0.813641921251	-1.57350342081	2.22009062002	26277.0624983	True	
-2.12465721121	-0.780016402144	2.22213615995	26309.5000244	True	
-2.16055729514	-0.655710697309	2.2973660471	26329.2136577	True	
-1.83482052379	-1.52207542012	2.35876753593	26323.8277533	True	
-1.25436131105	-1.61144756712	2.25270912699	25949.1154691	True	
-1.71319767662	-1.65041778941	2.43281837003	27741.2867749	True	
-2.07138304018	-1.04608486347	2.25003315538	26109.3875645	True	
-2.17842716922	-0.451415628106	2.23323777057	26261.6223843	True	
-1.69819610121	-1.40204205453	2.25542480621	26740.4634536	False	
-2.1142068052	-1.1019188319	2.30686737275	25968.3373363	True	
-1.73890030315	-1.47224295738	2.25267692231	25975.8681181	True	
-1.37026362239	-1.50757958329	2.21918836475	26377.7778945	True	
-2.20335915264	-0.7469193283	2.32787228958	26047.6197234	True	
-2.24341285681	0.552641274212	2.27244459254	26103.206338	True	
-2.22409171649	2.1906224497	2.23230321365	26404.6468119	True	
-2.23256095941	1.30853340287	2.264640965	26098.7300828	True	
-2.31127053807	1.27935874026	2.35030447824	26380.4478787	True	
-2.29623039939	1.50021254974	2.36482436878	26237.9942125	True	
-2.2842085744	1.50454371448	2.37405562894	26328.1796709	True	
-2.15293763924	2.73391958475	2.19080764847	26694.9676735	True	
-2.26016349885	1.89699449655	2.29526581579	26041.5331313	False	
-2.24745225975	2.56030561579	2.30197452953	25994.0668205	True	
-2.22537655298	2.6346904511	2.29143632112	26076.7872432	True	
-2.19061091259	2.72577663453	2.27193334367	26374.7615193	True	
-2.29618993376	2.86462592749	2.3670008949	26250.0446734	True	
-2.19666923931	1.90856631484	2.23174992724	26288.415312	True	
-2.16367729388	1.43369781924	2.24386260567	26568.7047924	True	
-2.28701052245	1.2343514871	2.34574351675	26120.0346831	True	
-2.25925628677	0.122531517372	2.3536780243	26218.900734	True	
-2.28078067517	0.575097660389	2.33784392776	26082.9187666	True	
-2.30788976488	1.92191928385	2.34945522886	26324.0413782	True	
-2.27427205121	1.92387777468	2.31071739928	26070.3215948	True	
-2.24327247772	0.764061102972	2.2938029163	25997.310019	True	
-2.25287457819	1.69527914318	2.27928748903	26099.4735394	True	
-2.23536458771	1.64890265475	2.26274839418	26125.1120556	True	
-2.2399336754	1.49001964644	2.30441696287	26025.7872176	False	
-2.23492201282	1.43187326416	2.287155534	26015.7606237	True	
-2.2069076233	1.23939844329	2.274877779	26170.6789137	True	
-2.24449013996	1.46606957619	2.27974867114	26046.4173629	True	
-2.27372003843	1.009624829	2.30014191683	26139.2120321	True	
-2.30661717225	1.6953406959	2.33684953959	26356.959166	True	
-2.25284479356	1.34720190819	2.32772418156	26072.8193739	True	
-2.29649496334	1.65379559957	2.36635296626	26247.7113062	True	
-2.22193580682	2.28324477334	2.27071556021	26068.6179993	True	
-2.29094935692	1.64935062846	2.31611118974	26239.0313594	True	
-2.25105872565	1.26792995555	2.27980989131	26083.6609543	True	
-2.23734266102	1.31715329793	2.29050812474	26009.029875	True	
-2.28314366779	1.99869073301	2.37951688483	26409.3734283	True	
-2.2629610474	1.48896970571	2.35216603711	26225.3508034	True	
-2.24756586768	1.87990160736	2.29378943226	25999.385042	True	
-2.27995415238	2.6179951762	2.35191416792	26132.6150004	True	
-2.21177764576	2.49113480316	2.23276943619	26309.629683	False	
-2.24885160561	2.76060289911	2.32605260762	26094.1519453	True	
-2.24651301676	2.46486630189	2.29637750886	25995.2320099	True	
-2.21625489859	2.80331926822	2.26872619792	26092.7955075	True	
-2.29525310877	2.79260111473	2.33817308753	26183.1652232	True	
-2.25037155938	2.79372908694	2.29815992896	25994.6473768	True	
-2.25366652063	1.67914249859	2.32371758492	26042.8131884	True	
-2.15331754749	1.6385737931	2.21157753187	26589.0910929	True	
-2.20668779109	2.03033488675	2.23830495659	26240.3281831	True	
-2.26962737872	2.03592878841	2.33525284037	26050.1185997	True	
-2.21794075591	1.29482966592	2.2355305481	26312.8324806	True	
-2.24365838335	1.7851410046	2.30263454407	26004.1689867	True	
-2.23117117625	2.66066913514	2.29697310841	26055.2265036	True	
-2.26899251933	2.0552548872	2.31285015992	26025.2459446	True	
-2.26736983454	1.67423701367	2.3191954524	26011.4682312	True	
-2.24210243339	2.942036421	2.28741424991	26009.0701153	True	
-2.24164028557	1.34869074539	2.30918229577	26035.349253	True	
-2.27619454284	0.744641133243	2.31992228085	26062.8205716	True	
-2.22781239571	1.42590323109	2.28318523272	26039.2332013	True	
-2.28520891082	1.5003081428	2.33255088805	26098.6002352	True	
-2.23722854376	2.21041718682	2.28024946962	26026.5948219	True	
-2.2175808037	2.48082854382	2.2963567619	26191.6767169	True	
-2.27595856416	2.54439035979	2.31042793077	26086.492626	True	
-2.22490938073	2.37937268613	2.25766905533	26124.6630997	True	
-2.24130110857	2.75982359296	2.30174175429	26011.8861531	True	
-2.23279442413	1.97692988943	2.27786187569	26033.5741004	True	
-2.25998342883	1.13569848663	2.28927021773	26082.2827127	True	
-2.27907448917	1.16464395574	2.32265399375	26070.8472696	False	
-2.2626723171	0.785723435201	2.32688014579	26022.6680778	True	
-2.26113010178	0.936570571038	2.33557322842	26075.1918883	True	
-2.19164572524	0.488229761353	2.27432797019	26325.2327469	True	
-2.2739101004	0.688602226702	2.32376092202	26042.1526	True	
-2.23781558297	-0.0459264721933	2.32899982376	26125.8472113	True	
-2.17902868098	-0.516855949916	2.25173648173	26125.6014605	True	
-2.18845570856	-0.81274971053	2.3082195505	25974.4253073	True	
-2.25018646573	-0.112552381196	2.29413640177	26051.7380419	True	
-2.23682812014	0.384137031264	2.28530556871	26011.2476795	True	
-2.24999689616	1.17877341187	2.30552139795	25992.3395875	False	
-2.26739886819	1.16987192483	2.3308486432	26033.4811779	True	
-2.19226210525	1.53552053434	2.23043174996	26302.3139909	True	
-2.21744404312	1.3481078193	2.27615332547	26087.1906201	True	
-2.28992629755	1.77013579238	2.34464723618	26133.0393338	True	
-2.22058093417	1.50419749217	2.25454064537	26138.0332715	True	
-2.28087487802	0.761566637645	2.36516809216	26238.5526585	True	
-2.23136765441	0.173413820055	2.2994962012	26020.2829914	True	
-2.191519971	-0.119987339759	2.27412359719	26186.193752	True	
-2.20535564111	-0.221314685838	2.29460232241	26120.9629674	True	
-2.2613897072	-0.111302501688	2.32538104976	26025.9271295	True	
-2.2623670646	0.12460795394	2.32016837285	26013.4651077	True	
-2.26104617402	0.0483862270076	2.31486828053	26017.0882425	True	
-2.22791408289	-0.351548082515	2.32066350749	26049.9623936	True	
-2.2184795742	-0.500374195531	2.30132384308	25979.8598817	True	
-2.225255001	0.304323190072	2.29944222731	26074.8523408	True	
-2.23326443946	-0.553227304485	2.32093288351	26000.2124545	True	
-2.24976653735	-0.241193527353	2.32991196766	26030.178284	True	
-2.25977603636	-0.407298424112	2.34687069749	26105.1367128	True	
-2.26144206327	-0.199271199461	2.29854467863	26152.4997004	True	
-2.14657748526	-1.01581182495	2.29071100769	25972.2450512	True	
-2.12719726908	-1.19595784268	2.33162142318	26075.4712055	True	
-2.02172796182	-1.19372198728	2.27561117083	26058.5619606	True	
-2.05316122268	-1.17325746425	2.28464949003	25992.5607584	True	
-1.99368360897	-1.27833208824	2.26708879699	25969.3260491	True	
-2.21995345574	-0.446549049323	2.30200770756	25985.0872815	True	
-2.22387073465	-0.479360756339	2.32873964479	26086.0177549	True	
-2.19993565986	-0.418088019928	2.26806033846	26051.4218373	True	
-2.2448699225	-0.241877763744	2.28351346732	26119.2324477	True	
-2.2365285033	-0.0435701251153	2.30310225467	25992.0990039	True	
-2.24055057785	0.67182072434	2.26983690803	26103.1960573	True	
-2.2743838175	1.15090380982	2.3426007912	26081.2266919	True	
-2.26726611018	1.24949921942	2.31565241639	26013.9335986	True	
-2.24543874275	1.09925002595	2.28916674769	26008.6235944	True	
-2.28783696778	1.30511231728	2.32809039445	26134.115599	False	
-2.19604380597	1.22581238543	2.25991131365	26225.016068	True	
-2.22330285585	1.61722914652	2.28808787785	26078.2111288	True	
-2.26299875527	0.940793206146	2.30338743426	26026.2450498	True	
-2.2006592452	0.321617777101	2.26540879772	26156.3270694	True	
-2.26217861858	-0.0341528663162	2.34175315687	26080.6751809	True	
-2.22879593319	-0.124300580299	2.2959909896	25996.362984	True	
-2.21853922976	-0.829790734805	2.33746184047	26064.7504247	True	
-2.21723790344	-0.550122728543	2.27353878441	26106.3496017	True	
-2.26032225593	-0.339300826672	2.35504308175	26158.4725587	True	
-2.2482386418	-0.362504182907	2.3302884632	26027.719815	True	
-2.25585422604	-0.0719068314559	2.3367442235	26064.4698254	True	
-2.2393843873	0.102503143802	2.2963617287	25991.4674052	True	
-2.17901667999	-0.747591486173	2.29496897047	26001.9042234	True	
-2.23509204333	-0.384491234873	2.32768239414	26044.5689019	True	
-2.21785549409	-0.609719106745	2.29977477192	25984.8379763	True	
-2.22268885396	-0.201941183097	2.27905920102	26021.5131707	True	
-2.20035150275	-0.533286904214	2.26945090133	26046.8440955	True	
-2.2225040624	-0.660192680159	2.31617801584	25991.2099294	True	
-2.15407990948	-0.931961503457	2.30709299298	26006.8914025	True	
-1.99224342726	-1.34275155794	2.31271435985	25970.1261527	True	
-1.50703858889	-1.57736183413	2.28509832762	25930.1542795	True	
-1.96867017715	-1.26329750301	2.2830522077	26166.6802619	True	
-1.69780857206	-1.49989927628	2.25330172849	25966.8763525	True	
-1.50576166574	-1.57217616266	2.2647472187	25922.2245767	True	
-0.940343631054	-1.62899183741	2.24010805574	25990.297462	True	
-1.14131878571	-1.63455468497	2.28605625953	25927.0434624	True	
-0.531780618598	-1.63540658705	2.24444658696	25960.6374567	True	
-0.341202205788	-1.68115465234	2.2902078407	25932.439411	False	
0.230500704555	-1.68707502679	2.3093804293	26010.4856166	True	
0.291513779813	-1.68526173702	2.30701147693	25999.5086065	True	
0.149970915357	-1.6787077404	2.27749988405	25918.2259271	True	
0.205247416266	-1.63776621071	2.24862471946	25968.94641	True	
0.247896588422	-1.70180724186	2.30978446708	26021.4508606	True	
0.0476519378099	-1.65142245272	2.26274708206	25925.4443318	True	
0.319715242993	-1.6512810809	2.24809921494	25943.6520682	True	
0.411307081403	-1.67084804678	2.30863853006	26100.7336858	True	
0.0336723456295	-1.63736958967	2.25213975255	25970.2339193	True	
-0.601191694301	-1.66720847729	2.26805457904	25930.5840071	True	
-0.765307513022	-1.64699664037	2.29281863102	26021.7156221	True	
-0.149850332659	-1.68820222253	2.28491720218	25952.8009952	True	
-0.696596259505	-1.65991680224	2.27362522596	25907.3160072	True	
-0.387853429454	-1.69142317744	2.30367653829	25983.5895457	True	
-0.54223523275	-1.66812828041	2.26778103896	25929.8274762	True	
-1.37491305478	-1.59010644369	2.25117808988	25953.8102318	True	
-0.947518590121	-1.62335755165	2.27910355515	26040.5526677	True	
-1.07386513881	-1.67205821646	2.29331021934	25996.0033288	True	
-0.658778427098	-1.65590004479	2.2475453459	25998.2772442	True	
-0.652660535059	-1.69274831146	2.28249060567	26058.2342203	True	
0.0356451177546	-1.68120004238	2.26326771782	25990.1600173	False	
0.34879716207	-1.65681194697	2.27740292978	25950.8312171	True	
0.0403424581534	-1.68518133751	2.27702720608	25949.1521206	True	
0.314500809923	-1.66807721101	2.28233894787	25922.7333755	True	
0.0976176530708	-1.66335903046	2.25774886394	25927.337906	True	
0.315197308064	-1.68133860083	2.25609884574	26036.4705598	True	
-0.120473658941	-1.6522648455	2.25255836775	25931.4109582	True	
-0.429220231646	-1.65034270183	2.27534457794	25944.1010992	True	
-0.387409889766	-1.6673856379	2.28621814063	25924.7229189	True	
-0.127490489235	-1.63734191902	2.24655941222	25964.0154736	True	
-0.381389412638	-1.66402106782	2.27140593224	25906.2812576	True	
-0.9359457855	-1.63096697579	2.24347905381	25973.9252915	True	
-0.842743345106	-1.67724922852	2.28653727279	25965.110729	True	
-1.06674989987	-1.59507845967	2.21549473082	26129.6298083	True	
