Parameter 1	Parameter 2	Parameter 3	Potential	Equilibruim
-1.31631715728	-1.80646831954	2.15890572591	37836.6311395	False	
1.43177596352	2.01516825456	2.08547463301	55215.2406404	False	
-0.268082129542	2.37548923065	1.66497425598	56981.7200798	True	
2.9395616187	1.31732969562	2.04081734014	45570.8772529	True	
-0.149259385605	-1.50887206101	1.94780728123	36061.4362407	True	
1.26856882517	-1.62988560703	1.80178311086	58891.2499651	True	
0.248792022359	0.0204168739517	1.99739092643	37790.3155836	False	
0.428433210213	-1.69207418162	2.66316644023	50346.9866966	True	
-0.63893773697	0.181151527834	1.86724845667	33457.76826	True	
-1.86138904073	-0.0284033895506	1.71947646626	60482.6566345	True	
-1.15436112888	1.35120763006	2.05520107569	41881.4257049	True	
1.85565247497	0.177831852319	1.77780624754	40088.2690355	True	
-1.04630971555	-2.05902136428	2.42245965825	53662.9411542	True	
1.40869837683	0.280102973224	1.95493442297	34575.9476182	True	
1.70002728586	1.16775052329	1.73968335048	44625.2426033	True	
-1.4635975307	1.53447023705	1.87425538459	34059.6742008	True	
0.0338120055381	2.56130687149	2.1685343503	79856.88533	False	
2.67636912828	-1.84558852992	2.52923584845	32219.271684	True	
0.420554416432	0.178693434508	1.92686740067	33169.2086319	True	
1.73713961712	-1.71785396289	1.82073814775	61820.0520962	True	
-1.7299103782	-1.92592939449	2.58028731762	44018.715386	True	
-1.22779126746	2.03187508278	1.88857451984	32855.8160405	True	
2.35656879362	2.28155120938	1.74236636132	44224.6025633	True	
-1.39619292385	0.852923963543	1.90267687263	32490.7468036	True	
-2.20860846725	1.39783229081	2.07935093541	32072.6681975	False	
0.519414028574	2.12596450727	1.4633392473	100789.254911	True	
0.0050283872923	2.649331975	1.69923048218	50879.7861913	True	
-1.80688675055	1.65934394052	1.64082945551	72910.4080811	True	
2.9573069312	1.72000796334	2.1056805422	60506.3065012	True	
1.01804404367	-1.44521736683	1.82868830911	46702.711984	True	
-1.65657136432	2.18991076123	2.10134746307	36815.977003	True	
-1.93301181614	-1.61422150602	2.15839473525	35841.7672929	True	
1.27662397355	-0.289107304863	1.86827469915	33397.5833051	True	
-1.64737891084	-1.71261990124	2.22128285244	31693.6769224	True	
0.70180859199	-1.21132376968	2.08029000816	31494.0434066	True	
-1.8587544123	-0.991746632441	2.38509656561	43680.9317436	True	
-1.65000610842	0.482161461723	1.23348890221	161919.321412	True	
-2.27785340684	1.62566093898	2.13251140286	32050.6978778	True	
0.0642938609739	-1.95214111765	2.13447243319	50760.8971745	True	
2.35701367462	2.60258272485	1.77698103722	39925.2648258	True	
-1.00448271144	0.876490257001	1.82271153334	36499.9619876	True	
-0.518494125802	0.882377452166	1.64020558514	61988.3069365	True	
1.47029426461	-0.163812245575	2.09057781916	52918.4555904	True	
1.72943125451	-1.32528753861	1.50020696038	102956.028007	False	
2.07615281105	-2.0630001964	2.37141318565	53582.921278	True	
0.0901925479163	-1.42991907626	2.04714589381	28685.5363358	True	
0.0277717782289	-1.8830048845	2.51518522626	33320.4513383	True	
-2.41764842596	1.16426720803	2.5406254893	31058.3384333	True	
-1.79757806199	1.8616781429	2.26125832566	51303.700237	True	
1.06274892686	1.36226305284	1.71583042659	48115.6877474	True	
-1.05671921999	-0.0529636902703	2.13327423294	56303.1890856	True	
-2.28022288537	-1.0486980079	2.6742090902	39614.5967117	True	
-2.2721791835	2.05153443443	2.14497973245	31023.7629525	True	
2.13620969802	-1.77142120368	2.4202524399	27703.0061116	True	
0.937184000097	-1.74414306527	2.44376159367	28403.1791137	True	
1.86765332333	-1.65267675495	2.18727544568	26770.1896811	True	
1.87332161004	0.510126658898	1.96464890139	35418.6188435	True	
2.79335147706	-1.70319275178	2.39382489212	27423.9720539	True	
-2.06500793764	0.760895229671	2.19612019929	28059.6043059	False	
-2.54867405951	-1.08959900172	2.20031378853	64071.979765	True	
1.05268215282	-1.41843673206	2.12068316148	28219.9147845	True	
0.86203463095	-1.28345094694	1.85566140809	39204.8627971	True	
-2.2385589664	0.124249525144	2.31613368634	26047.9329093	True	
0.952842293162	0.644634911075	1.76352957232	41597.957058	True	
-0.339178233387	2.26787409554	1.9349042115	33522.6187344	True	
2.55853204256	-0.358746360442	1.67385784554	56343.2421666	True	
1.71866164406	-0.62840494274	2.08276993759	45583.9788462	True	
0.208484075612	-0.258867110748	1.95725504814	33839.3438337	True	
1.03336847155	-1.54299703847	2.10817170187	27570.8292097	True	
0.0738728591076	-1.5658395805	2.59090562289	57745.0613197	True	
-2.02466890255	0.053522906472	1.65978707675	77527.1301591	True	
-1.73023138074	1.21796653722	1.98112208514	30564.5975794	True	
1.38400914377	1.83406510865	1.96017842087	35289.5489446	True	
-1.96565244462	-0.356171539968	2.23767802063	32597.2159315	True	
-0.641630631632	-1.13362002975	2.08799389361	33027.8341545	True	
-2.3699851571	0.528981308589	2.50356697219	28999.3932731	True	
1.73499547429	-1.27665578786	2.21199300157	39765.7893485	True	
1.97468826418	-1.1457425919	2.12178150575	36544.1575852	True	
-0.656758665356	-1.33701346977	1.79735004897	48320.6595668	True	
1.79681237589	-0.455289536988	1.99131765341	35554.7277385	True	
0.417616316568	0.529007443615	1.95257819805	34515.990086	True	
-2.05203389772	2.50247078361	2.35394811206	38683.5727909	True	
-0.133796478525	1.47126766128	1.90563289657	32897.8488178	True	
1.38319714746	-0.116238831969	2.06775803046	48354.3026445	True	
-1.27570527705	1.73278747921	1.84592728446	35321.1113597	True	
-0.428977680349	-1.78424479816	2.65145347699	40959.452592	True	
-1.03227209268	2.9919063785	2.01914348205	38362.3013316	True	
1.1612386177	2.01039245457	1.72539049196	46652.2791528	True	
-0.210958779734	-0.732529607929	1.90960299512	32154.9583015	True	
2.58060519428	0.294997628047	1.54930788209	80834.1536358	True	
0.739279192396	-1.80973648278	2.37062052879	28225.7682604	True	
0.654570360757	-1.99067892061	1.7289153729	100531.330863	False	
0.872201145901	-0.722922545085	1.88544109891	32918.4800995	True	
-2.47712835608	-1.0297842172	2.66199884231	42392.5278551	True	
-1.23279182594	2.68470121765	1.99611867095	34630.9716438	True	
-1.79455489066	0.0824916030973	2.204787589	41375.8261516	True	
-0.734025081485	-1.88532611751	2.61571645746	37929.5044591	True	
0.943080687472	1.43954951159	1.99106615139	38177.5131265	True	
0.268697900814	-1.73573914027	2.60267407996	39082.9876674	False	
-1.25870890699	1.39773762962	1.91366505404	32221.917457	True	
-1.91084199609	-0.414418567054	2.35274573138	48730.7628908	True	
-2.40415619812	-1.8408468938	2.76966645786	71413.9723171	True	
0.436701029442	-0.797400987641	1.88567959441	33002.7622049	True	
-0.736568762729	-1.55447569476	2.098645782	28220.7886907	True	
1.72048461256	2.99652024981	1.92653031968	33459.4761891	True	
1.19500131594	2.50335279067	1.89168683372	32943.6127029	True	
-1.67542303938	-0.620154006076	1.96083558282	31092.1082383	True	
-2.37619557002	-0.207684491805	2.62209103738	34386.2228979	True	
0.897339865981	-1.70457224384	2.21119933039	27277.1172655	True	
-2.61247888129	2.8961209788	1.89331065525	97791.4995263	True	
-1.27813968661	-0.517197030932	1.874979217	34047.7527385	True	
-2.19903107723	-1.77202202417	2.15748047591	59837.1435098	True	
1.98191654038	-1.57961714546	2.31259955007	28774.356569	True	
-1.34731900117	1.53780660125	1.85830997478	34675.5519132	True	
1.65735212199	-0.882476847967	1.75016747713	46857.9110847	True	
-0.0324462404439	-1.16767075024	1.8931407284	34254.6387197	True	
0.443174686264	0.512158358559	1.81682453741	36240.9376457	True	
2.33207917949	0.596335523871	1.92812929046	33410.7208026	True	
2.39990972361	2.85549965407	1.59172177777	71223.2691074	True	
0.192438556581	-1.67119498399	2.09130069316	31356.4347101	True	
1.55204501483	0.236396319511	1.76633009423	41395.3030763	True	
-0.290541080696	2.06987250103	1.86484443901	33474.7034137	True	
-0.78613474187	0.888547308369	1.73441609974	46284.3604776	False	
2.04686854633	2.93762304597	1.84296983434	34403.6175428	True	
2.46585205128	1.45592379774	2.0163427741	41538.6714582	True	
2.06074730151	0.692862372372	1.91732619099	33122.6472127	True	
2.96178004274	0.471524091324	1.84249790848	34474.8452253	True	
1.46532001866	-1.26091052884	2.17597694541	36810.6704568	False	
1.77323234042	-1.60685465554	2.33035278499	28304.7896626	True	
2.7958903135	2.61051121078	1.98711712849	37800.8930992	True	
0.0420773144954	0.522107262884	2.01103562889	40114.6439088	True	
-2.02547563915	1.76945544027	1.78441517523	55295.8959457	True	
-1.39883745522	-0.523320161315	2.21143837997	58570.0956184	True	
0.116451101841	-1.92580238122	2.00972781018	58452.1342058	True	
2.8989635735	-1.61457172083	2.22929897976	26101.6459959	True	
0.379771798644	-1.81089781793	2.39921013323	28319.8058728	True	
2.14166876721	-1.54440360217	2.06032055067	29321.0728884	True	
-1.93122629288	0.491591446805	1.9932490461	30724.4250727	True	
2.39353255658	2.79662964208	1.90516996391	32983.3983694	True	
2.78319317212	-1.10073835291	1.68607105067	60071.7619078	True	
0.270267112517	-0.0679304980751	1.88452031145	32904.1160921	True	
1.89294399212	-0.931731553573	2.01421786123	32975.6692469	True	
-0.151518769975	-1.17877238228	1.99183269773	30102.1624865	True	
-2.01776672618	-0.465299024516	2.17398710129	27782.0633416	True	
-2.29835785826	-0.673974004919	2.50635419035	29260.5725242	True	
1.27777808152	0.029150784894	1.89060889371	32831.9197587	True	
-1.74006422123	-1.0490600955	1.73092307548	61366.1206524	True	
-2.0938183094	0.937640839466	2.09156661383	28484.6631046	True	
-2.30429969426	-0.830076696997	2.49049394987	28629.3937811	True	
0.0107504472745	-1.14048481637	2.23339778041	52173.4459802	True	
-2.12058519368	1.92961272741	2.09063145761	28878.9639936	True	
-1.69790716634	-1.47324161936	2.31346382538	26716.1154521	True	
1.11060415952	1.36355294355	1.91907354011	33213.1824911	True	
-2.25624327399	0.837640735208	2.26293496815	26340.4638209	True	
1.58072417104	0.655072314992	2.0280422882	43075.2838542	True	
2.76041719823	1.8718373492	1.92851283232	33527.0044633	True	
2.74718510176	-0.701192796459	2.02594618936	36739.9478754	False	
1.48444526046	0.375727525632	1.90749655483	32900.7723689	True	
1.04120137636	-1.08235564561	1.94681800467	31093.0290438	True	
1.22527746317	-1.33402055538	1.98703227673	30252.5282116	True	
-1.95414738749	1.06078742443	1.97410062923	31984.2250578	True	
-1.3651156955	-0.69838222314	1.88088401372	34329.6419997	True	
2.43209261179	0.882492121553	1.8463296625	34241.6790211	True	
0.0922297496269	0.989125264748	2.0147341599	40921.3377153	True	
1.72574089978	0.729897047139	1.80949871356	36785.9371615	True	
1.14848152109	2.21192986677	1.91869037992	33217.1475067	True	
-0.417710193887	-1.77347519214	2.40294472513	27491.3291703	True	
0.0453994096105	0.3299739234	1.8516786646	34041.962193	True	
2.68969483104	2.03468696538	1.82077456667	35837.3832579	True	
1.10780075632	0.881983295296	1.93909915919	33911.9392149	True	
0.735711129775	2.08456173261	2.01224408407	40912.7058148	False	
-0.43734426663	-0.59111059867	1.95607511793	32522.3715086	True	
0.113371087927	-1.74183901772	2.23785780484	27770.6849902	True	
-0.399551358349	1.19961353213	1.81009706692	36911.1053469	True	
-2.17132281147	2.17556707653	2.28828245976	27066.3710105	True	
1.854550059	-0.799727375611	2.03823111267	36653.0180234	True	
0.800595763789	-0.574959903184	1.77889909724	41236.182461	True	
-1.01403381358	-1.20291734915	2.27534799286	48823.3636674	True	
-2.40331808508	0.595614610557	2.47158358166	29342.7714991	True	
-0.289047524147	-1.67233488515	2.04259982456	34844.4155528	True	
-2.45054287801	1.42047205764	2.40444680259	32785.5903964	True	
-1.5470640003	-0.724015275833	2.01110316981	30337.6477815	True	
0.726991986403	-1.13910730521	1.82654628635	40024.367705	True	
2.63219905039	-1.89644876304	2.32009802246	34706.0516723	True	
-1.39130610613	-1.71228853965	2.43963686781	28024.2454346	True	
-1.45731060739	-1.40745054093	2.22992242884	28034.3347285	True	
-0.51546646592	1.38540456267	1.86764850976	33395.0430005	True	
0.554206693788	0.994859032681	1.83395758492	34962.4057352	True	
2.04640796594	-1.48107607172	2.07871780093	28012.2352837	True	
0.0994457848461	-0.675629684699	1.9680839929	32788.3169325	True	
-0.62428959745	-0.846567827597	1.90935297295	32188.6109542	True	
-2.04773332998	-1.18470567151	2.20617432384	26770.1636106	True	
0.15818151523	-1.17271948434	2.15902043457	39176.0699116	True	
0.459118994493	0.31296805847	1.9193312729	33044.4317593	True	
-0.41747628261	-1.69302878889	2.19999243519	27454.8483387	False	
1.89521122682	1.09746710634	1.96607234392	35709.2001741	True	
2.27772303834	2.46137897994	1.95253114532	34764.1265057	True	
1.44312374203	-1.62187128616	2.16480470271	26878.2285668	False	
0.916895531767	-1.81303167844	2.20971243199	32487.5483035	True	
-2.16559586498	-1.5554587471	2.43979796629	31908.3308076	True	
-1.76678012811	-1.57819281245	2.64900038117	43583.0987858	True	
-2.40137688699	-0.105601734732	2.26115704391	34080.7660357	True	
-2.48705058462	2.24948825439	2.59242188979	36191.5333934	True	
-2.15600929946	0.265520681474	2.26301462736	26832.6512474	True	
-1.72431498861	2.03389941438	2.11613225294	35969.5030255	True	
1.96455302084	0.86557267112	1.81305683582	36474.1692167	True	
0.574920698779	2.94762509254	1.80827220868	36860.0941968	True	
1.51890129756	-0.229761282179	1.99120048447	36557.3900171	True	
-1.19376923478	0.992033528114	1.92356338877	32215.0445305	True	
-2.26410171674	-0.391613240042	2.14406642928	31688.3914839	True	
1.76966236349	1.06108215291	1.85148829043	33984.683033	True	
-2.04544788839	2.378585089	2.16730051553	28045.8994502	True	
-2.4359324212	0.687817371707	2.57819766207	32906.2404391	True	
0.278830159907	1.67036571637	1.84343144067	34402.9302083	True	
-0.170713562837	0.754923445382	1.98977308503	37515.4265121	True	
0.934377909562	-0.378879240308	1.9755923545	34681.1653312	True	
0.488353172097	-1.45646414624	2.10408274344	27677.290446	True	
2.66342190326	-1.71615773288	2.55459116795	36045.7152414	True	
-2.11352633449	2.27507154117	1.96589823284	36875.335866	True	
1.28420676439	2.40028729053	2.00185410926	39547.902779	True	
1.38376398397	-0.809991820481	1.94983903359	31790.5047297	True	
1.55990049354	-1.54665896151	2.2525853275	27888.1722427	False	
-1.58135203723	-0.8563639925	1.98634173033	30247.7030746	True	
1.82931021807	-0.185531808286	1.85882022353	33775.5814159	True	
0.931581343057	-1.82532169838	2.52610855899	31668.4424236	True	
-0.351644264288	-1.48203534511	1.90692622883	39185.6589166	True	
0.241429714085	-1.69793909656	2.18865475309	27809.3339939	True	
1.52823030941	1.69518285563	1.78174184721	39413.8026671	True	
2.22987836393	-1.6614863801	2.19166650333	26811.5199174	True	
0.816403191314	0.0970515530624	1.8607995947	33634.3168162	True	
1.8078434154	-1.4660916887	2.18211323785	28403.4965908	True	
1.26878235479	-1.11007861135	2.03416600788	31429.2408801	True	
-2.0992097888	-0.784422413057	2.35751205628	29492.2229254	True	
1.41662454126	-1.63811203675	2.20015837644	26340.2864765	True	
2.61365402798	-1.47824928247	2.06982618096	28230.5642493	True	
-0.555006047597	-1.25161428228	1.92366162938	33145.3920821	True	
1.3786907358	-1.78347659918	2.23939110557	29488.1629972	True	
-2.23391679694	-0.786720508369	2.52712938786	32061.3815558	True	
-1.99561776779	2.82304399854	2.10229689637	28299.0195511	True	
-2.1645224649	0.682525088016	2.35867360386	29798.0306007	True	
2.2819175844	-1.05100254989	2.09696986055	37218.8624695	True	
2.54450030279	-1.28894025078	2.1624589001	34258.3135906	True	
-2.10782518924	0.541610313804	2.19233390146	27060.6276025	True	
1.35920784446	1.9404904557	1.92185935007	33304.019274	True	
-0.383736220441	0.66788435155	1.92305371601	33041.9215647	True	
-1.95730126109	-0.904611123792	2.04906995859	29841.142723	True	
-2.04524520945	1.79753000566	1.95670831692	35286.5172926	True	
-2.38965221816	0.924419189883	2.34616248012	29550.560478	True	
-2.22799648988	-0.292856015605	2.20322798859	27458.3786434	True	
-2.29623374668	1.625309054	2.58963733131	35959.1344815	True	
-2.33010417916	0.361462980323	2.15342611084	34182.188974	True	
-1.09675148951	0.696293685349	1.88825320255	32819.3743295	True	
0.385974385916	-0.566890941925	1.91531637951	32252.8686872	True	
-1.9995444193	-0.844584743457	2.2359271524	28006.213022	True	
-2.28801231198	-0.447047642925	2.33590076165	26430.5618813	True	
2.68387749792	-0.319887341519	1.88047529399	32978.8551124	True	
-0.425505713551	-1.69659071175	2.35840899806	26548.220631	True	
0.388500668417	-0.892400980953	1.88450654243	33259.6710898	True	
-0.458522213059	1.24066146369	1.89758505226	32805.7858993	True	
-0.321600149021	-0.995249432187	1.98630891032	31136.0429995	True	
-2.15773747993	0.843259411636	2.38263689532	31632.8292502	True	
1.53734138273	0.428863198079	1.87576273066	33138.411592	True	
1.93158969915	-0.135754585531	1.89337036563	32753.3059843	True	
0.594393032179	-0.692540908897	1.8676519039	33745.9033567	False	
2.03882636827	-1.24327468858	2.0807033742	30816.7578	True	
0.603255404978	-0.437328308742	1.82965850719	35835.9873464	True	
0.696996884688	1.43563500705	1.84931320916	34089.1023835	True	
-2.22732536819	0.630768945769	2.46472917349	31711.0771523	False	
-2.40205286145	2.56289921704	2.49120671647	29457.4013968	True	
0.31508840099	0.714179989743	1.86721692454	33380.8708025	True	
1.09220128978	-1.74215981611	2.29412223949	26634.4556416	True	
2.08136491803	-1.45956975708	2.17347153576	28354.3761985	True	
2.3555781802	-1.02537755093	1.96925275636	30954.9731488	True	
0.409811553588	-0.351383498266	1.88573305544	32833.8128004	True	
2.28838047709	-1.58972289465	2.10979299736	28069.570898	True	
1.59682840787	2.32781020447	1.88845967085	32965.4344329	True	
-2.18141903229	0.643137891121	2.11900450071	29022.2786619	True	
-2.28006985476	-0.102974259074	2.37426535981	26311.0734704	True	
-2.15148123449	0.131995732957	2.18682039812	26722.4485686	True	
-2.15974721197	0.461760902561	2.17841857713	26860.6391328	True	
-1.12323401298	-1.57931409218	2.25548014839	26183.6892541	True	
-2.17496610838	0.104998770298	2.19295778407	26714.3726474	True	
-1.92523123965	1.68502632708	2.0835024931	29060.9356184	True	
-2.31033479952	-1.04463003072	2.33304208048	29753.76226	True	
-2.06558924444	0.282752747101	2.19188360809	27828.7234518	True	
-1.96459228913	-1.15675152272	2.20573948056	26413.5135391	True	
2.91727393096	2.0112959105	1.94469274525	34281.974084	True	
2.62057052626	2.5458935127	1.8418736934	34463.5269684	True	
0.000287057633759	-1.68788063632	2.37870787665	27234.2912451	False	
0.540378924683	-1.30612184129	1.98473551465	30215.3027783	True	
0.271096809313	0.143246741064	1.88237108348	32973.438994	True	
2.63283838708	0.856823885974	1.91557183858	33106.0773021	True	
2.6770161144	-1.51869766995	2.07518781525	28358.5907979	True	
2.07239558221	-1.59169258779	2.28303405229	27279.2694654	True	
0.443899570442	-1.54483711173	2.15149753551	26802.9093706	True	
-0.975633634854	-1.52077691824	2.11465397462	27508.8834838	True	
-2.01495254682	-1.37824189206	2.32333309783	26072.4000932	True	
-1.14873560076	-1.65948634231	2.24547487591	26339.8490729	True	
0.751345868668	-1.48277269988	2.14646113776	27404.3233985	True	
2.38099767066	-1.68221942435	2.22135955685	26522.5619196	True	
0.697247012001	-1.76098358528	2.3728815404	26894.8279779	True	
1.44865461249	-1.63530381937	2.12585790248	28389.6573737	True	
2.22832736154	-1.72965082953	2.2577338156	26860.6847392	True	
0.920534192761	-1.67396170995	2.21370201102	26539.3811794	True	
-1.68518019453	-1.61467730397	2.33107831381	26299.2989405	True	
-2.26365999121	1.77837732376	2.29424319191	26074.1641596	True	
-2.30454992704	0.528972784528	2.38472224159	26425.144337	True	
1.31103531295	-1.63285330082	2.33492492597	27487.2496274	True	
1.80375498953	-1.5615541931	2.11791028258	27454.4767899	True	
1.92106243058	-1.71750819913	2.33494308738	26204.9584827	True	
2.51412221332	-1.76002360484	2.32846125174	26791.407826	True	
-1.33873022106	-1.38323341504	2.15052097173	27566.0230552	True	
-1.09011563148	-1.56393587291	2.27530393181	26796.6357839	True	
-1.94571652062	-1.45458571088	2.36664001075	26373.7853312	True	
-0.132215677761	-1.59703047375	2.22829308226	26222.3384172	True	
-0.406863431108	-1.74104039022	2.51798179445	31906.8097761	True	
-0.251803370487	-1.83328568431	2.30083754725	30663.0356285	True	
1.70903366333	-1.79929569158	2.36480688411	27835.0592762	True	
1.12257195473	-1.5674319541	2.15113424993	26785.0821738	True	
-0.259416348441	-1.67538549775	2.42632710431	29410.8624988	True	
-0.258322038407	-1.42250103215	2.08872281126	27975.2521121	True	
1.83681217277	-1.765510236	2.42534469164	27777.5388043	True	
2.51143052918	-1.6806673362	2.25284918211	26047.7742	True	
2.98877519678	-1.67133209786	2.2660434098	25915.5412277	True	
1.05310245556	-1.77753250143	2.28508216151	27939.8958604	True	
-2.28234544335	-0.309090730697	2.389131872	26471.026952	True	
-1.04577620737	-1.30273943792	2.0347702237	28966.3582704	True	
-0.741032327561	-1.61005545533	2.17636862299	26676.8561091	True	
-0.411296113006	-1.38071717458	2.10670378137	28485.8663003	True	
-0.567090044353	-1.60076335939	2.33679188039	28355.900688	True	
0.516850256242	-1.69616956013	2.42971921386	28937.8678833	True	
1.0657021255	-1.34339251473	2.04269404131	28874.2140061	True	
-0.827047654604	-1.70096478527	2.35825723901	26449.0410398	True	
0.963057854355	-1.729139024	2.33175912318	26265.5183977	True	
1.10300311731	-1.76329403486	2.54169960027	32909.9249739	True	
1.19718877395	-1.69085757438	2.25530204339	26136.02667	True	
2.60899294494	-1.60298884756	2.22419350321	26188.4871486	True	
1.09550976258	-1.62809781428	2.22611461233	26046.3549488	True	
-0.838788817217	-1.64384902824	2.20520052396	26537.2519909	True	
-0.659593030073	-1.39981522353	2.06871777995	28241.5714289	False	
-2.22264768329	0.492809712124	2.31415272917	26255.4858317	True	
-2.15459401658	-1.27144713164	2.36881455247	26640.2407414	True	
-1.2440984422	-1.62091171103	2.26612587485	25916.1201862	True	
0.989956315488	-1.64868838357	2.23906171173	25979.9676015	True	
1.5359843638	-1.39070986468	2.08445657254	28341.3862166	True	
2.5775062087	-1.79310414967	2.49166066821	29962.1943991	True	
2.82637299765	-1.47402653577	2.14038681769	27505.7241268	True	
1.9274475051	-1.62360433968	2.31418170878	27157.9533552	True	
1.99765628896	-1.68575678751	2.18844834852	27430.6631438	False	
1.0165695457	-1.69602199866	2.18195283324	27943.6010948	True	
2.53941967037	-1.72039841946	2.2240279096	27375.9072592	True	
2.30934197868	-1.59423471895	2.1632394486	26672.2308901	True	
2.26607832819	-1.70626044654	2.31452317591	26050.067322	True	
0.830688270308	-1.57244093765	2.08276900522	28845.2084125	True	
1.39002571956	-1.75149805509	2.36842101138	26727.2607647	True	
-2.0619027376	-1.31736195758	2.35455723277	26202.1248622	True	
-2.26843841054	0.762345317572	2.36005660345	26259.505266	True	
-2.04290533507	1.34838318174	2.10764704354	27928.0815787	True	
-1.98412426619	1.05378429346	2.12462433748	28600.4419293	True	
-0.187659333904	-1.64529315756	2.18085333597	26878.5615922	True	
2.65129502921	-1.55260055513	2.20415531294	26748.6206057	True	
1.55995041093	-1.67578322667	2.25526436306	25988.9345828	True	
1.40288042373	-1.64375582606	2.21463584204	26177.2362534	True	
1.22286798838	-1.72471084503	2.41297873311	27642.39522	True	
2.30916038971	-1.70824196674	2.2739511723	26181.2274323	True	
-0.702494847289	-1.46304675079	2.18285588429	27957.3707564	True	
-1.52551105531	-1.62560636238	2.46472649405	29909.7366331	True	
-2.13403464609	-0.421305668969	2.26886712316	26864.2474622	True	
-1.96236716811	-1.34489905801	2.24371607085	26209.7885663	True	
-0.366856141499	-1.32423556439	2.05206070991	28870.0373794	True	
0.830916058728	-1.6917925901	2.3725747638	27029.1639313	True	
1.51589979046	-1.79963481801	2.38269781135	27851.10674	True	
1.05101017187	-1.54402496216	2.20066745696	26860.5513783	True	
2.92414271889	-1.58378677436	2.1459172087	26949.1283209	True	
2.51557811738	-1.68443189591	2.20659330674	26893.8984942	True	
1.73875856524	-1.17948619861	1.98769072233	30178.3408932	True	
2.60706252624	-1.65178991328	2.29008781321	26105.1882935	True	
2.40608235141	-1.63030464716	2.25214109223	26035.3779938	False	
2.50312801474	-1.61167474448	2.19599377883	26269.9618921	True	
1.7115239474	-1.72053490319	2.25176517437	26739.7766843	True	
0.51466003172	-1.73116703832	2.43532822687	28280.3478329	True	
1.72560333025	-1.55892994728	2.20807348909	26676.8801185	True	
2.79714956946	-1.38852110732	2.03927806303	28806.158182	True	
1.68579400595	-1.75292512096	2.27795720425	27171.3340738	True	
-1.2878671001	-1.55553758992	2.25755439297	26256.7805504	True	
-0.811390371376	-1.64132173112	2.14062921063	28429.0723918	True	
0.0691663230998	-1.74313372305	2.24143824706	27725.874482	True	
1.89542325692	-1.72489346805	2.33275720814	26231.7198617	True	
0.252161558469	-1.67330208462	2.16741668554	27831.7739606	True	
2.0381299477	-1.61488752261	2.18650501909	26398.2026196	True	
1.10230476687	-1.68268857365	2.26142401054	25997.4594694	False	
0.916887721156	-1.65355521066	2.33576155445	26906.0742573	True	
0.17454304123	-1.62830914446	2.26683273909	26136.3685179	True	
2.88327043744	-1.42122476846	2.05242330922	28522.9466392	True	
1.71714140444	-1.74030579198	2.34820975474	26452.2227741	True	
0.947088981617	-1.75529827096	2.29564849504	26970.7080844	True	
2.51632796139	-1.44949866341	2.09729361987	27779.4340522	True	
0.0637936589568	-1.60789141451	2.22128900563	26130.8851294	True	
1.45365263353	-1.55414289419	2.18308274798	26612.1156819	True	
1.45118531758	-1.48786875235	2.1063945386	27498.9602332	True	
1.85878524978	-1.5711183176	2.23836186759	26838.9460658	True	
1.65107114122	-1.64248363496	2.14751531235	27739.5153618	True	
-1.66102905606	-1.497368593	2.16652391634	27309.8111432	True	
-2.25772954438	0.411158472074	2.24884480923	26651.1910701	True	
-2.24557004233	1.46884850809	2.44352533556	29522.5564694	True	
-2.29269456719	2.48481671819	2.26347713095	27124.4186282	True	
-2.26124992437	2.71369091294	2.31930224207	26004.1394333	True	
-2.22460834274	2.14528174249	2.30145654368	26145.1522807	True	
-2.25896759948	1.83055232181	2.33635290569	26099.4623064	True	
-2.29054286722	0.842063664665	2.41212317596	26917.679183	True	
-2.25843340937	0.262252727895	2.28378911518	26152.8272776	True	
-2.22837126725	2.73695729389	2.34096704075	26633.9733678	False	
-2.28477741289	1.74843388204	2.25711151959	27048.520715	True	
-2.28325843235	1.03537640765	2.34526535752	26104.3410822	True	
-2.29748475429	-0.118724633055	2.35387901321	26316.7331452	True	
-2.2815355123	0.538151985173	2.40994534295	26987.7155239	True	
-1.84321623264	-1.31315933196	2.29555806803	27437.5344862	True	
-1.7102822465	-1.43480142153	2.17586594133	26716.5358083	True	
-2.27138551523	0.103096289795	2.35644093202	26171.8718712	True	
-2.16790255534	-0.271735130917	2.17936050328	27018.6149381	True	
-1.08536551823	-1.55936844036	2.16284456457	26731.4529733	False	
0.718763374244	-1.68494749227	2.21768624871	26657.5709693	True	
0.785593360814	-1.67524617267	2.32328385672	26254.2755852	True	
-0.108646337334	-1.53145019725	2.21553097865	27273.7766946	True	
0.242119270724	-1.70623372763	2.33048031724	26150.6815033	True	
1.33743451052	-1.73571122298	2.27766402255	26684.8136113	True	
0.632229324582	-1.50625564269	2.1483116448	27103.0634037	True	
1.42841360369	-1.62698268271	2.21808335712	26091.5409018	True	
0.73318784183	-1.42400098594	2.16388802024	29084.0841344	True	
1.59797993811	-1.64722587995	2.20741400016	26305.0741099	True	
2.16157587531	-1.67591225114	2.30304222449	26015.352742	True	
2.17388861617	-1.71839436261	2.24547541506	26809.2593008	True	
1.0806494617	-1.61385301134	2.24789445704	26182.7013896	True	
1.03350713383	-1.65624203226	2.23234017406	26059.0807285	True	
2.30411428687	-1.55937301354	2.19244112911	26573.1484215	True	
2.54679386349	-1.55315914946	2.20334533349	26731.2384093	True	
2.59260694556	-1.70509384896	2.28889326669	26043.2880679	True	
1.18515559473	-1.6919192101	2.29861215447	25959.5010346	True	
0.731822691007	-1.67063329459	2.32072739563	26271.3775303	True	
-0.43003208234	-1.45572117379	2.11869435205	27551.0604604	True	
0.364270963645	-1.56638249049	2.16193391565	26642.588964	True	
-1.77041483175	-1.53837825414	2.35542373396	26351.4816022	True	
-1.4298764232	-1.535358622	2.16505972875	26928.8908096	True	
-2.3035428476	1.32025032129	2.38323660908	26400.6108564	True	
-2.16902249191	0.382834953817	2.16769137594	27153.3809627	True	
-1.34595507669	-1.59089707726	2.2525192251	25945.4683419	True	
-1.06433665572	-1.71690574838	2.2730549924	26963.4337939	True	
-1.02435280196	-1.56504723756	2.21334361836	26233.5294583	True	
0.231352596668	-1.70265484614	2.35251947815	26440.0189313	True	
1.89798995882	-1.74915402976	2.34140337131	26547.5563094	True	
2.79996817824	-1.63392351334	2.27908277256	26217.5793474	True	
2.76930203288	-1.72587754442	2.31608624221	26206.2300818	True	
2.45320880065	-1.63934111317	2.2183391974	26113.0113659	False	
1.3191751232	-1.64731677944	2.23136431528	26026.8346428	True	
-0.257904956273	-1.65664909987	2.30453001373	26161.1326589	True	
-1.67284893252	-1.55208351631	2.29901744043	25936.1946727	True	
-1.60408912991	-1.36782726928	2.17996471319	26922.027785	True	
-0.78352247205	-1.48543934014	2.13160858016	27168.2138202	True	
-0.686010818936	-1.63268261905	2.28735945108	26144.6197189	True	
0.0497589318349	-1.65679005478	2.20202737257	26543.9661757	True	
1.36174223802	-1.60412579651	2.17419984404	26536.4949202	True	
0.611656749149	-1.71625144763	2.32460197153	26141.0270909	True	
1.58399279401	-1.67581866061	2.28656783786	25922.5666184	True	
0.885851205627	-1.66916062432	2.24391056163	26036.5343987	True	
2.385217553	-1.60618190074	2.1862593082	26370.7327369	True	
2.94509565552	-1.66440030868	2.27863756746	25925.9313766	True	
2.81606186218	-1.66918367568	2.25084478119	25978.4383153	True	
1.75578359022	-1.72356049361	2.25499814191	26754.3329779	True	
1.09279560695	-1.56596756616	2.27267577306	27831.2079574	True	
1.85815419732	-1.66355083001	2.25149994395	25949.303921	True	
2.19157372762	-1.65529398257	2.24108571029	25982.9036893	True	
2.44550266708	-1.68504439449	2.32004577505	26124.39527	True	
2.29476851719	-1.69757487406	2.31147806332	26016.4293489	True	
1.87415851048	-1.66370859935	2.22197731003	26248.2791718	False	
1.68957041	-1.55927579409	2.15711905176	26708.3182672	True	
2.4781826937	-1.72328839639	2.31603917141	26176.8286843	True	
2.51663560939	-1.63370047168	2.24284590526	25993.4324569	True	
1.56714389077	-1.69835010634	2.24029112395	26466.2760051	True	
1.38018034779	-1.70225035206	2.27991048269	26059.5687607	True	
1.46548519903	-1.54604144875	2.16202288145	26724.9591232	True	
1.85539354527	-1.66155197923	2.24450704762	25984.1043028	True	
2.0325654274	-1.62563524574	2.19630637945	26312.5630661	True	
2.08358364897	-1.62112588886	2.21994647694	26088.1112002	True	
0.438991310655	-1.69817184491	2.38234867625	27166.7701451	True	
0.385672318622	-1.6772445181	2.28454995236	25916.3466177	True	
0.252959744312	-1.684167661	2.32161626957	26138.2859205	True	
-0.121723162873	-1.6477493843	2.24611113478	25950.8680964	True	
-1.35150943644	-1.65531348375	2.32879526661	26112.2863864	True	
-0.30606276971	-1.6766206999	2.24936034767	26094.3292923	True	
-0.420346855985	-1.68305302504	2.30240811803	25968.4694034	True	
-0.460641332116	-1.71965984105	2.32726352778	26218.4435643	True	
1.36265657913	-1.6043042277	2.20905988129	26189.5247946	True	
2.04449645059	-1.67199436114	2.30399797646	26050.6942927	True	
1.67595266679	-1.65202434391	2.25650663693	25927.5481753	False	
0.587869367441	-1.72201078755	2.33649751925	26237.7411729	True	
0.340433779529	-1.5295754206	2.16570296825	26847.8760696	True	
0.669898209077	-1.65495736278	2.24818679152	25945.7498185	True	
0.4158117824	-1.67032633339	2.26905044137	25909.5109966	True	
1.86905385322	-1.66739475891	2.26378324705	25913.1966816	True	
2.73262063723	-1.65786336338	2.26029585165	25916.1110413	True	
1.7681000647	-1.7218857427	2.23118125706	27233.3338466	True	
0.964840633985	-1.63330098862	2.2213738933	26072.3914529	True	
0.508489289249	-1.58414360644	2.17615491015	26470.7962499	True	
0.687198201446	-1.63748568004	2.22903071955	26025.6568847	True	
1.47124384165	-1.67378960798	2.24166645948	26096.768891	True	
1.0190683361	-1.67678579159	2.27958917125	25910.7005482	True	
0.764103864947	-1.66658484551	2.30037022337	26055.9849511	True	
2.32934507134	-1.55608395511	2.17286578604	26609.4732405	True	
2.07824494307	-1.66282680129	2.25651103337	25925.8524961	True	
0.723489885438	-1.66069970881	2.24760288796	25962.7269896	True	
1.31195514083	-1.62995606542	2.25298519004	26041.0288004	True	
1.64538811679	-1.69051655771	2.29800199136	25955.3589656	False	
2.49700374849	-1.70194615226	2.28439818881	26031.7289997	True	
2.00271643964	-1.60820903288	2.26382965897	26455.4566866	True	
1.80808269368	-1.67081833846	2.30176453996	26038.276351	True	
0.35660756927	-1.6952298164	2.23218371657	26575.4041651	True	
0.516075351113	-1.70635347068	2.31020249594	26040.2226284	True	
2.00389713317	-1.6622925254	2.27386943584	25918.6478834	True	
1.67939758505	-1.62528608973	2.2410545241	26040.6088782	True	
2.06014270616	-1.51442336365	2.16142883895	27040.327497	True	
1.23041340211	-1.71913229745	2.36617277315	26582.3023668	True	
1.21381905675	-1.66932317725	2.27075937399	25905.8874514	True	
1.53147450486	-1.65849611992	2.22485525038	26157.9294834	True	
0.392096436601	-1.63423774423	2.21224704702	26161.1774645	True	
1.47283088911	-1.63646714062	2.24456667156	25980.6480516	True	
1.06206412415	-1.61350579428	2.18088371484	26479.1027288	True	
2.06253086476	-1.66208689354	2.2533176397	25936.4477972	False	
2.24261776853	-1.75256220116	2.32718774849	26625.8081349	True	
1.82120046681	-1.74798030613	2.36602870273	26666.9835941	True	
2.26293998485	-1.71841810748	2.30442038266	26136.2863369	True	
0.749158881097	-1.63578094891	2.20647478131	26235.1187439	True	
0.758696714607	-1.64077773572	2.25702989188	25972.5784476	True	
0.432177793727	-1.73622586058	2.33364323636	26355.9126429	True	
0.775943028115	-1.64648138323	2.26197997718	25953.520784	True	
0.794791038712	-1.6772969354	2.25778431007	25984.1204419	True	
2.09517150512	-1.64511201846	2.25142824727	25947.5731776	True	
1.33266791055	-1.64316001391	2.27423763909	26048.7298809	True	
0.824616823056	-1.73940090101	2.30822042169	26454.1647602	True	
1.08067729131	-1.71108151736	2.3011543334	26068.2006064	False	
1.71595694551	-1.5889420044	2.20874267288	26292.470529	True	
0.497833355795	-1.67045885091	2.25679784285	25952.5464181	True	
0.696282928637	-1.67418460176	2.34199760585	26611.2355135	True	
-0.334184008832	-1.66130865839	2.28924075367	25965.47639	True	
-0.143891492359	-1.65106609407	2.23410019546	26035.1789812	True	
-0.219766330313	-1.63249042718	2.27642229318	26141.8220247	True	
0.80166788326	-1.68178729011	2.26643146929	25961.8058403	True	
0.488724456143	-1.6261498802	2.2566933989	26091.9417597	True	
0.385113785775	-1.70930837827	2.28962353256	26095.771081	True	
0.505762485721	-1.6414592213	2.24600229459	25960.1239245	True	
2.1706812884	-1.62215847911	2.23684550388	26056.1276146	True	
2.31936962718	-1.69628809567	2.30824980967	25999.6236696	True	
2.10888774628	-1.65565612685	2.30350529539	26224.2804318	True	
2.16404864762	-1.63757327393	2.26270840731	26024.2771783	True	
2.75603768535	-1.60377778303	2.22443997638	26181.8500915	True	
1.85863578518	-1.65240827445	2.26567101145	25935.8271461	True	
1.47010115916	-1.70229356935	2.31956589746	26067.1759416	True	
1.1431846926	-1.64329833467	2.27284822497	26035.8458439	True	
-0.246909785323	-1.67619064148	2.25104719621	26065.9710554	True	
-0.384307272187	-1.6707193142	2.30281351925	26006.2477836	True	
-0.21134738347	-1.61368234534	2.26650890612	26308.3240669	True	
-0.295856987356	-1.68682964282	2.28346975066	25955.8167526	True	
0.558662179589	-1.62932924224	2.21346328252	26131.9157878	False	
-0.0599138704727	-1.68132924153	2.32576774018	26200.42118	True	
-0.871896724716	-1.6452982878	2.23364702663	26116.2521005	True	
-0.864939677456	-1.65069636949	2.25686686339	25950.1001233	True	
-1.38424950349	-1.57166840206	2.27063828097	26027.2778021	True	
-1.50623573229	-1.47166386355	2.19786630189	26393.1102052	True	
-0.907763732849	-1.60819923512	2.22640836518	26050.510354	True	
-1.14742898747	-1.73872096984	2.38904195191	27120.7954044	True	
-1.29212893863	-1.62738821042	2.28539058862	25914.919637	True	
-1.87770840298	-1.31902640335	2.19849596385	26415.7376692	True	
-2.10615172228	-1.04276214577	2.28910257512	26013.2695168	True	
-1.85183205856	-1.44743734349	2.2699014683	25958.8790622	True	
-1.8979056466	-1.29749277608	2.22752834706	26191.3018535	True	
-2.22809556485	0.272538343152	2.30056506605	26054.4695354	True	
-2.21414371422	-0.306930543255	2.28269761488	26011.5111373	True	
-2.10768361234	-1.19100564628	2.32508076595	26004.866658	True	
-2.21172195401	-0.477236611159	2.30365895818	26010.7509805	True	
-2.23573474615	-0.399560367089	2.29012768324	26046.994135	True	
-2.01440003189	-1.22340416405	2.26100814034	26003.4501241	True	
-1.74905486199	-1.47903558669	2.27416442799	25945.9712042	True	
-2.07056871812	-1.05490780831	2.26236130845	26103.9099255	True	
-2.12628839924	-1.22587595063	2.31511815788	26214.6076611	True	
-2.05763421925	-1.27685088837	2.32681560914	26016.3520899	True	
-1.96184771916	-1.38426475083	2.32624126513	26045.5556327	True	
-1.92728993409	-1.34528417667	2.28399708817	26007.0484333	True	
-1.74413423614	-1.49216219479	2.26957456502	25927.1063023	True	
-2.17294430314	-1.0670683178	2.35113153961	26144.0342332	True	
-1.87683808175	-1.4633283954	2.31782939456	25991.6308271	True	
-1.06137738618	-1.70803747828	2.34463463946	26352.6597599	True	
-1.99711047167	-1.32399921936	2.28698451381	25940.7258367	True	
-1.01847836153	-1.62179148018	2.22338573606	26131.9006582	True	
-0.919029721003	-1.63039506712	2.24901642058	25946.3219265	True	
-0.545743646396	-1.61800616633	2.20968864552	26168.1412741	True	
-0.0304185687593	-1.65521325963	2.28276811533	25981.2678314	True	
1.11927902465	-1.62503839606	2.21574093269	26107.6481867	True	
2.25526963088	-1.71513097137	2.27203776777	26313.9032049	False	
1.71616835718	-1.65174808586	2.24695844137	25947.009352	True	
0.424715759572	-1.60940263354	2.2514887941	26263.5439394	True	
0.2082305605	-1.65207539831	2.23733427262	26003.9360807	True	
-0.0355647909328	-1.6998864667	2.28749293129	26023.7982562	True	
-0.87357032407	-1.58661135976	2.24652272655	26242.4885671	True	
-1.68284325965	-1.52123135734	2.24281415035	26084.8991876	True	
-2.05924924838	-1.1515418633	2.27595460906	25990.6287095	True	
-2.15066722562	-1.03748496667	2.28806889482	26028.6256042	True	
-2.14611158188	-0.956328817639	2.30178923362	25992.2110861	True	
-2.13229833083	-0.944820596167	2.28436151964	26010.384296	True	
-2.19947632555	-0.747909211067	2.31649169416	25998.9367111	True	
-2.2312449196	0.433112614715	2.30722159638	26080.0700128	True	
-2.22099372709	-0.136467035962	2.28434171497	26012.7523041	False	
-2.22073026762	-0.266413665029	2.27763207844	26026.3750869	True	
-2.21538404727	-0.755657482905	2.32000456948	25999.3209954	True	
-2.08966114544	-1.21526270645	2.31738227761	25978.211454	True	
-1.84053303642	-1.44981620603	2.25839388969	26014.7040303	True	
-1.7943575376	-1.50461166286	2.30896328447	25962.4215465	True	
-1.52812670514	-1.5816804047	2.26691335037	25944.0024256	True	
-1.68288080901	-1.5169824006	2.27443903629	25924.211456	True	
-1.73847647639	-1.46574028556	2.27709007406	26048.9950362	True	
-1.92499393607	-1.45285277605	2.29611503014	26091.8391666	True	
-1.92499131413	-1.38535306496	2.30360018886	25982.8712952	True	
-1.95397152426	-1.32900958326	2.27169948185	25952.8177318	True	
-2.16117294313	-1.14442570808	2.30585723215	26319.6516618	True	
-2.22509276791	-0.799320700004	2.32155997552	26075.1350487	True	
-2.07058574161	-1.24756127841	2.30453066789	25965.457068	True	
-2.2261394787	-0.812333654771	2.34136213873	26092.3828619	True	
-2.26937829508	0.0483483831671	2.29712009187	26194.0350637	True	
-2.24638021243	0.221535211839	2.28947938553	26021.913093	True	
-2.23998656743	0.338095808266	2.28565772453	26014.4417711	True	
-2.25605279192	0.654632670847	2.2956371663	26025.3016094	True	
-2.24837846243	0.828305845761	2.33018458578	26122.1722225	False	
-2.22599586989	0.525103497183	2.29497610819	26063.0937159	True	
-2.24306766198	0.940506274046	2.30311253138	26003.6838749	False	
-2.22495565281	0.463237229983	2.28374828725	26037.5277495	True	
-2.22828641086	0.0776295649347	2.29349180111	26012.5639831	True	
-2.2544312896	0.851618944676	2.31498961437	26000.1260686	True	
-2.22459705481	1.59729504975	2.30078403469	26137.9380516	True	
-2.26025604096	1.29276555077	2.29700236509	26035.0696453	True	
-2.19971651088	1.11269540073	2.22331842309	26372.1156024	True	
-2.23415100433	0.998999451949	2.28520895877	26017.0188784	True	
-2.25953765898	1.16972022278	2.31732636652	26000.5964894	True	
-2.2800978688	1.17247293519	2.31551964771	26106.8728339	True	
-2.25902757341	0.371688555544	2.31755633026	26000.6242598	True	
-2.22502378351	0.106269375383	2.27400349427	26041.1606235	True	
-2.26193323219	-0.198701602708	2.35514410856	26170.5146747	True	
-2.27248118655	-0.429832579918	2.34734551617	26172.6056473	True	
-2.24056361476	0.166342255349	2.29295632353	25996.7876209	True	
-2.23460241811	0.1950660536	2.30271991137	26015.6587788	True	
-2.23079099069	0.588481044849	2.29006487482	26022.8471639	True	
-2.23195507803	0.640215157537	2.2686309466	26074.3455856	True	
-2.26419791819	0.576515275434	2.30784849795	26024.1659775	True	
