Parameter 1	Parameter 2	Parameter 3	Potential	Equilibruim
1.18384771724	1.90417763654	1.90061382129	32942.7489627	False	
-1.66634537079	-0.669605686763	2.10247274616	32263.885033	True	
2.19913829845	2.12155617126	1.91004013861	33044.6286556	False	
-0.392926696467	-0.622606140503	1.88443756763	32941.879898	False	
1.51350094529	-2.58281271494	2.52212555124	157891.691709	True	
-1.95802497824	0.948750836889	2.16012247383	30297.358357	True	
2.63110821736	-0.675753510854	1.86667788331	33760.4654636	True	
1.14905548656	2.79724111408	2.04330320229	46079.3886739	True	
-1.68712261779	2.51986802493	1.91222160233	32915.6528228	False	
-0.392568173417	2.4741362823	1.84454595131	34423.5999226	True	
1.89372637101	-1.31845523836	2.40021929925	65803.9775914	True	
-2.13645260838	-1.67856850009	2.27835874141	41034.8333357	True	
0.125555720176	1.2153396405	1.65575179638	58529.1220693	True	
2.30237912561	-0.975009429926	2.01703322088	32576.8157568	True	
0.746718931683	0.560026083529	1.97054220762	35891.0597982	True	
-0.540985224289	1.58184129446	1.819673581	36182.0857305	True	
-2.06610993279	-0.414069689582	2.25852628869	28750.11083	True	
-1.42179702893	-0.506779371014	1.8476211093	36793.8488734	True	
-1.50964747238	1.95492813432	2.09009266715	39886.0020713	True	
-2.11668823901	-0.14191625472	1.58313978472	97628.8162624	True	
-0.192556415904	-1.0244565161	1.85684160432	35962.357686	True	
1.18878207772	1.50177445752	2.01454089283	41255.5314267	True	
-0.662853395386	-1.66476485988	1.40273565041	135607.504164	True	
-0.324388769494	0.709028554397	1.93264435072	33362.5744157	True	
-1.03819235588	1.84002465643	1.83235547037	35753.9228299	True	
-0.356460735305	-0.225925496238	1.83445617342	35369.6570976	True	
2.13968771354	-0.697515021239	1.2755530535	148310.335834	True	
0.0971514328316	-0.722679495853	1.50644612534	93434.5639568	True	
-2.36173165156	-1.09227601048	2.96617406946	75395.3927277	True	
-0.176701486423	0.697461012412	1.96627209138	35331.5549261	True	
-2.79250678419	2.27512111134	1.7569894199	148577.67193	True	
0.845754163853	-2.16886359667	2.18414766345	80738.3084212	True	
1.93032718397	1.00273039008	2.06698863568	50716.0150409	True	
-2.39293939181	1.38680944659	2.09318241808	44055.3627675	True	
-1.90106409803	-1.16117177543	1.70880556134	71784.7450715	True	
0.558839727634	0.188302307966	1.78768286201	39037.53228	True	
-1.84933531278	1.0148372332	1.80198809436	46677.8862916	True	
0.393834728856	1.52044593364	1.91279226084	33054.4253526	False	
-1.44408877854	1.23311602803	2.14141158916	50230.1614118	True	
-0.711286616823	0.391675060711	1.88157112281	32980.8379324	True	
-2.41254986479	-0.837619297757	2.47791493254	32296.4395523	True	
-1.66000330206	0.723994266315	1.72601657448	54044.3224082	False	
-0.97229345215	1.26046208198	1.4451342581	106739.487823	True	
-1.07709435582	-0.911311687818	1.95737986783	30979.7824863	True	
0.203184452783	-0.239637079782	1.96776808492	34510.7721139	True	
-1.26593043615	0.543726541016	2.17079496864	62886.78206	True	
0.313416343595	-1.57141914039	2.03545558912	31325.9963633	True	
0.290662392859	1.27760099266	1.70060905906	50604.2713533	True	
-0.154424026683	1.75141114922	2.00312503425	39260.751418	True	
-0.303796796388	-1.20695775743	2.15402024288	36600.1050072	True	
-0.432550724233	-1.93883353707	2.34338759028	38564.001999	True	
2.8336765417	-1.11220243278	1.98473479102	30509.605918	True	
0.622924953149	-1.33679598871	1.76088213548	52926.2460202	True	
-1.82608043247	0.387022522636	1.73580881688	56293.5112612	True	
1.91513905258	2.033291343	2.03692391358	44931.8048014	True	
-0.384834513784	-2.13906171053	2.41528119101	65625.2192212	True	
-2.79851208127	-0.753648678593	2.67991114815	93928.9696821	True	
-1.07727554613	2.76781973751	2.34295553003	139386.68941	True	
1.89458769851	-2.3875759586	2.24941043334	121770.818566	True	
2.39957001435	1.70945805325	1.47180225516	98703.6632745	True	
-1.85152998557	-0.941201937489	1.93607189613	35850.0205734	True	
2.3593296266	1.36014034393	1.94586594126	34328.3634178	True	
-2.84886535952	0.968399515116	2.1760236055	123384.23194	True	
1.73913610446	-2.027086362	2.08290182292	64767.4119374	True	
1.51959225034	-1.60363476234	2.61204999868	55323.4553694	True	
-0.0746047668369	-0.733887122687	2.05762850294	39519.6282161	True	
-0.243000977197	1.86876961707	1.96825584682	35581.2999607	False	
-2.2205695209	-1.10602402611	2.56852776337	32929.8880744	True	
2.61740934415	-1.10308037198	1.78658580534	44358.6592591	True	
0.508721626223	-1.45627659736	2.17326928998	28406.8885804	True	
-1.99109522519	-1.08776561074	2.10878229548	28576.8396219	True	
2.85299167954	2.55488600248	2.18430434126	86885.0819786	True	
-1.89745050598	2.86970468249	2.01967831871	29629.1953342	True	
1.00648775489	0.642520028102	1.99186697274	38068.9820737	True	
-2.37856009645	0.183174887352	2.62742707938	34760.7639836	True	
1.97637984464	1.72700752423	1.97936948227	36970.2102669	True	
2.89160067922	-0.448504253103	1.95320983868	33213.0819506	True	
-1.91400261194	-1.1664238197	2.25547971436	27342.9693253	True	
0.949046137456	-2.08047721297	2.33039851341	57777.4298869	True	
-1.3675902538	0.24659776044	1.92701962566	31879.3941199	True	
1.93798401409	-2.04629908623	2.12020248375	64595.2275824	False	
-1.43123456136	1.67224099175	2.22805706105	72092.963403	True	
-0.996024125205	-1.38294662306	1.87882164157	40296.2518324	True	
-1.71280877952	1.98799840007	1.94724776262	31403.8229517	True	
0.15230038167	-1.02360539984	2.25410268379	66068.2000557	True	
-0.885634571785	1.97793121081	1.90934793319	32591.4817162	True	
-1.49722029671	0.115545131368	2.03627297979	34014.3009906	True	
2.28960065327	0.401195275711	1.99339750028	38088.517021	True	
1.50515078598	2.71716865649	2.07682827024	53155.0797667	True	
2.53781890007	-0.348469515628	2.0233382534	39603.6045056	True	
0.242725192022	-0.132028433489	1.92755637766	32918.6448569	True	
-1.18806616461	-1.06691758819	1.98984808768	30150.7387233	True	
-0.887787602782	0.118572430468	1.86913746179	33471.1452876	True	
0.452234966387	-1.84118911277	2.61242914076	36662.9137582	True	
1.03859778984	-1.92625744953	2.6193117718	39770.2852019	True	
-1.75702819693	1.18437986964	1.74052536877	53585.9045355	True	
-2.67593754975	-0.854959875536	2.622533308	67612.7075644	True	
2.44662921653	0.996710022907	1.94396761379	34189.221018	True	
-2.12680050772	1.52970231072	2.17282229057	26937.9722985	True	
2.54934687495	0.549625539459	1.91103841955	32982.375497	True	
-0.277376259448	1.62668120461	1.83275963848	35117.8580522	True	
2.23437542574	-1.56168097458	2.03325547165	31149.6407569	False	
2.22153656221	-1.09408272676	2.08479795195	34830.0079311	True	
-2.20194741704	2.48590958753	2.30091807423	26518.563693	True	
2.12924370687	2.66756375382	1.8741760558	33190.1186	True	
-0.890860272566	2.59344128418	1.81056866867	37323.8298988	True	
-0.585725362505	0.680176964863	1.89410944621	32778.599565	True	
0.975134510376	-1.18643225053	2.04037768496	30495.6221377	True	
-1.62694935003	2.27628335018	2.2047388236	53895.4885579	True	
-1.63152967185	-1.34028443439	2.0853947451	28277.1939143	True	
-0.508698589606	-0.713983361684	1.98798431241	33117.0924592	True	
0.74035770666	1.34058905055	1.96519287342	35629.64022	True	
0.700620766924	-1.3185989991	1.84486173	41142.5809755	True	
0.427401481725	0.269703983638	2.0332727443	43295.1437381	True	
-0.288856110591	-2.12132363254	2.5842533313	61566.7995158	True	
0.696550883432	1.10448889111	1.80183202328	37448.5899036	False	
-0.253920586466	-0.945755443502	1.76957624928	45000.4458334	True	
-1.63824927678	-1.44628333367	1.89540127947	45579.9082394	True	
2.16885019651	-1.83651431452	2.68132252478	42472.8637701	True	
1.98000322491	0.437028433759	1.73305110419	45701.8355099	True	
-1.79891139884	-1.7158477023	2.38889524959	29577.1539501	True	
0.210509803428	-1.33179237381	1.84791153166	41155.1413203	True	
-1.39854855615	2.80822779219	1.89540579861	32764.2149602	True	
2.55338955642	0.916641875033	1.89547266149	32915.2618073	True	
1.75094521186	0.999317450921	1.86349835487	33498.3182402	True	
-1.75313659402	1.75449372078	2.00130379876	30310.0197093	True	
2.84295062148	-1.64684830156	2.41540699381	30438.3809148	True	
0.487598373159	0.124452664389	1.87126700058	33256.3950867	True	
1.92353543536	-1.50407246101	2.26316648307	30136.1354561	True	
-1.74960160617	1.7185754541	1.94156198364	31774.0266374	True	
-0.943412092017	-0.899133340484	2.0047873266	31666.4235699	True	
-2.49062257188	2.26501524017	2.7587496767	45064.5250658	True	
-2.43626168497	-0.394385192909	2.54219271087	32682.1986803	True	
-0.287655543585	-1.28719842636	1.91329048673	34190.4132402	True	
0.74297231414	0.216697548335	2.06518875854	49170.9534939	True	
1.87087881975	2.22973577122	2.0401880779	45524.2451608	True	
-1.73218202362	1.16583908698	1.74641268244	52099.928307	True	
-2.2702725593	-0.429968684653	2.11734309765	33817.5457299	True	
-2.05190811651	-0.502368092879	2.32652536673	32638.1273687	True	
1.94063735931	2.60533022976	1.79339911886	38206.3577566	True	
-2.49276789259	-0.877457329222	2.69460074088	43621.4361232	True	
1.33141667106	1.0114896532	2.0192756322	41875.1965346	True	
-2.10847517819	1.97380872422	2.27879863541	29222.0047749	True	
-2.29909344741	0.534990266656	2.70575636187	47957.1893313	True	
-0.432562328307	-0.914952908346	1.90432853378	32432.8570356	False	
-1.40356524057	0.51420103582	1.91122067378	32222.0035543	True	
0.987945524744	-0.192293823453	2.08555963213	51525.9222126	True	
-2.2567741829	0.228759682426	2.40734295066	27430.5531082	True	
-0.0725140164978	-0.0591917701619	1.90733261943	32675.8246368	True	
-0.0744376455263	-0.45609625797	1.80638750771	38009.624008	True	
-0.459178306051	0.455813757702	1.70540905356	50361.2833315	True	
0.459436497342	-1.18729220501	2.16703900989	39526.106088	True	
0.516302757018	2.16757156604	1.94417817847	34209.4899404	True	
2.33663633554	1.78843675098	1.94498684482	34294.2574496	True	
1.44709839968	0.503298000228	2.05304775587	47381.2223256	True	
-2.49406630592	-0.523626614437	2.62670115471	39166.4083031	False	
0.705181782696	-1.20007563125	1.98671714952	30121.7921031	True	
2.19440923536	-0.674744352305	2.09408764712	46715.936489	True	
2.33118036177	-1.5403205659	2.26710299717	28642.4141598	True	
-1.98561808489	-1.49710113205	1.95288728429	50239.2043387	True	
-1.95820689989	2.57937809481	2.10512175621	28812.5094607	True	
0.165903046698	-0.360049396424	1.93421315791	32741.5640634	True	
-0.239326172435	-1.4013364358	1.93330952623	34548.0314421	True	
1.035026583	-0.952000654606	1.62157256802	70256.8779336	True	
-0.487202074053	-1.3636210658	1.98970203558	30480.7719696	True	
2.39893309277	-0.167315751613	1.8370697942	34998.2862636	True	
-1.13398064556	0.7067286897	1.9683041866	33411.5259548	True	
-0.88219711701	2.52850137453	1.93217523019	32870.2991421	True	
2.10647514725	-0.747881698408	2.096599323	45541.8215957	True	
-2.30512330208	1.84001530512	2.41415353957	26827.0378539	True	
-1.98735550536	0.0620450127945	2.21948423766	31580.8907589	True	
1.77136963985	0.404285315716	1.8712176264	33256.8657088	True	
-2.2197803013	1.4149650225	2.24337107468	26232.206517	True	
-2.07138324059	1.37323127382	2.23971401479	29270.4680369	True	
-1.75962737427	0.495882073341	1.93595921731	32148.8299817	True	
-1.96412422583	1.49190998849	2.24572924831	35714.8217748	True	
-1.67997783841	-1.60726679196	2.01216930094	40941.8067139	True	
2.12455093618	0.845062974979	1.85471382583	33843.8604526	True	
-0.564398225809	2.7282849275	2.00397748435	38698.0811878	True	
-0.0711774577817	1.19181490462	1.94478485015	34081.2999237	True	
-2.28987139795	0.6077186221	2.48335805379	29342.3700095	False	
-1.34796446571	-0.812213886901	1.99616833372	30753.8105671	True	
2.39515207138	2.60349842067	1.77558785459	40080.9454569	True	
0.690748042879	-1.88399335674	2.490739645	32756.1504858	True	
1.21631440293	-0.527583033863	1.79235495758	39527.2875571	True	
2.65242990659	-1.3621684937	2.03131149146	28988.9199789	True	
-0.911486642573	-1.34693366733	1.96979050262	31674.2285825	True	
-2.23097664263	-0.394670815986	2.4169026429	28039.8969852	True	
-0.259234334839	-1.5572122622	2.26144496029	27596.0561609	True	
-1.07015906688	-0.768405108334	1.92018678065	31897.0014573	True	
-1.22064618225	-1.6651756275	2.21411302563	27279.0621042	True	
1.76653377142	-1.80648146762	2.37241702822	28083.6152218	True	
0.60257569815	0.0274151558917	1.89300656424	32800.1817834	True	
2.17729802917	2.1712664558	1.92057312843	33272.8557172	True	
-1.72713270895	2.61594436896	1.90571306497	33623.1627284	False	
-1.62585568889	-1.60324178683	2.4796784161	30559.9865448	True	
-1.40088917235	1.50203887829	1.97888097961	32430.4728207	True	
2.02811832311	1.8174994905	1.88000311809	33071.8249777	True	
-0.639999045681	-0.789291940101	1.94357878826	31594.8303958	True	
-0.891482247512	2.57364766481	1.93612306519	32958.7052533	True	
2.89547275029	-1.42722791531	2.10525363628	27971.3538877	True	
2.29404510806	0.358947067514	1.8385666168	34719.4429089	True	
-0.60309532764	-1.39969521652	2.00850695656	29998.2490287	True	
-2.1429857967	-0.365707911568	2.28208335236	26987.240147	True	
2.19277562176	0.404420309535	1.63296852091	62973.2702425	True	
-1.29064950426	1.48100417252	2.02242009723	36248.2280836	True	
-0.100800927232	-0.833736452012	1.85362513495	35114.8133622	True	
-0.827032960964	-1.6921755984	2.33654247108	26197.0087887	True	
-1.57554557397	-0.155751236733	1.93333530616	31692.1552692	True	
-1.6881812103	-0.486432549663	1.90951239287	33791.4442909	True	
-0.624189768657	-1.83533341762	2.32633143945	30460.5468192	True	
-1.65853168149	-0.0470256707834	1.86419663105	36529.1594237	True	
0.32524803282	-0.696757901618	1.93782720811	32026.9928652	True	
0.595558362358	0.466841586352	1.9081129051	32913.0298018	True	
0.598393035821	-1.21353008076	1.95254652303	31100.6554484	True	
-1.10584190354	-1.73476287188	2.27021814374	27671.0856345	True	
-1.58407220299	-1.62793956839	2.46200416473	29319.4393978	True	
-1.79109285801	-0.476789458412	2.1894164863	36707.9821023	True	
-2.25432158741	0.443231122392	2.29678158874	26017.21866	True	
-1.20906525586	-1.5793553373	2.37699424202	29391.2104174	True	
-0.574739468989	2.23114912506	1.90313551757	32768.6682327	True	
-0.433482646171	-0.999396880338	1.93487215472	31431.6358777	True	
-1.30369253714	-1.52350281798	2.3532631502	30195.937872	True	
0.672153736157	1.53126969828	1.92026668223	33236.8711038	True	
-1.94765487017	-1.39632865304	2.15830524485	29137.2448786	True	
-1.85993692226	2.93154617759	2.07294246385	29901.545523	True	
-2.23868723475	2.73780304103	2.35782626777	26743.1061579	True	
-0.568682216908	2.60969127538	2.05093961684	45783.4024557	True	
2.16058930113	-1.69236938474	2.21290944671	26915.3527219	False	
0.267017607417	-0.608642060713	1.87778293432	33159.7898032	True	
2.37877836714	-1.89850167671	2.34422446707	34242.0322423	True	
-1.49391791294	-1.68732403791	2.36961811324	26750.3506588	False	
-2.28639148862	-1.1571002068	2.43665785958	28710.9405632	True	
2.35681684695	-1.72752390669	2.04326279077	37562.6980344	True	
0.689347563284	-0.14813424285	1.96095353592	34362.9308238	True	
-2.2823971085	1.87702769625	2.03784292838	39485.9251498	True	
0.719428168679	-1.6274103547	2.28519184992	26408.5402067	True	
-2.13109309268	-1.37170151707	2.40091225025	27192.6660978	True	
2.23372945617	-1.1455204079	1.98130479237	30372.695818	True	
1.9685818372	-1.7675851435	2.49036617828	30007.5153638	True	
-0.296337403069	-1.75202908107	2.29538836611	26995.8031081	True	
0.476437071455	-0.0347107262981	1.8699083974	33305.84525	True	
0.125407363085	-1.40234071586	2.12840992032	28610.7918123	True	
1.44806829592	-1.76619862773	2.45182672231	28523.0337094	True	
0.111852160257	-1.54986267251	2.24629935821	27520.2075138	True	
0.199385998015	0.329947227784	1.77163886703	40791.4382436	True	
-0.0376477611545	-1.36645526566	2.13005004437	29474.77402	True	
1.79883088412	-1.68015869519	2.45100207306	30723.7974372	True	
0.665622168429	-1.75652982179	2.29067432255	27086.4476134	True	
1.51554866826	-0.605523025844	1.99258312907	34714.7594837	True	
0.780539508305	-1.78558578526	2.35964839764	27402.52312	True	
-0.0818535949234	-0.85132795673	2.01082524207	33518.0150722	True	
-1.28093908429	-1.6213603614	2.29739242448	25977.91481	True	
1.47380138917	-0.169853800254	1.90547452392	32664.0249123	True	
2.63577157911	1.95042796677	1.86863283701	33334.2352478	True	
2.86908089394	1.13253620104	1.88271133189	33023.9623855	False	
1.64731620837	0.927219200089	1.89067905471	32933.767043	True	
2.79913288684	2.62385166552	1.83551953972	34833.3802094	True	
1.48586225736	-0.972479170634	1.90732554658	32327.7719807	True	
1.46868208682	-1.43552018081	2.09001468926	27924.8854802	True	
1.04628354626	-1.37199141778	2.06946812021	28522.5173996	True	
-1.96820239438	-1.43445555209	2.30372546392	26182.2707537	True	
-2.111356753	0.8211742279	2.26848879072	28604.2393755	True	
-1.51386738452	2.02243760796	1.90422472442	32609.8583475	True	
-1.14103170423	-1.46270528911	2.21013309306	27714.6782587	True	
-1.85768037438	0.38710575205	2.0668565919	29675.9459067	True	
2.7671007662	-1.2651952865	1.94687309295	31639.8413158	True	
2.52868047185	-1.73348168541	2.39686838027	27127.9469133	True	
0.634285889727	-1.67158171138	2.2593837331	25943.2145308	True	
-0.0861670084277	-0.171268268863	2.01059816788	38534.5229533	True	
-1.48581781627	-1.57946242023	2.47483991075	32877.5272066	False	
-2.26541419021	1.77462589155	2.22440759879	27372.1402108	True	
-2.28917156623	-0.730216366673	2.51716071123	29802.3792728	True	
2.04727237329	-1.78913722258	2.49878361087	30245.9367224	True	
-0.430213852838	-1.58593732701	2.20365889407	26263.84684	True	
-1.41278942381	-1.39153657657	2.14058834247	27240.4552417	True	
1.4913854036	-1.46333519189	2.1655472125	28063.4288561	True	
-0.159385229589	-0.132796429955	1.84996469315	34265.827517	True	
-2.10522530356	-0.0446054212501	2.30095072409	29679.1048933	True	
-2.09222475873	2.46798774928	2.0323999248	31170.8719537	True	
-2.14815351951	1.28957535045	2.18468689251	26761.4747124	True	
0.139797314262	1.21790674048	1.9607212205	35166.6646274	True	
-2.03389726441	2.56790885418	2.00160128953	31713.6171698	True	
-2.21696740523	1.40514528343	2.29439394584	26178.6841522	True	
-2.12883154972	0.601555377452	2.29784217026	28898.9320526	True	
-1.73384547726	-1.67590005291	2.33938287144	27825.323925	True	
-0.658802826284	-1.84684623437	2.36773640133	30535.0931228	True	
-2.25333778426	0.959879812756	2.27040034474	26199.9084759	True	
-2.38085606912	1.35490911476	2.37519808782	28482.3807876	True	
-2.30522405839	1.08979183076	2.52302917125	30792.0679281	True	
-1.38233736097	-1.80101110483	2.47034576716	30328.6316049	True	
1.7226732975	-1.68984458946	2.18468038453	27662.4373002	True	
2.02268939583	-1.64649286459	2.11815039606	29020.5767903	True	
2.06694108406	-1.69014205071	2.24920596819	26196.9792676	True	
1.40842779341	1.29576982071	1.91949510207	33224.9530603	True	
-0.910793719382	2.33096405433	1.77624726785	40975.4007528	True	
-0.776439671313	-1.20383968691	2.04022485884	29750.869344	False	
2.13688421368	-1.65332442488	2.25811364709	25924.3285054	True	
2.04024043794	0.876712654645	1.81219033185	36544.4956628	True	
2.95578120652	2.46346452431	1.93758645878	33915.7954198	True	
2.55671305661	2.19625586648	1.90130462257	32951.2097505	True	
-2.23753133736	0.43220983689	2.18039243452	28112.2161309	False	
-2.33342225774	-0.0882814032545	2.32099997331	27614.7676708	True	
-1.42423772823	-1.45663938509	2.12392226946	27348.6878641	True	
-1.97760501726	-0.951615383162	2.23958626767	27828.6216097	True	
-1.09711182607	-0.170278225543	1.96688647935	32841.7639621	True	
-1.51507399776	-1.36337226509	2.24441153282	29259.9191596	True	
-1.96085822078	-1.11377649553	2.1653907956	26849.6777926	True	
-2.13660083467	-1.28981143028	2.37912477814	26588.2291744	True	
-2.21660456462	-0.790302849728	2.35549739066	26194.3205347	True	
1.3436465766	-1.60701029718	2.18813404419	26350.0762625	True	
1.01002944969	-1.7342311588	2.25770191981	26995.0220489	True	
1.81989876772	-1.65230349712	2.28023032523	26009.0349584	True	
-0.0652475612908	-1.4699872489	2.16714186421	27832.3898988	True	
-2.20121268451	-0.0865822731959	2.21492968008	26574.2143771	True	
-2.11586091897	-0.897065206897	2.22393213707	26300.6017829	True	
-2.29312470411	-0.942296387355	2.50651635041	29178.9438988	True	
-0.97841291023	-1.65054840148	2.13728375824	29099.2873889	True	
-1.04450474651	-0.411024250165	1.93216053693	31958.5028799	True	
0.798216841027	-1.67935684077	2.36127926258	26976.8546762	True	
2.8699845692	0.75065675793	1.87546981503	33153.0919351	True	
1.36390911583	-1.62897161891	2.10599805674	29088.8662011	True	
1.15615091611	-1.70803809559	2.21838346777	27173.9034801	True	
1.19420596456	-0.142829570916	1.86914059036	33338.4023486	True	
2.68931203503	-1.64312540478	2.32208341715	26828.9581225	True	
0.793196757208	-1.7462228089	2.28048589313	26932.5281736	True	
2.79339847936	-1.0479023935	1.97790516705	30858.0815661	True	
0.699888421074	-1.71343611605	2.27553160705	26254.447368	True	
2.93041506285	-1.71836179978	2.40499126404	27495.9860706	True	
1.68393332767	-1.75611853906	2.46422026034	29032.4526472	True	
-1.17657694082	-1.68127339444	2.37186193345	26652.2863974	True	
-1.2069579882	-1.5001527555	2.2477837098	27438.659	True	
-1.47012653493	-1.16376822587	2.14583278528	30744.8957669	True	
1.74363595032	-1.66898376151	2.14444118757	28545.3268217	True	
-0.145046983022	-1.67645373139	2.2639308186	25961.7488154	True	
0.243647627073	-1.60296548823	2.25731963155	26430.4468977	True	
-2.19840909264	-0.922749094724	2.3994374351	26930.5880271	True	
-2.08943482931	-0.916193215938	2.17651915575	26976.0820257	True	
-2.39240323301	2.39052949456	2.23896335729	33764.6841889	True	
-2.14931806039	0.796323903871	2.19239463929	26685.620959	True	
-0.103218987929	-1.72213970375	2.30208452216	26231.5585685	True	
0.494060871824	-1.56184643422	2.21960321227	26733.7178542	True	
-1.99778602233	-1.31136690148	2.26185345228	26057.0028057	True	
2.34309944091	-1.66956423142	2.27475322311	25906.5492709	True	
2.47601832938	-1.69784026778	2.34211202129	26323.1190595	True	
2.89183205396	-1.4689871157	2.06235601145	28396.780595	True	
2.83762275318	-1.51524069035	2.02498678114	30556.9559027	True	
0.717612438023	0.695609368554	1.89303656383	32902.2947177	True	
0.309073529746	-1.65950548332	2.29397260985	26049.7255091	False	
0.853284740047	-1.6737307871	2.20934886975	26627.2015918	True	
-1.9570121101	-0.909953097415	2.12684311662	27462.0256592	True	
-2.09529564072	1.32334555209	2.19544622215	27364.8786904	True	
-2.28631233506	2.1362705118	2.29159876515	26423.0671226	True	
-2.19886544996	2.40811827073	2.248132125	26205.1336934	False	
-2.195250217	0.27515345716	2.14436022534	28383.9544166	True	
-2.27064778453	1.30173679529	2.25505506027	26738.7121591	True	
-2.22923701891	1.21601431187	2.21707656639	26763.8868519	True	
-1.11847028589	2.87692548632	1.97875839737	34189.36429	True	
-2.17139440983	2.51471507457	2.12578803504	28445.7367107	True	
-1.88996992742	0.472086297747	1.9998729807	30176.3337206	True	
-2.25581132439	1.10810870611	2.22635915679	27077.3505338	True	
-2.22989465436	2.12456503364	2.18022787601	27814.9055762	True	
-2.20765219483	1.77053511318	2.32571539965	26841.9303323	True	
-1.69668216747	2.5967433985	2.00186182983	30683.5181026	True	
-2.17140025578	2.33187830925	2.37336130946	30277.0977926	True	
-2.25404097581	2.59942689798	2.30104388824	25995.3441643	True	
-2.22066345461	1.59685734384	2.26901211509	26074.6784939	True	
-1.88040341632	-0.44945812495	2.10151583937	29091.4916588	True	
0.31631656576	-0.95074770885	1.97691664448	31413.8587251	True	
-0.695040935025	-1.5506465224	2.21605612259	26625.2056806	True	
2.14520648248	-1.60404306473	2.20106565674	26231.1202343	True	
1.40406468786	-1.51090161051	2.19419433421	27476.0158101	True	
0.196102012947	-1.78729978798	2.34021916532	27571.7482392	True	
-1.21583699303	-1.69260014825	2.27574786736	26607.4686503	True	
-0.421935077857	-1.72390414945	2.33430383867	26275.85951	True	
2.83961266976	-1.57948167016	2.10970700245	27912.0456202	True	
-0.727105075279	-1.68199377608	2.26749685329	26070.6247784	True	
-0.962816043397	-1.51065368228	2.21888413902	27170.5424541	True	
0.903828617752	-1.61077484414	2.22507981706	26123.9265949	True	
-0.929302344962	-1.53762965733	2.11214753576	27694.8456482	True	
-2.22313005304	-1.16212933547	2.43094053725	27369.4475176	True	
-0.239459253376	-1.67681452227	2.30352118768	25992.0445445	True	
-1.82090742442	-1.28202407263	2.19215479524	26584.5497398	True	
-2.2717068105	0.467536940212	2.32200426233	26038.0222092	True	
-2.24102087862	0.39201956954	2.24748261115	26398.7035887	True	
-2.17609491484	1.7059323804	2.2482267286	26415.049174	False	
-1.47351167539	-1.41257520761	2.1243363612	27272.3792175	True	
-2.17455650084	-0.55599764868	2.19191928841	27022.6001453	True	
-1.4725217116	-1.53928761536	2.23278394259	26049.3688851	True	
-1.99550908762	-1.1831038607	2.28255957668	26416.0610419	True	
1.467488118	-1.34274212847	2.12617593352	30128.0585455	True	
2.64451842945	-1.5961506966	2.23551865686	26330.2013855	True	
2.69926240919	-1.65418848885	2.24415696193	25962.121801	True	
1.40217627381	-1.56901473292	2.28877955755	28277.8777216	True	
-1.5867195331	-1.55903594274	2.30820568914	26074.8182907	True	
-2.01569801908	-0.907318471197	2.17427301792	26838.272401	True	
-0.975611338951	-1.60746345978	2.2784984575	26200.6078209	True	
0.288900473891	-1.70951733893	2.32127015984	26095.8409671	True	
-2.22188506762	-0.427817297117	2.34140204843	26284.0144848	True	
0.276224753953	-1.6514992841	2.27420408094	25966.3750409	True	
-0.347368361296	-1.71840553857	2.38327056479	26878.6418255	True	
2.04899502896	-1.77295534423	2.3459512317	27059.5017491	True	
2.11039275284	-1.66507903306	2.10014499743	30544.7462085	False	
1.66368752738	-1.7008646915	2.3489875582	26407.1790427	True	
2.45643991491	-1.63324856719	2.31399154124	26882.0379434	True	
0.154374596724	-1.69545697859	2.28984405379	25976.4748846	True	
0.779636745	-1.71842737477	2.28938149145	26212.9511042	True	
2.31098446046	-1.57629038588	2.20939108484	26430.2986133	True	
2.39447689864	-1.58997974921	2.20585730568	26284.3575031	True	
2.02358091098	-1.70844374588	2.30250775326	26042.7634618	True	
0.926172193176	-1.71457022052	2.29088027985	26146.4376893	True	
2.58512776107	-1.68439580987	2.33214315063	26292.2731948	True	
2.86558583158	-1.63575191584	2.18514417355	26587.9260655	True	
2.87829918553	-1.74122155075	2.36273558458	26575.3001438	True	
2.49007244485	-1.76788306358	2.36974509568	26983.3543217	True	
2.91169719536	-1.74509817643	2.29375221645	26707.3835829	True	
2.13834064248	-1.6361141944	2.24150774316	25984.259631	True	
1.06272529882	-1.54175283422	2.17610013685	26737.7035043	True	
0.828409800092	-1.62602650842	2.18612555539	26479.2444757	True	
1.87534560933	-1.70423868489	2.30289399187	26014.0584315	True	
1.43970564878	-1.60699494231	2.1809242747	26445.5770904	True	
2.86384944776	-1.56290153267	2.19648310905	26543.9673948	True	
1.70996346744	-1.37530806617	1.9823930395	30781.3329388	True	
2.23842039678	-1.43475631491	2.16001911892	28675.8012313	True	
0.55718380113	-1.69112268077	2.2677968209	26031.1197596	True	
0.764692479762	-1.56313440582	2.18131753895	26527.4289826	True	
0.937304336816	-1.74145202638	2.27469487678	26888.345042	True	
0.231026834065	-1.60131689566	2.12175778298	27870.9661464	True	
-0.0133357346085	-1.73606785978	2.38695658902	26906.4225442	True	
0.144439472844	-1.6249754076	2.20849289335	26172.9467055	True	
-1.95388525312	-1.26168547776	2.25234374854	26097.7369897	True	
-1.88733497113	-1.43504837052	2.25079234515	26209.0161803	True	
-1.55302048004	-1.5206289085	2.30433625249	26637.265496	True	
-2.27970077413	0.914379518281	2.29979466375	26225.1041064	True	
-2.10876849738	-0.750492623444	2.31122889285	27542.8548099	True	
-1.50856530737	-1.62733453585	2.28376412017	26136.4688739	False	
-2.05476418089	-0.908341535207	2.23511104888	26557.1307006	True	
-2.24716073117	0.11429474294	2.35347681648	26357.5288434	True	
-1.92049219018	-1.15508910803	2.21935548052	26759.8345278	True	
-2.10056052904	-0.739942035903	2.18535093818	26695.8595314	True	
-2.07639893014	-0.529427205522	2.13080870946	27535.0075566	True	
-2.22388935741	-0.752847790493	2.31091470841	26056.2540612	True	
0.153786708445	-1.63998315371	2.26336742068	25991.9293608	True	
-0.0964777788663	-1.68124280419	2.32820587454	26232.3977749	True	
-1.73023883484	-1.32971718496	2.21986997783	26938.7675357	True	
-0.486530843536	-1.73177175082	2.39323579225	27020.8727352	True	
-1.33537841348	-1.71119777069	2.39905240885	27124.0927431	True	
-2.16185624937	-0.657713962214	2.1939062319	26927.9688657	True	
-1.88221615981	-1.63607997476	2.41356330715	28104.8781037	True	
-1.2028474464	-1.64673547748	2.33621712187	26292.6444285	True	
-2.13774694207	-1.21971067361	2.25142222236	27440.7119038	True	
-1.79619642059	-1.469029224	2.31186713719	26122.1443153	True	
-2.13052229661	-0.883380937501	2.27627764312	26081.2274327	True	
-0.0294782846256	-1.67843042865	2.22474153978	26441.4532637	True	
-0.566206854467	-1.65295071736	2.32315000005	26435.7320881	True	
-1.14783069436	-1.5604339859	2.18179074628	26455.0058785	False	
-0.131393069745	-1.66891913059	2.26790394157	25913.9884714	True	
0.0901451429869	-1.66883894698	2.24039402125	26084.1462538	True	
0.803291683713	-1.71361921494	2.32486610366	26127.8361384	True	
1.3897898881	-1.61530675269	2.23592912022	26106.7626177	True	
1.15990157355	-1.71223256917	2.32557689577	26125.3986914	True	
-0.260151395662	-1.6917293976	2.2730617833	26038.3746011	True	
-1.39195880272	-1.64683849592	2.32505587784	26081.9293733	True	
-0.175060447128	-1.6801824158	2.29670316175	25948.2084756	True	
-0.843543089466	-1.67721163842	2.23714856067	26458.6553901	True	
-0.881893157356	-1.61181677965	2.22494893248	26057.727346	True	
-0.739766740893	-1.68960209238	2.27712573844	26085.326769	True	
-2.05596194653	-1.30357690962	2.32929407343	26034.0744966	True	
-1.47912447019	-1.54815394658	2.31871569463	26803.0802551	True	
-1.67707598057	-1.3897215254	2.21193391251	26541.3215892	True	
-1.09464790303	-1.63654939076	2.32285028617	26309.0383569	True	
-0.656945460609	-1.67745691461	2.21627181247	26765.7420431	True	
-0.617006858059	-1.59478879479	2.20546936516	26203.2737495	True	
-0.802054800535	-1.46874313905	2.17132997118	27498.8721735	False	
-2.05159519831	-1.3815826819	2.37491719959	26450.0118126	True	
-1.64367235309	-1.50598991222	2.19960437262	26511.4772375	True	
-2.10268107554	-1.04631710222	2.26195412554	26024.549403	True	
-1.93240631988	-1.39118395202	2.26456079428	26039.7233199	True	
-0.0311273465305	-1.6894113131	2.31879484218	26074.2239752	True	
-1.10992997841	-1.65177819898	2.30716961408	25995.082992	True	
-0.872928733354	-1.62549979621	2.24407986253	25963.4990262	True	
-0.228079188911	-1.62114329509	2.22537448054	26056.1817174	True	
1.26492379416	-1.60298520345	2.26283988709	26542.8303574	True	
-0.111662164388	-1.68357574612	2.32768111187	26203.6682934	False	
1.24828830176	-1.72197874848	2.23791018736	27074.2536336	True	
0.835102150373	-1.66405932163	2.27118274215	25908.9136307	True	
0.0429323619208	-1.60038437504	2.16924708836	26616.5993907	True	
0.329945225715	-1.64764892197	2.25429418158	25936.1090112	True	
0.627162213162	-1.61227572232	2.19854348508	26246.1608441	True	
2.15282490284	-1.64173114549	2.22594785449	26052.7831451	True	
2.87364643217	-1.72276879506	2.29154886958	26260.3279296	True	
2.43025410141	-1.57450779243	2.14513001368	26911.3605617	True	
2.08552413596	-1.65535118109	2.31377372986	26394.3780528	True	
1.52680204529	-1.65831744002	2.2886052751	26023.0466227	True	
2.83365469914	-1.59233487451	2.20082553185	26278.7294411	True	
1.81629652438	-1.65036617704	2.26510168395	25944.0697807	True	
2.71385857082	-1.64593023698	2.31169086607	26533.8338337	True	
2.15616769185	-1.71372390112	2.31545754721	26092.2088541	True	
2.35699121023	-1.76318347366	2.36211559695	26855.5951921	True	
1.37661481502	-1.59766151025	2.16227512056	26710.1129748	True	
1.26239296915	-1.72412045206	2.31721498625	26187.1854933	True	
0.263493738555	-1.64792779676	2.2648850349	25948.8508124	True	
-1.58742868831	-1.55411302826	2.26485470266	25928.1731138	True	
-1.17757704421	-1.62374270935	2.26871606102	25910.6771115	True	
-0.213023509187	-1.7158544925	2.27435080343	26370.8843474	True	
0.347404512799	-1.63284692349	2.24591892073	25993.3019836	True	
-0.100589082384	-1.62019164424	2.26033644811	26160.2521871	True	
-0.0915536807705	-1.6293575023	2.19588990436	26367.7243393	True	
-0.877844874422	-1.64566171032	2.32369228119	26390.6720292	False	
-0.40321321844	-1.64228946577	2.26360040443	25946.9579415	True	
-1.88140463545	-1.36993362112	2.23865096884	26072.2997074	True	
-2.08447300194	-0.607775835232	2.22521473907	26879.9019763	True	
-2.18562309638	0.707161359965	2.26497633464	26360.9323175	True	
-2.19537978348	0.19929474849	2.23045888725	26295.7966862	True	
-2.29029278253	0.902249791721	2.35004603676	26151.3500982	True	
-2.21622334124	0.985316159026	2.26736085171	26089.190998	True	
-2.22563233062	0.181810546219	2.2286095533	26551.6642533	True	
-2.20155085068	0.207165257427	2.22728345374	26349.4985692	True	
-2.22898975592	-0.573932186128	2.32559516414	26012.7542915	True	
-2.23883388125	0.495218587646	2.3181780529	26093.8457849	True	
-2.28765262465	-0.200136438638	2.37805920756	26350.7004184	True	
-2.1910048845	0.103808051517	2.26352223902	26206.6943192	True	
-2.26354446215	0.768829160618	2.28267923667	26187.7976047	True	
-2.15617719642	1.14919708156	2.19511690108	26646.307726	True	
-2.27606749623	1.23157474268	2.30930934853	26098.2043026	False	
-2.29890735863	0.47498852545	2.34158430029	26253.4148519	True	
-2.19344510487	-0.503346660871	2.26302087317	26069.0556151	True	
-2.24748508909	-0.940293652003	2.36455825658	26508.6126195	True	
-2.22551735185	-0.951924843065	2.31914979331	26410.1454422	True	
-2.19551525504	-0.983178488519	2.29987148522	26236.4987252	True	
-1.14167046901	-1.58188573178	2.21212833282	26155.3504059	True	
-1.18476260647	-1.70843524242	2.29469987885	26650.1274528	True	
-2.24965099786	-0.419600160004	2.36563152816	26310.6237244	True	
-1.25556050602	-1.6344718519	2.30771420627	26007.1114624	True	
-0.986079867197	-1.46725535902	2.15857525763	27184.192605	True	
-0.454285557446	-1.72052723439	2.36490486449	26540.1855868	True	
-1.00651424425	-1.69284374882	2.24644246796	26768.7500491	True	
-2.21308153461	-0.999063207323	2.37666930214	26375.0270751	True	
-2.08998502614	-1.05649315266	2.29953665577	26180.6084281	True	
-2.08860199772	-1.25447684939	2.32890841079	26037.0079287	True	
-0.555563001361	-1.69134291175	2.29654253481	25986.4131668	True	
-1.66292512159	-1.58489861325	2.28443783016	26118.8003564	True	
-1.87453206909	-1.48539021593	2.3299289457	26059.1948197	True	
-2.21654299164	0.164011741457	2.26705406053	26070.3514071	True	
-2.22442739181	0.394051263695	2.33163374779	26462.339088	True	
-2.19609041717	1.45858924519	2.28235676887	26381.1817308	True	
-2.2463971593	2.225895836	2.26234700986	26212.4350111	False	
-2.2638572191	2.69630566024	2.2977732088	26052.8108378	True	
-2.26343579144	2.48351608623	2.33430764886	26061.0233971	True	
-2.23039758603	2.45565905024	2.28665539087	26032.3850886	True	
-2.24942724076	1.69029446348	2.29371414849	26002.5080228	True	
-2.21612538765	2.0053801512	2.27968119587	26108.054532	True	
-2.20330043609	2.62497638686	2.2631432252	26173.031701	True	
-2.26592848633	2.69209254307	2.29997474729	26056.1938476	True	
-2.21472548532	2.90509536591	2.2725833606	26102.9482751	False	
-2.25023929711	2.92864201342	2.3457424651	26298.9597915	True	
-2.18889268231	1.90579455015	2.25065738385	26277.0357386	True	
-2.224761333	1.89395235007	2.28787771111	26067.3193349	True	
-2.26548150647	2.20295611869	2.29895377977	26058.7685933	True	
-2.25417470136	1.86261701614	2.29288521235	26020.5120314	True	
-2.17503747587	1.33503373158	2.22262170894	26403.2896785	True	
-2.28098285424	1.82051475546	2.31066182919	26140.4892641	True	
-2.2170119479	1.5784753932	2.22478298871	26457.5600548	True	
-2.22159351571	1.33506821352	2.23687364294	26320.6482297	True	
-2.19992430624	0.600029117158	2.24696627807	26191.7042462	True	
-2.28037441806	0.229223871672	2.36094188565	26194.1034056	True	
-2.23260414486	0.168625271281	2.29857352734	26011.480045	True	
-2.28130672814	1.10072220596	2.32202652424	26092.3400642	True	
-2.28621094533	1.8037880201	2.36208879376	26201.6725893	True	
-2.27589535449	1.21387992321	2.33624370912	26056.7545078	True	
-2.15713011177	2.12841714484	2.22106044235	26555.4094986	True	
-2.1761011964	2.99188661099	2.19974699833	26591.6570372	True	
-2.28429108065	2.1667800694	2.36432403579	26223.8428526	True	
-2.24741061057	2.06790714787	2.36503268392	26695.2445575	True	
-2.28362909471	1.34812641073	2.30665263031	26209.9328939	True	
-2.24954984864	1.49876572079	2.3279306767	26101.3380473	True	
-2.21571922237	2.17905512548	2.25272044923	26145.2195621	True	
-2.25801756052	2.36814926142	2.32931974954	26054.5983182	False	
-2.25196910019	2.4618500321	2.32295684436	26048.9557621	True	
-2.27447311671	1.54682069179	2.3402971831	26070.0474356	True	
-2.23614513081	0.4681495814	2.32275042152	26162.1129595	True	
-2.23033068434	0.840360640602	2.24258175821	26324.1503239	True	
-2.23934424305	0.609916492628	2.30746494236	26029.3929615	True	
-2.19268702948	-0.220308585081	2.26128455583	26119.2684986	True	
-2.22286952645	-0.618692406088	2.31823587085	25991.6633692	True	
-2.1816233534	-0.781992223066	2.27982258791	26000.2376678	True	
-2.23787258989	-0.692955264826	2.33464663647	26066.7013499	True	
-2.10929510309	-1.04471583136	2.28226586497	25981.0850203	True	
-2.21614991907	-0.540603725788	2.32789739984	26104.5717846	True	
-1.45135945739	-1.6198559218	2.29930604049	25953.3429968	True	
-1.27883351278	-1.59668657661	2.20179135566	26477.3661629	True	
-0.730014079587	-1.67821032551	2.28237167969	25957.5334551	True	
0.30343054148	-1.61307607031	2.21771008385	26118.0178728	True	
-0.00315634402809	-1.67606263419	2.24438114065	26115.271289	True	
-0.375003600741	-1.65642366719	2.28557677412	25967.920043	True	
-0.684582726871	-1.6511942595	2.25594479731	25932.9128349	True	
-1.53805726234	-1.58375026053	2.27279198209	25935.5750445	True	
-1.84639037802	-1.46670221677	2.31061340898	25976.6759433	True	
-2.1855315611	-0.536548363845	2.25334181562	26118.2225359	True	
-2.24230261567	-0.669227118067	2.33345721027	26076.2931348	True	
-2.12703729613	-0.993045544293	2.29622676026	26014.1637754	True	
-1.8818004515	-1.3898424876	2.2642498746	25959.8498534	True	
-1.86957705162	-1.35985654164	2.23041687734	26119.9232683	True	
-1.99944598002	-1.34884963239	2.2889329943	25995.4790524	True	
-2.13378816129	-0.947010573604	2.23528733936	26308.6051318	True	
-1.81952410956	-1.44849883962	2.27889136487	25934.5828894	True	
-1.52794227029	-1.5683469219	2.30925782728	26145.8654802	True	
-1.12445936662	-1.61877110105	2.26916926782	25933.8044093	True	
-1.14029888135	-1.67388101211	2.34016573504	26224.3555629	True	
-0.990716765573	-1.63325104763	2.25313183627	25938.6898034	True	
-1.06721023486	-1.63934323598	2.26007358272	25938.4717966	True	
-0.937101851141	-1.66423534905	2.27269772343	25959.6110818	True	
-0.189115694682	-1.69389229848	2.32478709207	26111.132509	True	
-0.336478500413	-1.62913800304	2.24973775751	25993.5682318	True	
-0.455086104563	-1.69213745098	2.32360358513	26095.6252102	True	
-1.2376688975	-1.64424767638	2.26064040417	26071.0231302	False	
-1.11942523517	-1.63380868851	2.30183824627	26044.3958959	True	
-1.31955636349	-1.60884209698	2.2717879805	25910.5450138	True	
-1.80796543468	-1.51505129816	2.31243356337	25985.9850958	True	
-2.10822181048	-1.280315708	2.35640632056	26255.3981407	True	
-1.88336220833	-1.45347010295	2.29711677724	25946.2355343	True	
-1.95482251373	-1.28889343433	2.22906762888	26175.6407952	True	
-1.69866916878	-1.56289142596	2.30584855115	25979.1990228	True	
-1.66445694834	-1.56580431326	2.30342690077	25954.4031977	True	
-2.07668885612	-1.27405144818	2.29547699655	26118.8802133	True	
-1.67853459861	-1.47733189542	2.22404040314	26123.0513132	True	
-0.739887379514	-1.66111375536	2.26716429049	25925.8142251	True	
-0.948946862008	-1.64741711566	2.27489090704	25906.7178234	True	
-1.35085577861	-1.58411734983	2.26165166447	25951.2723676	True	
-1.31858717586	-1.6554849511	2.32876281234	26108.4521051	True	
-1.65963693899	-1.60512884199	2.3447373394	26227.0147803	True	
-1.42547245664	-1.61481454953	2.24957648779	26168.4813703	True	
-0.984142517745	-1.61366638556	2.24846074531	25969.2794688	True	
-1.47731635608	-1.54434459891	2.22337916958	26103.034842	True	
-2.11757756526	-0.942253487298	2.25324455909	26079.2975257	True	
-2.21612251344	-0.908028469491	2.34469233252	26125.8944193	True	
-2.08881328869	-1.24977663081	2.35559713889	26222.8556619	True	
-2.15761317955	-0.526388325928	2.25554784461	26217.9895076	True	
-2.21323440052	0.0157084208577	2.25937969823	26102.6154383	True	
-2.22271902719	-0.281662211391	2.25872002442	26186.4062138	True	
-2.22753513877	-0.165018378461	2.32617670261	26172.2279703	False	
-1.99955626471	-1.171178763	2.25219100045	26178.8983534	False	
-2.20739107566	-0.6004939197	2.30209479302	25982.8545396	True	
-2.19585313722	-0.801563012249	2.30025130612	25977.0460701	True	
-2.15342505483	-0.968359845382	2.28490876905	25982.247096	True	
-2.10798022968	-1.15695443948	2.3114329013	25962.7137592	True	
-2.213790145	-0.525387111812	2.28400283864	26008.4024264	True	
-1.87850881258	-1.48407656657	2.29945241804	26050.471974	True	
-1.24561389975	-1.61487292238	2.27566611792	25921.1050473	True	
-0.939448241158	-1.59921030515	2.22929983945	26056.118975	True	
-1.60237551622	-1.50285463581	2.24877190039	26042.5637417	True	
-1.59259993239	-1.58568355597	2.2988207769	25945.4925579	True	
-1.90802220997	-1.36294514221	2.28763685806	26034.4921696	True	
-0.841001649362	-1.63964809144	2.26384163985	25916.795111	True	
-1.00466560607	-1.61456781393	2.25587854483	25964.8953077	True	
-1.51326784155	-1.55834912377	2.2990735999	26159.7198902	True	
-1.2858292829	-1.59025288996	2.24377679731	25975.1259897	True	
-1.621689325	-1.52938820388	2.2506811022	25971.068472	True	
-1.58342130635	-1.56426351936	2.24295603319	26130.6635268	True	
-1.27873545431	-1.6413920932	2.31270456751	26011.7537098	True	
-1.66043655458	-1.50594558487	2.24503978006	25996.3713422	True	
-1.50758482038	-1.57126367201	2.2776727933	25925.4399971	True	
-0.699918891286	-1.63681605004	2.25627670572	25933.8429132	True	
-0.428880475261	-1.63941204457	2.26225891166	25956.2294525	True	
-0.711547953856	-1.66292014567	2.29185893434	25939.8818174	True	
0.269529547288	-1.67102624112	2.26065972194	25938.3043787	True	
0.85931428279	-1.65863555588	2.26362508743	25913.4430276	True	
0.835491388935	-1.67425921146	2.24476631921	26070.8728515	True	
0.98113044123	-1.65409467932	2.23457829055	26027.7281763	True	
1.3260369674	-1.67832678322	2.29496524945	25950.8174377	True	
1.51446777112	-1.6623528356	2.25232065968	25941.7146918	True	
1.12432377602	-1.67099879222	2.31317229584	26162.6540479	True	
1.71043193763	-1.65552934445	2.2467360067	25952.1100101	True	
1.51142688939	-1.64067772366	2.2459624792	25964.4471339	True	
1.04293634012	-1.66601985688	2.28949855006	25971.8123437	True	
0.568816044875	-1.64704439483	2.23399281232	26008.9346276	True	
0.247045742586	-1.70011796425	2.29018085581	26006.7036455	True	
0.574167947632	-1.61912750343	2.23654730446	26072.2095353	False	
1.10581431418	-1.70107083595	2.30880390585	26012.2712255	True	
1.61100302225	-1.6544532527	2.27457650905	25957.8450705	True	
1.11902026865	-1.67640332353	2.27679434951	25910.2109873	True	
0.979462149438	-1.68567884165	2.30203245032	25971.3601943	True	
1.70718541746	-1.67847175191	2.29213026529	25937.8422339	True	
2.10586622415	-1.65913505841	2.26861204392	25917.2027965	True	
2.14947137207	-1.65396674698	2.24899539671	25940.9488637	True	
2.61911816464	-1.67421440365	2.28114260401	25911.6890764	True	
2.20455548047	-1.65812704476	2.25240255069	25932.8886344	True	
2.79381926385	-1.6723194083	2.28243805712	25916.4961424	True	
2.9105222894	-1.68115168125	2.27577653651	25923.1030745	True	
2.21257933276	-1.70661535445	2.27308042972	26165.73005	True	
2.73951207768	-1.70150220567	2.29079536395	26005.5421553	True	
2.11804928738	-1.64419714063	2.25827826016	25958.668425	True	
2.83556672556	-1.69689222232	2.28987995776	25974.9881647	True	
2.66346108714	-1.64747246078	2.26546121637	25961.9060393	True	
2.57103028849	-1.65614129091	2.25625053199	25922.3966956	False	
2.91782680975	-1.64561205486	2.24061601971	25969.9161829	True	
2.367338018	-1.67093402563	2.27568405896	25906.6269208	True	
2.47041918885	-1.67418847242	2.27849106801	25908.4800365	True	
2.73236025383	-1.68335791969	2.27798229839	25927.1739222	True	
2.49649642903	-1.6708948692	2.27314489623	25905.7750892	True	
2.91935256335	-1.67064318913	2.25804490976	25943.0166639	True	
2.51965487582	-1.6507486517	2.23777431593	25991.141103	True	
2.44721202526	-1.66413992846	2.29809709083	26059.2732301	True	
2.76291549736	-1.66701808297	2.26151099956	25918.2104901	True	
2.71200383143	-1.680310319	2.25667970028	26011.9420577	True	
2.84441878774	-1.66898529797	2.27522761674	25907.4693228	True	
2.51979131608	-1.67951511873	2.28858922444	25924.8692735	True	
1.98385977037	-1.66656947106	2.27771216466	25916.2993812	True	
1.38055613004	-1.66644862847	2.26970242494	25906.0756091	True	
1.54163300923	-1.68933569403	2.3051004498	25983.4044244	True	
1.7237764318	-1.6588933992	2.25126818361	25938.3598871	True	
1.54724747499	-1.68176653198	2.27509704102	25927.1626695	True	
1.72588862651	-1.65246930659	2.25550006464	25927.4081023	True	
1.69689086646	-1.66422832716	2.27818938538	25924.8262745	False	
1.14219280359	-1.67641276933	2.26763271433	25927.6106087	True	
1.29034842102	-1.66011552959	2.25604269744	25923.729113	True	
1.41116484427	-1.67291931913	2.27434898707	25906.8002056	True	
1.27166702374	-1.66381478852	2.26544657854	25908.4473955	True	
1.23811761466	-1.66836512979	2.27296358643	25905.9718223	True	
1.15628505669	-1.65844888548	2.26822941073	25918.0994041	True	
1.28808623886	-1.6639805059	2.2628970539	25911.4496096	True	
1.20577789422	-1.66055211894	2.27363347963	25923.4525018	True	
0.947432362074	-1.66431632102	2.26442586071	25909.5049419	True	
1.29377266036	-1.67087454154	2.27035155847	25907.3779078	True	
1.0206258713	-1.68950659865	2.28791068459	25941.0451166	True	
