Parameter 1	Parameter 2	Parameter 3	Potential	Equilibruim
1.94742382522	-1.53696775419	2.05739711337	29324.8257296	False	
1.63339502908	0.676119913268	1.62319233031	64819.5820408	True	
-1.75705945289	0.462452175216	2.10213937092	33430.5897523	True	
2.37548772317	2.36388651677	1.93626472559	33852.8549227	True	
0.0413347992776	1.31622317878	2.04079796418	45153.9578945	False	
2.20333432626	1.40581597883	1.96068780473	35316.6874186	True	
-0.561513192271	-0.34852378162	1.86020240579	33923.0218482	False	
-1.47463994858	1.60923166998	1.97659294432	31871.9380573	True	
0.531358679742	-1.86712847613	2.42879522608	31079.0696334	True	
-0.314328551356	0.820155638021	2.09012547014	54681.2035764	True	
1.79527561884	0.923154738455	1.57266339117	75416.1209814	True	
2.26836148558	-0.341507198618	1.79637418423	38660.1979189	True	
-0.629029331663	-1.0601536828	1.54941931346	87727.6832201	True	
0.128557289763	1.02795478147	1.62375076754	64768.3660147	True	
1.75098553166	-1.29338132844	2.50439357795	95121.63754	True	
-2.02496364053	-1.52302254229	2.4227226746	27751.3941527	True	
0.903607415205	-0.358984009146	1.75449906998	43662.1860359	True	
1.76838615316	-1.93559415801	2.12205140448	49563.0657515	True	
0.96449549573	2.83293450636	1.70483175857	49828.4830966	True	
-2.91495489444	1.81950294662	2.34129321163	132172.253162	False	
1.15768207171	2.36904861275	2.01465703047	41308.1607268	True	
-0.487273865855	0.546297109667	1.89953628951	32754.7471931	True	
2.2607842598	2.52336582714	1.72344846151	46927.9354004	True	
0.243991030004	2.852310172	1.83658009102	34797.7591524	False	
1.22524155387	-1.81136600335	2.63288196696	38534.9667199	True	
1.463663273	-0.814812823489	1.90603311987	32231.4365537	True	
-0.769130047202	-1.83635243365	2.46481974102	30384.1366053	True	
-2.12237385201	-0.406292103277	2.1309309644	27875.9496406	True	
-1.08467002107	-1.8852285394	2.63567763012	39453.6341218	True	
1.29082004999	-0.81402741516	2.29283453838	95529.2689558	True	
0.703948648333	-1.15061593685	2.09920385096	34324.522391	True	
-0.27939800364	2.80603972339	2.02498013312	42180.4989128	True	
-1.74445181677	-1.5973645752	2.06157292514	37403.3160499	True	
-1.7856805639	-0.760349732395	2.28741269194	44092.1603495	True	
-1.41547656139	2.26543132533	1.85632980144	35080.376546	True	
2.26832864046	-0.771603978337	1.91080556016	32116.3583531	True	
-2.19679492063	0.314437683928	2.94397240406	124351.127788	True	
-2.39826409936	0.876458383405	2.39144706166	29241.2624744	True	
-2.54315582698	2.60182362611	2.24043001391	51840.2122201	True	
-1.76103135757	-0.0205371652673	1.93680101881	32239.5781416	True	
2.0407057921	-1.06827833329	1.83588039924	38157.4915724	True	
1.2424233312	-0.50028536028	1.90920300717	32379.3484698	True	
-0.543327644364	-0.645559044937	2.17166835418	62404.4910564	True	
-0.851599604267	-0.15856509112	2.12087478741	55467.8174743	True	
-2.61071782055	0.341829679952	2.49973812972	52101.9278524	True	
1.74527538778	-1.33773533031	1.9163011479	34544.4132305	True	
1.40308439254	-1.9060110712	2.24783265393	38427.5493246	True	
-2.27082910282	0.0221723569106	2.32830792127	26055.7479228	True	
-2.28784174962	-1.33630507054	2.58888815867	33987.4205421	True	
-2.3514398125	1.33665912248	1.94586431938	55241.6800277	True	
-1.73621742306	0.430810801483	2.09906447341	33800.7966817	True	
-1.63516900702	-0.937739519849	2.33102879967	54834.5042841	True	
-1.10493465078	-2.11897328282	1.61376300992	133423.067221	True	
-1.13954865404	1.54951249129	1.75122212558	44970.6252092	True	
0.220684858176	-2.4351228348	2.43517262571	126784.467837	False	
-1.76038798837	0.30265730937	1.73822614594	54286.5373101	True	
-0.681309695402	-1.11686011348	1.94402922536	31284.91145	True	
2.00299878502	1.33964372489	1.93859592333	33941.3033597	True	
-2.31188799911	0.495719352472	2.40537864163	26674.1907139	True	
-0.469789114361	-1.8048007483	2.18750834084	33411.0913875	True	
0.522812335342	1.85994922557	1.83950355077	34612.6255512	True	
-1.29402580913	2.82104185135	1.88383039385	33107.4648179	True	
-1.59089594516	0.731946196359	1.8890133495	33773.3002348	True	
-0.0328316648644	-1.53703597386	2.08928540023	28117.0449397	True	
-2.2415863388	1.39823201087	2.02847602592	37657.6144303	True	
-1.30013400444	0.252488179267	1.8139688675	38421.0277645	True	
0.208314025243	-0.917841700999	1.55950018594	83071.9106638	True	
0.458733351564	-0.0819493556557	2.07922557602	50777.4048979	True	
2.64135418681	0.539874770509	1.9377525408	33778.835723	True	
1.92129695378	-0.0116305407668	2.02657206135	41659.5574698	False	
1.39282202956	1.7221532714	1.85129785201	33988.1871996	True	
-2.44826983967	0.318572746938	1.76909373802	91274.0893063	True	
0.751017108487	-2.01885811252	2.24817313647	52173.8200521	True	
-1.63980694096	0.790644502523	1.97159416	30921.3711891	True	
-0.472857502591	2.81009416494	1.96515222812	35109.8993387	True	
0.257875399097	-1.69190190984	2.35613277513	26620.4723727	True	
-2.38324301832	-0.106324494135	2.54219878414	30471.3875847	True	
-0.349835122797	-1.10377762573	2.04195971791	31535.0606897	True	
-2.13245293756	1.68004813069	2.39136356021	34378.4731957	True	
1.65580324892	-0.986465746239	1.98663857394	31383.0499657	True	
-0.912191615778	2.47901112248	1.71397877666	49648.0176546	True	
0.195715233188	-0.13212631765	1.8595529056	33744.6724919	True	
-1.60128882702	-1.26156569973	2.19507379514	28967.0904085	True	
0.395075890582	-0.901953857874	1.61669970912	70733.7975436	True	
-2.38469149592	0.423014214284	2.56031667631	31089.1864493	True	
-0.929652460494	-1.57058761104	2.37360422511	30932.0115399	True	
-0.509316717296	-1.14204883784	1.8285211763	40239.7612094	True	
2.33118254725	0.0759301169483	1.76435623041	41742.0816424	False	
-0.855185567925	-1.58948926622	2.46256205679	36382.7692003	True	
-2.21697427865	0.37188010658	2.42421931852	29921.3057639	True	
0.977402869177	-1.44515809672	2.16927081271	28635.0062961	True	
-0.549208907131	-1.69475616459	2.57053187288	38358.8185937	True	
-2.2398206164	-0.157347431632	2.01340162337	39660.5246604	True	
0.685509426901	0.902947967958	1.87195931996	33240.8239937	True	
-2.17870262968	2.1119333586	2.25649500342	26432.7566497	True	
2.64576490885	0.236863356592	2.00094092336	38773.0036859	True	
-2.19171017347	2.429320923	1.96283193312	40951.5216586	True	
-0.924514567425	0.703809096485	1.79906098382	38566.1898914	True	
-0.833828430293	2.18943213308	1.63244283859	64071.2033859	True	
1.2377238157	-0.174397036236	1.78140244513	40012.0790252	True	
-2.08557434514	2.45900103795	2.34047004622	34432.3796323	True	
1.34071716033	-1.86353526314	2.02311483951	50307.3832596	True	
2.81477268042	-0.105635944653	1.74509707941	44444.4937194	True	
-1.87484566447	-0.819539542529	2.33138888127	41573.5472169	False	
0.937251749985	-2.1005266216	2.48628175431	57508.7880651	True	
-0.0940045367917	2.36194942168	1.883302772	32998.1698042	True	
2.99821678423	-1.4404448375	2.09566740369	27854.602458	True	
-1.73968528297	0.743055790212	2.00936208583	30368.353199	True	
-1.18617628446	-0.585386761895	1.93002690159	31698.1767232	False	
1.09158969194	0.299893539998	2.07140819649	50771.271611	True	
-2.20884576513	-0.301492578195	2.41952758118	29294.7388369	True	
-1.92637167809	0.103208199147	1.8702672797	40610.0937693	True	
2.45068857479	-0.854182306839	1.87609855596	33606.0133286	True	
-1.77647801845	2.15210825305	1.89271849546	35126.7676989	True	
-1.75741851726	2.41724927443	2.12931356489	35974.5614185	True	
1.83932014356	-0.404059854626	2.02999460529	40085.7492801	True	
0.271946174222	-1.94015532466	2.45793024676	36752.7949242	True	
-1.35994863538	1.49236035269	1.94691259861	31932.8446607	True	
1.55685049995	-0.887780310509	1.87751247237	33623.2950953	True	
-1.92493570385	1.24700310295	2.15069849178	31048.7936941	True	
-1.11440734364	-1.12485891314	2.00441355985	29872.4182122	True	
-1.22211240743	-0.297257811387	1.74123629751	47832.4110295	True	
-1.54035198323	1.28076868122	1.96053781946	31339.335235	True	
0.0322814120886	2.1442741555	1.67341304097	55300.2548415	True	
-1.82044839334	0.0699418522688	2.06189784979	29964.8552246	True	
0.847032706806	0.287699315165	1.87039093643	33281.2527322	True	
-1.797792562	0.302424215224	1.93451202676	32566.3944015	True	
0.398890501584	-0.198317655606	1.86684588814	33441.0494215	True	
-1.79885335753	-0.80404529804	1.76915084088	53730.3539195	True	
2.88691603699	1.13034420763	1.96249273199	35430.2069861	True	
0.620510335144	2.73089522231	1.97526636978	36533.416055	True	
1.30208197517	-1.51225334327	1.85224660205	46196.6193795	True	
2.24409883526	1.01907827217	1.82191132546	35772.8194197	True	
0.249370562399	0.150926268203	2.05596991602	46944.216942	True	
1.53776149051	-1.2485229098	2.07458864045	30476.0413866	True	
-2.44113702271	-0.316514157644	2.52472109972	32539.0065477	True	
2.38468835779	-1.68163479619	2.37418055117	27301.1637952	True	
-1.9325141465	-1.89589034836	2.06432812183	65875.8117287	True	
1.11358712361	2.43280960531	1.95412534281	34858.0599344	True	
-1.79462244891	0.78447362185	1.99594242924	30190.2781303	True	
0.418366065938	-0.180413242068	1.88783169905	32819.5660456	True	
-0.480240443563	2.11928307764	1.76000871073	42312.6403311	True	
-1.23799919289	-0.768038390597	2.00866401925	31724.9041221	True	
0.365060829707	-1.49564361665	2.1492855559	27224.3203058	True	
0.330258949103	-1.55794740275	1.96441470182	36153.4540118	False	
-0.924351876486	1.86838105464	1.91213480792	32559.4696538	True	
-2.00224623892	-1.59415646935	1.82690947421	72016.5410393	True	
-0.301492540506	-1.80776267091	2.24069285499	31051.5483996	True	
1.10978369774	-0.957191107279	2.2036024167	59123.6456466	True	
-0.940869897003	-1.52214687652	2.25588104293	27805.7146557	True	
2.76220329426	-0.421453127543	1.72162370628	48547.5376821	True	
-1.32625069358	-0.82128634844	1.8926577048	33767.2729931	True	
0.378217503006	-0.0359432541394	1.83752637672	34919.8041001	True	
-2.11509521412	-0.928501712196	2.35599439467	27640.3940086	True	
-1.32252726946	2.32290470252	2.02818309324	36443.3351651	True	
0.197519964383	1.0508093789	1.94515477007	34167.1285511	True	
-2.47178779395	1.88193844543	2.17592498079	46310.118889	True	
-1.82047049899	-1.30441857069	2.17282816059	26673.2780235	True	
-1.24929389158	-1.83655475259	2.31332534765	32515.8864742	True	
2.1920531379	-1.68184783204	2.19764274421	27068.6539928	True	
-0.645202259096	2.82501020545	1.82298092338	35987.1885002	True	
1.04375628133	-1.45951373062	1.89196272583	39712.5005298	False	
2.42854867368	-1.54386172867	2.22228846826	27203.9777298	True	
2.005701844	2.19959672626	1.81212674737	36516.2790472	True	
2.49706941839	-1.36059850967	2.05484681618	28674.7077522	True	
2.1175921481	0.445637751205	1.8480797604	34178.2256571	True	
1.1395728811	-0.702732084693	1.88939952439	32747.3706422	True	
1.61377257504	1.93533313893	1.81600379558	36206.1154743	True	
-2.38152279326	1.78756561202	2.43296652551	28186.1904179	True	
-1.69427854096	-1.09479297483	2.2384420019	33875.1991836	True	
0.0859624366037	-1.95057888473	2.61737856061	41356.9156917	True	
-1.79171247309	0.823734012133	2.02910239533	30068.398918	True	
-1.17178902098	-1.84409364993	2.62773786493	37844.4707998	True	
0.0629152829644	1.7703722663	1.93927106223	33873.232296	True	
2.94175042145	-1.81753752287	2.68389153446	43239.1427862	True	
-0.294393256795	-1.43192518809	2.01496848514	29929.0012623	True	
2.10985782375	-1.60326528286	2.34865273849	29265.8433731	True	
2.66187503585	-1.78062143897	2.22832159056	29733.2427325	True	
0.644945954245	-1.82397881792	2.52676688086	31679.0315808	True	
0.145305662028	0.724105258516	1.79148521886	38530.5606226	True	
-0.192534914491	0.279640640391	1.95499573136	34329.3978279	True	
2.56263979722	-1.64048739882	2.6144017431	50242.7075621	False	
-1.78137711047	-1.45422763641	2.44331075667	31470.7264125	True	
-1.39040292721	1.48258195353	1.87432159593	33799.3494939	True	
-0.307111138704	-0.964836962108	1.73733852181	49932.3657457	True	
-2.25696552239	0.951480349012	2.3398868072	26139.997103	True	
-1.36928459269	-1.64149540601	2.32139254836	26052.2510322	True	
-1.70358360852	1.09831506184	2.19119541283	46412.6480152	True	
-0.782300698499	-0.0702722084146	1.86737900713	33536.4522129	True	
-1.21442675859	-1.63211280451	2.4187260983	29163.1770891	True	
-0.225905543672	-1.72701279928	2.31697829882	26267.3911392	True	
-1.16277366851	-0.402597510296	1.86887574518	34016.9915651	True	
-2.08268669828	0.579246651374	2.13411447476	27469.4776915	True	
1.25601210462	-0.304125577154	2.04603172059	43177.7406345	True	
1.90452228502	2.48137236125	2.08147328962	54269.3427268	True	
-2.32627283155	2.20048001538	2.36147558629	26623.6938316	True	
-2.23575241201	0.576087878968	2.39366674817	27777.4554709	True	
-2.08868175181	2.1485327944	2.43716531916	43580.0193301	True	
-1.33193439555	-0.436403101579	1.98736402191	31943.8102978	True	
-2.36178930706	1.97703602591	2.50367065302	28916.041122	True	
-1.44269587635	-1.54875904578	2.33062910749	27303.466741	True	
-1.1510586397	-1.79761990626	2.46162761592	29486.7886328	True	
0.11262013823	-1.63778776757	2.21533211308	26148.21889	True	
-0.0567171546371	-1.08620632865	1.96861719667	30676.7808407	True	
2.70591757064	-1.63824483334	2.18962404174	26526.3115582	True	
-2.37983386474	2.78982644813	2.31355090076	29763.6317721	True	
1.60300003048	0.725336848276	1.88176623384	33028.3895586	True	
1.00645976783	-0.853063137842	1.88702377852	33024.5640486	False	
2.70270538632	-0.445919764475	1.91628303264	32425.2947135	True	
2.40344896894	-1.53394703473	2.05261056286	29494.4313803	True	
-1.5858290616	0.564070350942	1.93764793119	31548.5933301	True	
1.76794666122	2.2751109612	1.74475209047	43902.4682402	True	
2.09481583044	0.896402224031	1.88358482308	33006.312242	True	
0.594265942314	-1.24734817564	2.11224995891	32244.4265336	True	
2.74500496304	2.00459163568	1.84667896263	34209.9295097	True	
1.75746059694	0.115954973213	2.00506406326	39058.8938768	True	
1.71096047609	2.06434964844	1.90926948664	33031.6791564	False	
1.15013740556	0.0941761433888	1.97306252919	35697.0759813	True	
-2.14604120179	-0.21340430073	2.22873796805	26473.7572808	True	
0.471726367904	-0.640824054967	1.81395249424	37703.5263094	True	
-2.37523475156	2.32573856632	2.54577465287	30436.8426243	True	
-2.49755282118	1.51939674792	2.1913880814	48596.0000412	True	
-2.09709120578	-0.408893225382	2.11724192874	27998.6773989	True	
0.188781070924	1.73836094699	1.90431435944	32932.7654427	True	
1.345437272	0.0467333870271	1.81322044473	36669.1950536	True	
2.49079554287	0.922319642629	1.98776215367	37750.9229561	True	
2.8575918922	2.58952225014	1.96283160515	35510.6899333	False	
-1.74080715261	0.255076130057	1.91952274138	32982.8442321	True	
2.61649130737	-1.47481464855	2.18062616689	28117.506821	True	
2.85706209896	-1.06768578693	2.08489937622	35561.2730924	True	
1.46712103192	-0.631273465198	1.83950256979	35448.949974	True	
0.46531602613	-1.37735615907	2.13380778802	29405.5454869	True	
2.57758743475	-0.36908264912	2.01515437771	38462.3550756	True	
2.95761670986	-1.73766201602	2.26639610171	26919.472972	True	
1.57603464969	-1.4773371891	2.1284947797	27424.3901806	True	
-1.00507477981	-0.519647635625	1.93112029225	31877.1920265	True	
-2.26642575397	-0.451752002544	2.30168576335	26355.4136692	True	
-2.26402118487	-0.497859874038	2.38146551954	26402.4657854	True	
-0.443480734113	-1.37072302581	2.17823080182	31169.2607853	True	
0.343504669985	0.922350052137	1.8513728904	34006.7296616	True	
0.840302230758	-1.76759930847	2.60829635086	37879.3431725	True	
0.619506119458	1.22025883068	1.9245722981	33347.5282587	True	
0.27583703939	1.3967956361	1.9027635327	32923.532601	True	
2.14544300831	1.64894863615	1.91177299441	33068.9316132	True	
-1.95278188844	2.81192335384	2.18938430451	32133.0725496	True	
-1.11226651865	0.799802749683	1.82408607523	36637.0061614	True	
-1.89983847745	-0.1916976928	2.06939705207	28917.6481717	True	
1.45327683872	-1.64515095941	2.15028041078	27703.3293449	True	
-2.08276694768	-1.23382889778	2.38168806225	26775.7119588	True	
0.41741240506	0.129783476765	1.97067954775	35488.4097037	True	
-2.47927327329	1.91583847021	2.46628603272	34509.3869109	True	
-1.6756161624	2.69154845064	2.00369080359	30873.933401	True	
-2.26359681118	2.19870763364	2.26370931612	26427.0344915	True	
-2.01040258249	2.8522945448	2.01192833086	30712.8539287	True	
-1.36720650842	0.858801373901	1.9055151923	32376.5457649	True	
-2.1475715617	2.22148832682	2.23854422617	26817.8193	True	
-2.08897348873	1.50299951819	2.14020423156	27394.0852493	True	
-1.17218684348	-1.7604321281	2.25072699019	29517.9855095	True	
0.955089721136	-0.895755063793	2.0137440203	33373.2035534	True	
2.21902726955	0.477462916964	1.95975449782	35036.7037862	True	
1.26558409331	-1.56426902215	2.16703016108	26599.9598206	True	
-2.23003747948	0.793531432304	2.3621405946	27040.6764579	True	
0.778323956207	-1.80722653289	2.21616421313	31812.7675219	True	
2.07705933169	-1.51348357371	2.16519414204	27071.3321648	True	
1.62137803222	0.90459002354	2.02816413314	43245.3674131	True	
2.13876519412	-1.67510198841	2.25768768076	25967.9521159	True	
2.77681829692	-0.316928257977	1.90093897623	32592.1266042	True	
1.86767644663	-1.75976370141	2.25920162946	27817.5042854	False	
1.72658676128	-1.41312520139	2.06764358598	28266.6274438	True	
-1.79162871191	-1.51972280266	2.4323820084	28657.5074965	True	
0.785950442199	-1.53451834172	2.23262649852	27694.7816575	True	
-1.21691210777	-1.47733687354	2.06341045426	29159.1100565	True	
-0.286664685346	-1.5044524406	2.22126465155	28129.9578255	True	
2.54772235282	0.306884600538	1.84323644534	34455.3435097	True	
-0.293638009159	-1.17562718907	1.91996319736	32599.4321	False	
1.88671498904	-1.86185865096	2.35155843665	31239.4878891	True	
0.58355225344	0.51523082587	1.9052422631	32895.4206011	True	
2.89059901928	0.117254159066	1.96154578308	34863.8585851	True	
1.82856347312	-1.70889673999	2.31353607689	26058.643445	False	
2.97437254221	-1.47743413669	2.04367993325	29098.5900962	True	
1.85869557053	-1.69037796059	2.14975673319	29018.8464312	True	
0.88982936033	-1.6333276917	2.27060269669	26127.3014532	True	
1.45591763199	-1.78298340538	2.41918697339	27823.4534772	True	
-0.843843731314	2.22960094358	1.9972970612	37028.4586803	True	
1.86609158434	1.84582159196	1.98287938715	37331.7649328	True	
2.83750104003	1.36624541177	1.88076061747	33057.0153119	True	
2.04770697357	2.42738601642	1.81876196883	35988.7111526	True	
0.559763517127	1.53772371571	1.87571227495	33152.4466205	True	
-0.489558907283	-1.45865518009	2.05523292709	28642.7030969	True	
-2.30161958827	-0.465721096869	2.20250780202	30757.1726738	True	
-1.62779452885	-1.40000380041	2.0801385386	29025.1405342	True	
-0.887079827943	-1.08433163047	2.01704082136	30460.1080918	True	
-1.22896340049	2.22513291707	1.91495839977	32235.8783303	True	
-2.21665008917	2.74062250629	2.27997104876	26105.3680772	True	
-1.95398174337	-1.29593523574	2.24329298842	26064.0053381	False	
-1.74996184036	-1.13426077577	2.20313334936	29434.9217345	True	
-2.40202047791	0.908054441992	2.46105359412	29172.2600931	True	
-2.24357167847	2.55970525469	2.40259182512	27888.0182716	True	
-0.63514642292	0.537135538034	1.8861984032	32882.5091319	True	
-2.12435806721	2.55337861795	2.15152401334	27197.6399832	True	
-2.23720029628	1.39802601998	2.387863156	27604.6816882	True	
-2.12263293426	0.459726317054	2.05207700136	30905.6197713	True	
-1.59781972396	1.00149207664	2.03989185137	33148.6459599	True	
-2.14674422654	2.26922201446	2.22971259299	26745.3397215	True	
-1.84721914657	-0.877692906433	2.13381450289	28511.7950898	True	
1.42108832783	-1.64508052857	2.29774617722	26299.9165129	True	
2.65900705381	-0.247759972442	1.95734657571	33963.2945985	True	
0.943290702714	0.43059055699	2.0263057455	42536.2033621	True	
1.96622937411	0.273904329704	1.94628624777	34069.8454545	True	
2.65318241444	1.8099260139	1.92150144986	33296.1955831	True	
2.77573133745	2.67414313346	1.91016420963	33048.4769606	True	
2.96128205436	2.6271279952	1.89615924646	32936.2886666	True	
2.60287214163	2.3917374168	1.86523437119	33438.2551521	True	
2.40711153153	-1.76356814299	2.58789288227	36314.0920119	True	
1.94666896562	-1.78469475855	2.27250863761	28542.2165384	True	
2.46921000934	-1.51994603916	2.1636736559	26976.232179	True	
0.879085366559	-1.57426912961	2.24900525754	26953.0374421	True	
0.166473947126	-1.51414158805	2.17628390182	27107.4565008	True	
2.60057026238	-1.58070500168	2.13436472617	27194.2347666	True	
0.324188151731	-1.60664964548	2.17547268533	26536.621203	True	
2.92030339008	-1.62308333239	2.20703951385	26177.5394464	True	
1.14449979766	-0.346800408536	1.95662669959	33659.889438	True	
2.58523700154	-1.67198571854	2.2750283105	25906.252368	True	
2.96605925052	-1.62535134992	2.11645776001	28532.7314649	True	
-2.02239591884	-1.39040897869	2.44130863891	28036.3442291	True	
-1.71047749149	-1.05096502686	2.10415517278	28489.6780888	True	
-2.23147734449	-1.19722591488	2.2894609807	29094.788699	True	
-2.10337476796	-1.44224833303	2.3808469552	27556.4161338	True	
-2.19246549343	0.0642758801506	2.35604636145	27940.6381369	True	
-2.24559532588	1.47745516793	2.1954712904	27726.2544687	True	
-2.07219699847	2.10309974933	2.2475559077	29585.5906412	True	
-2.28142096417	1.90526843794	2.23149041252	27653.3392609	True	
-2.21546124333	2.08444440412	2.32447042491	26616.7443222	True	
-1.9730104683	-0.595308736088	2.16248341117	28132.7821566	True	
-2.35025731479	0.996842915735	2.32476517574	27911.59317	True	
-1.72766736964	-1.15519784304	2.14396433573	27924.9658011	True	
-2.09236035484	0.237569425904	2.19501975953	27276.7145251	True	
-2.27751221439	-0.677364000015	2.28561877598	27332.8329262	True	
-1.05219356002	-1.70678323469	2.35064339302	26381.0039042	True	
-0.130868485253	-1.63031363998	2.20367683953	26261.5591022	True	
1.81341419901	-1.65910817103	2.43143031133	30685.13619	True	
-1.48786884984	-1.50844727447	2.16197912415	26897.2784301	True	
-0.384557393135	-1.60505908417	2.18691933494	26385.746465	True	
-2.21316607602	-1.19821759048	2.65117067976	38776.2523453	True	
-2.13264809989	1.01753859	2.09097957301	29105.0251828	True	
-1.98461447697	-1.39590221066	2.27672182779	26271.5185921	True	
-2.37910323717	1.71602172279	2.49740427292	28947.9204993	True	
-2.16570925483	1.01557405887	2.29169801358	27289.4263628	True	
-2.29736447611	0.975092963948	2.18224259435	30369.1772782	False	
-1.96293519237	-1.35241069855	2.24207581976	26277.633001	True	
-1.97060561173	-1.46306719815	2.32318064305	26326.4441572	True	
-2.10736102856	-1.00429738816	2.36686821737	27637.8833047	True	
-1.45099830699	-1.5731525887	2.20086662792	26573.8547477	True	
-1.29723352796	-1.30571412961	2.04237392311	28834.2349573	True	
2.80042141014	-1.6290482191	2.35358656642	28309.0927442	True	
1.73521683875	-1.64656677982	2.1571146008	27504.2836387	True	
0.0990397001072	-1.73198031068	2.31414372979	26318.8695248	True	
1.65534287716	-1.76432026131	2.40160011688	27289.1287894	True	
1.8801584842	-1.7736055072	2.31461797541	27302.3377788	True	
2.10296741788	-1.54391293648	2.16931351451	26717.544825	True	
0.743950933056	-1.72209753316	2.2536656424	26752.10791	True	
2.53420589996	-1.68695584428	2.23941050373	26286.8571086	True	
1.88122800453	-1.67294850082	2.25587454242	25966.7634993	True	
0.45327189914	-1.70220274735	2.35625620579	26513.6356219	True	
2.85105647896	-0.661159334127	1.96293692903	32761.3003306	True	
2.66211317328	-1.4450128308	2.16565477277	28548.9319919	True	
2.80758851027	-1.48603553645	2.11019951322	27460.2745019	False	
2.98967635228	-1.6405528011	2.18774557775	26590.3318341	True	
-0.210653056172	-1.67561240589	2.20360078333	26871.4137389	True	
-2.17039515925	-0.546557436696	2.21280128147	26524.5119758	True	
-2.26899025171	0.0925172402167	2.27340192721	26488.3445185	True	
0.115784845902	-1.59545960921	2.21043144979	26224.4932929	True	
2.49632915554	-1.68588174165	2.27493118708	25947.2488174	True	
1.91619881506	-1.66109355478	2.36470725572	27563.7745857	True	
0.764384965862	-1.59890416012	2.12104513871	27832.2379625	True	
2.92283390559	-1.30188420518	2.15037952535	32819.1907605	True	
2.23791711134	-1.25443141377	2.00314961647	29720.7537665	True	
0.097968296281	-1.73715556361	2.33199792585	26377.708254	True	
2.36768349881	-1.67769616358	2.22131086791	26447.7515038	True	
0.911713433766	-1.55535878192	2.09749443651	28011.4434864	True	
2.21887972628	-1.59452774787	2.21683733486	26252.2096485	True	
2.58933085489	-1.71474952872	2.3412432085	26254.3660123	True	
1.60510497499	-1.63335514749	2.22004502445	26082.0752612	True	
1.82176835351	-1.57022895113	2.20381666263	26481.3127045	True	
0.358565626554	-1.72324932724	2.35877644375	26461.4333393	True	
-2.19931492083	-0.739546782337	2.31042118304	25981.3292661	True	
-2.25462018642	-0.186194366829	2.23616191767	27098.5093075	True	
-2.11669092423	-0.284138949873	2.21756282868	26754.1365694	True	
-1.89163959048	-0.968810335571	2.0500284941	29319.3677468	True	
-1.66354076928	-1.24738988774	2.12694392828	27532.1005776	True	
-2.17902240219	-1.13467981237	2.32585288626	26355.5613887	True	
-2.26323216519	0.219921658901	2.19221485438	28580.745392	True	
-2.06227363549	-1.39284883346	2.27830277742	27303.1837524	True	
-2.26541556144	-0.0841133232206	2.25059885133	26945.3042543	True	
-2.0602967929	1.03320103757	2.17152142244	27764.4142883	True	
-2.10504125768	1.62706217111	2.20411428807	27276.5411328	False	
-2.27914062129	2.35942679573	2.2855394787	26370.2285794	True	
-2.28456831975	0.83730854557	2.46002343214	28549.7708742	True	
-2.0146652907	-1.38803082822	2.2676959525	26668.6047428	True	
-1.75509557635	-1.53709749307	2.28744625482	26008.0145372	True	
-1.87870350382	-1.35655646122	2.26091632233	26055.3402011	True	
-1.39582702514	-1.50910145178	2.26546098983	26850.3883261	True	
-2.05776974086	-0.149864529408	2.20645984976	28003.7824127	True	
-2.18103775163	-0.370386798322	2.30892164217	26568.1424829	True	
-2.1344627913	-0.559304151798	2.1792404083	26874.6873693	True	
-1.90313181039	-1.37593420158	2.26936341545	25952.0580332	True	
-2.25085296422	-0.0660260038007	2.28253895612	26139.0008579	True	
-2.01331707273	1.6863694527	2.15752086359	28609.7521232	True	
-2.06051302078	-0.994832768228	2.26178756343	26387.2659092	True	
-2.01875735492	-1.31523576523	2.40492756316	27677.3716694	True	
-2.26565073951	0.766654012118	2.33427974574	26049.3853675	True	
-2.26990531528	1.35347571263	2.42216955529	27654.6598227	True	
-2.05489683181	-1.14304516988	2.2937820049	26129.6844189	True	
-2.25607355364	-0.667291351297	2.35689807393	26202.541171	True	
0.515528335751	-1.58053062092	2.22779829966	26489.9008008	True	
-0.677756513537	-1.03089480897	1.95785246453	30886.1662636	True	
-2.05650612745	0.808951543221	2.15895536431	27684.6517448	True	
-2.23485008127	-0.820494339764	2.36252066453	26224.4551361	False	
-2.19292968872	-0.23571937373	2.32558791163	26766.263365	True	
-1.77898228638	-1.4962526655	2.21516281252	26749.1633086	True	
-1.98806681931	-1.11502791389	2.27249833605	26910.7766196	True	
-2.27577112474	-0.140958521171	2.31569366928	26182.5392537	True	
-1.91603831603	-1.40785543906	2.2800388003	25947.2539057	True	
-1.91050576477	-1.45920443057	2.34011363195	26123.1636247	True	
-1.84740393361	-1.3586711218	2.20130128732	26389.0837709	True	
-1.54919670468	-1.58727580688	2.32477317507	26135.8006307	True	
-2.27837790328	0.00212537476716	2.35737418569	26169.169801	True	
-2.16320266707	0.698074268712	2.22624726633	26473.4454871	True	
-2.34642912829	0.576164189113	2.40214011533	27095.7093899	True	
-2.11942002503	1.19234923561	2.26829782473	28310.2954338	True	
-2.29104379957	2.13956605208	2.34273779812	26138.9655171	True	
-2.27141858895	1.99489225493	2.26857303414	26489.0877476	True	
-2.04648234654	2.12732387114	2.15069240197	27820.1203829	True	
-2.31770214447	1.65987667313	2.37322238038	26461.0377943	True	
-2.29362247462	0.362362713961	2.34914533749	26193.3776835	False	
-2.22462604493	0.579741106242	2.28456560084	26044.1808738	True	
-2.17245221547	2.69241963312	2.22507170041	26415.598137	True	
-2.26864018073	-0.861364401107	2.29907440484	27431.0403841	True	
-2.22481270598	2.55475903048	2.213295196	26769.6781671	True	
-2.16007323653	1.38573621198	2.16885186268	27023.0831481	True	
-2.27829282582	2.00858831621	2.35343515298	26146.0115041	True	
-2.2501929012	1.28138785255	2.28863719187	26024.0243664	True	
-2.26379737927	-0.515857596666	2.29763377909	26428.2802705	True	
-2.22843150948	1.34986875777	2.21097421691	26888.7640189	True	
-2.31929768845	2.03817158461	2.3917740868	26564.0229061	True	
-2.2985782852	0.141329344194	2.40191513117	26629.8313751	True	
-2.33006334432	0.628154103376	2.38134184691	26705.4629907	True	
-2.13412607968	1.27504419737	2.20082071439	26780.6944388	False	
-2.24251826857	0.717614681383	2.27637469767	26064.0255663	True	
-1.41380249694	-1.47732438896	2.17725421157	26562.7030179	True	
-1.31860473687	-1.55127552855	2.23911587241	26129.8365148	True	
-1.38095215145	-1.51408427499	2.20957745541	26288.1948601	True	
-0.932475046239	-1.69908226525	2.33988976599	26234.676054	True	
-2.22302755118	-0.188898284735	2.23758715101	26458.335323	True	
-2.11987935022	1.03282397836	2.16482955845	27031.3798833	True	
-2.22717672352	0.829297697228	2.2743537082	26045.878132	True	
-2.19287766686	-0.483740040381	2.20433111757	26914.4346283	True	
-2.02739169936	-1.13902943087	2.26715347047	26173.9570009	True	
-0.217638554419	-1.72748615178	2.32025386023	26269.1226464	True	
0.0897036913387	-1.62792800556	2.26100672439	26087.6750948	True	
0.634129118095	-1.61467193713	2.26675572908	26364.3957977	True	
-1.27307444795	-1.5751745388	2.25817237458	26067.9104665	True	
-1.24855250565	-1.68995858747	2.32751927775	26257.2110014	True	
0.564757759739	-1.67935695664	2.36024329004	26943.3493511	True	
0.207522198667	-1.5512720464	2.16603315735	26660.3543453	True	
-1.0639590836	-1.63496298846	2.28454792766	25941.7806481	True	
0.44462698836	-1.69871246458	2.34884394065	26415.0567768	True	
-0.557952803657	-1.55137479427	2.19901631606	26555.2234459	True	
-2.14809400867	-1.14826146869	2.30463370043	26185.3365352	True	
-1.60098437144	-1.49382371042	2.21354752457	26188.3127154	True	
-1.45573980942	-1.63415195917	2.32151228025	26054.9860913	True	
-2.11767481382	-1.04318755304	2.27192269766	25995.3420161	True	
-2.11513546819	-0.891491752345	2.26566777602	26142.9629677	True	
-1.53149754739	-1.63224687248	2.28689920464	26231.6549619	True	
-2.21491388261	-0.0873696889964	2.27316293744	26044.5538934	True	
-2.2504646761	-0.194991172197	2.32977741536	26031.4879364	True	
-1.91145553204	-1.47401013005	2.35064469223	26211.1250216	True	
-2.0333422887	-1.25606194748	2.26656424618	26020.9928152	True	
-2.04768022332	-1.38727523528	2.31855294017	26402.6079392	True	
-2.19861817268	-0.927372967781	2.30534150052	26097.2614913	True	
-2.18001151425	-0.509023013228	2.25928335631	26097.1257441	False	
-1.44949093828	-1.68854914703	2.30483820612	26792.2633158	True	
-1.17369722296	-1.55779859516	2.22370624647	26192.1879027	True	
-1.20013849187	-1.60345925373	2.25272011987	25947.7202822	True	
-2.00543961942	-1.44638373959	2.38377044767	26600.8857133	True	
-0.576153749074	-1.57682761996	2.1762319061	26476.7206474	True	
-1.50942732412	-1.55730122009	2.24187158009	26004.2851148	True	
0.578449319788	-1.58455303871	2.1670333215	26582.2213497	True	
0.0277879003589	-1.70655459081	2.30294187217	26044.3652097	True	
0.724873843947	-1.67348052392	2.25430298754	25983.2342108	True	
1.39881402239	-1.70340790963	2.28100328173	26065.6928415	True	
2.60331199632	-1.59831105402	2.15540377004	26853.2382891	True	
2.87849849763	-1.72199604949	2.29762756579	26209.5149748	False	
2.96054871496	-1.70825190357	2.30214190843	26041.3168841	True	
2.6960358576	-1.68333361486	2.2756361053	25932.2160399	True	
2.43665099673	-1.6478228424	2.25584413713	25939.2643001	True	
2.62761632176	-1.65460412657	2.21412643107	26271.2881028	True	
1.19476990205	-1.65280226118	2.23522640084	26016.442862	True	
1.75402479353	-1.6734088695	2.29492896408	25968.7808878	True	
2.31545846998	-1.65267300627	2.18847226506	26741.5836757	True	
2.80110963251	-1.7001998496	2.33580843673	26223.2909493	True	
2.62772015106	-1.6023670356	2.2276406034	26204.7795018	True	
2.77776576777	-1.68040895191	2.29099938219	25931.3069121	False	
1.96154152329	-1.64038677048	2.26270527896	26000.2197531	True	
1.94125528105	-1.66222501112	2.31015462317	26229.3439439	True	
0.0896652734243	-1.70832364811	2.28285862059	26136.136353	True	
-0.315117715499	-1.65912656689	2.30082553301	26082.6703404	True	
0.792361682875	-1.58718723703	2.180270473	26426.7410485	True	
-0.927367932383	-1.68198880656	2.26504832743	26193.7666358	True	
-1.4516037922	-1.61933266196	2.28400697249	25969.6816795	True	
-1.14105556291	-1.61744748647	2.220238255	26215.5787894	True	
0.941880374156	-1.6992740638	2.34730456258	26390.5502215	True	
0.180259749259	-1.69270604866	2.3360637858	26260.4296462	True	
-0.825382412726	-1.68355266808	2.29281001915	25988.0577004	True	
-1.12349798577	-1.67315746113	2.33994930563	26228.0197612	True	
-0.484641534851	-1.67820707438	2.24475910966	26199.2538118	True	
-0.180733678956	-1.68727536411	2.28834574741	25945.5655264	True	
1.58749823233	-1.6454747564	2.23247606453	26013.8090625	True	
1.10820518176	-1.68365593629	2.26438644506	25985.229887	True	
1.53731218216	-1.66649289685	2.30031393926	26059.5979266	True	
1.53637492693	-1.71785899994	2.34043095654	26250.9483862	True	
1.60862305469	-1.66605796476	2.28431891678	25942.7774491	True	
2.66089304857	-1.66224325027	2.26675142088	25909.2630778	True	
2.9599524015	-1.66477116622	2.2736191342	25911.6698527	True	
1.88036534534	-1.69018410464	2.27170652464	25991.7387817	True	
1.34461358186	-1.73277211176	2.26737530002	26771.7421996	True	
0.0927925995934	-1.64743862819	2.21020733138	26284.6610741	True	
0.0220591332355	-1.66499837956	2.24653463309	26000.9542574	True	
-0.209386090425	-1.71073117619	2.30271738609	26096.3148947	True	
0.471350062221	-1.63195314999	2.21934691965	26087.1597889	True	
1.16800995878	-1.62490884967	2.1878815067	26438.3583613	True	
0.835249966597	-1.6508558887	2.25508892517	25930.1346587	True	
1.05777718545	-1.52190137461	2.11740864756	27288.9480854	True	
0.929655700414	-1.66154655953	2.28259378016	25955.7425621	True	
1.4274986708	-1.66067116261	2.32008905344	26415.9373149	False	
0.491150123414	-1.69251899457	2.30622972525	25987.8368891	True	
1.02326627053	-1.64740519274	2.28259606706	26075.5496559	True	
1.26654868799	-1.65298189087	2.22885483923	26073.8561148	True	
0.699132015058	-1.68814871614	2.32287505998	26132.8916327	True	
-0.793034445358	-1.56440821324	2.21365366411	26361.83649	True	
-0.478929634909	-1.65423058032	2.26017386144	25916.5130382	True	
-0.330277059032	-1.63082173093	2.27098304179	26093.211383	True	
-0.239659391241	-1.65933610139	2.30978303139	26201.0937489	True	
-0.905879413683	-1.63294599718	2.24578925054	25961.7634183	True	
-0.265362426343	-1.673166534	2.24917551706	26057.7628422	True	
0.261394654177	-1.64330947331	2.2786443029	26070.2701683	True	
1.44513486289	-1.70324732228	2.26222666775	26230.4907436	True	
1.32075847987	-1.69295660324	2.29806882872	25960.4778477	True	
0.572041194301	-1.72307216159	2.35242869442	26383.629429	False	
-0.0520539035546	-1.67724164699	2.25575963395	26018.1107039	True	
-1.40804725511	-1.61721304013	2.27621606305	25946.346925	True	
-1.75649945306	-1.52605025308	2.33859770729	26217.9030715	True	
-2.04832531889	-1.24469436771	2.2994429254	25942.922481	True	
-2.14263222181	-0.945074142809	2.29195772412	25985.5516842	True	
-1.77523210534	-1.4076578697	2.23586438156	26121.0117365	True	
-2.19638040331	-0.512384910435	2.28648163771	26024.703439	True	
-2.19122809219	-0.0438243515312	2.23083304991	26288.9919746	True	
-2.16774052055	-0.67743761542	2.30020517714	26219.5425552	True	
-2.14390726744	-0.916837988172	2.27738831406	25992.3136713	True	
-1.41664197085	-1.49206915295	2.25724128181	26948.0534838	True	
-0.719452190552	-1.59463678984	2.2465117583	26225.3327355	True	
-0.500665354485	-1.65073162632	2.21585369844	26297.216537	True	
-0.98294963994	-1.62181539079	2.21112923814	26276.3243267	True	
-1.07320516015	-1.65710180482	2.28002196152	25940.7150229	False	
-1.35543362459	-1.64889895481	2.27780684374	26125.7772661	True	
-1.43398338265	-1.61348784674	2.32133858868	26097.8096109	True	
-0.903182722129	-1.70120500639	2.32779533834	26164.023991	True	
-0.118796939758	-1.67434387899	2.2803174063	25911.5310719	True	
0.390115100848	-1.60084813092	2.16874133912	26618.3218301	True	
0.453855737405	-1.66854698234	2.28449073524	25930.3239502	True	
0.57185667181	-1.6517038458	2.25669098227	25926.8773563	True	
0.60494672656	-1.66250744211	2.24464644496	25990.7957963	True	
1.36741311486	-1.59138938546	2.14866260434	26946.629245	True	
0.49637903329	-1.69935335879	2.26810529486	26123.038837	True	
-0.753754367576	-1.67176656605	2.29138656819	25931.9509306	True	
-0.656925465006	-1.68072142463	2.26489011739	26057.3143462	True	
-1.38490900836	-1.53886898741	2.23439561122	26127.0818644	True	
-0.715927522136	-1.65335742399	2.28695801205	25950.7691395	True	
-0.459620676455	-1.66129064076	2.25887481183	25933.5544294	True	
-0.824814635285	-1.64214958462	2.26749860533	25914.9399002	True	
-1.24355137011	-1.57661986073	2.27079593406	26197.3697354	True	
-1.34208590944	-1.55808296187	2.2461434972	26071.0349035	True	
-0.612152076855	-1.65652410566	2.26138187745	25920.7186614	True	
-1.45811876725	-1.57996466485	2.28058547069	25942.308556	True	
-1.40960708354	-1.54958930928	2.27628535566	26268.160131	True	
-0.534601968017	-1.61708727049	2.23005738558	26040.3477228	True	
-0.817618109445	-1.67944185881	2.28019070541	25994.7194843	True	
0.402687056385	-1.68286756085	2.28581556921	25923.6498433	True	
-0.0108275116599	-1.69490651558	2.31299937916	26023.5429514	True	
-0.0208661181244	-1.67913375274	2.25235789818	26063.6593474	True	
-0.495498470351	-1.64329166109	2.21750853676	26201.8405869	False	
-1.37899825869	-1.56011847497	2.25419778765	26039.1015631	True	
-0.933284536928	-1.6552981742	2.30696641708	26032.8619364	True	
-2.13805427486	-1.22496050525	2.35675941643	26260.5148839	True	
-1.29330579756	-1.64650548555	2.33422927505	26189.7962673	True	
-0.791488753653	-1.67381398881	2.31179634789	26020.4048399	True	
-0.296666243582	-1.66621699001	2.25818811106	25946.2658115	True	
-0.30536299633	-1.71183359112	2.31863722301	26117.0725444	True	
-0.592481268989	-1.66977621485	2.29646839589	25953.0091701	True	
-0.581841093089	-1.66010910912	2.24715948618	26014.9433848	True	
-1.08631345153	-1.59163221129	2.25537611911	26084.9590038	True	
-0.898025239815	-1.62077005224	2.20753984235	26279.8450763	True	
-0.690990702235	-1.63972555878	2.25465139965	25930.2772049	True	
-1.58790427375	-1.52956571989	2.25441007916	25962.372679	True	
