Parameter 1	Parameter 2	Parameter 3	Potential	Equilibruim
-0.487719161103	-1.48099820375	2.11511492751	27387.7910454	False	
-1.24949078064	-1.90894744829	2.50334352098	36513.004521	True	
-2.77047949361	2.57540995655	2.80601609767	84892.4336597	True	
0.69669462517	-1.54406720784	2.05182774317	29735.5997526	True	
-1.93771413726	-2.19501230169	1.99464731796	113626.712123	False	
-0.232469341202	-1.7732300998	2.16370257486	32473.7669731	True	
1.4996902456	0.587832797411	1.42296571686	110695.609568	True	
-2.21758463378	1.41011560874	1.9893161034	39828.8847944	True	
0.547152160968	1.54117325427	1.89447987597	32921.2941499	True	
-0.127990087356	1.41480052582	1.78694416106	39010.4388437	True	
-2.22127596578	-0.782046893539	2.91068740466	92460.0752356	True	
-0.234257794727	-1.31906388144	-3.60172692887	318474.356228	True	
-2.41571094718	2.07651349739	1.96305427838	60109.1426763	True	
1.48810572831	-1.92519947313	1.73652337235	92354.816941	True	
0.600225932737	0.245102851933	1.92883266213	33278.6176548	False	
-2.557441676	0.797650580317	2.37776953143	46755.1589227	True	
2.31469058496	-1.58124914473	2.25107436743	26830.2371161	True	
-2.01164031892	-1.38589653635	2.2247193124	27653.0167895	True	
2.42637910768	-2.1095872255	2.20911182537	68655.4846389	True	
-1.37489015559	0.301779473393	1.81774509454	38426.5212637	True	
2.76006011508	-1.23534203208	1.95649699763	31015.9505624	True	
0.255756292191	2.48312365511	1.60240638518	69066.368623	True	
1.69129211311	-0.205777193852	1.91224977184	32659.619485	True	
-1.15911467564	-1.9970439058	2.37813108399	46448.3908697	True	
-0.201621190199	1.70171444032	1.95794895689	34839.7869167	True	
-0.178462048533	-2.0083700573	2.89138813996	68059.2316824	True	
-1.79716975654	-1.85407934558	2.62957296688	41227.1257893	False	
1.87244912725	-2.14335475026	2.07312221628	84046.2126709	True	
-1.45182917149	0.666884969234	1.71048964133	53656.6597655	True	
-2.014237053	-1.38422526557	2.3734423326	26443.1520866	True	
-2.66661687236	-1.28735968237	2.46965951601	76440.4527994	True	
2.53710044791	-1.86222940871	2.35691026814	31176.4292725	True	
-2.68856033326	2.19249059777	1.79962589705	123323.253087	True	
-2.12484639477	-0.583325890002	2.37142674085	30331.0593802	True	
0.520094088182	-0.982169926663	1.89074988079	33195.1797728	True	
-2.36473866948	0.499793144187	1.89338983797	63483.4763998	True	
-0.259510962571	1.15286199143	2.00662728028	39521.2920902	True	
0.805506382339	1.19835092037	1.53423751788	84041.9254824	True	
2.47654171125	2.52338889087	1.99705383343	38958.0595663	True	
-0.099553015995	-1.21368402795	1.84543663304	39208.6011791	False	
-0.512906811494	-2.19040504405	2.63322535982	74586.1825522	True	
0.716495874256	-1.55976642061	2.22905984455	26927.7938025	True	
-1.87992788314	-0.530724938806	2.32355155937	46001.3068837	True	
2.61842333033	0.173845729311	1.7699257354	40999.1180648	True	
-2.45483930271	2.59916202019	1.89770196269	73211.4087292	True	
0.430236668053	0.269407683764	1.71421275357	48664.755732	True	
-1.07630699486	-0.51335940536	1.98115883917	32618.1872052	True	
-2.21141949331	0.0380830625436	2.21247777414	26711.2524516	True	
-0.0882611442983	-0.292934974047	1.61629327924	67457.0764338	True	
-1.85171636324	-1.20931143911	2.42269736445	38531.4533762	True	
-2.20832049057	-0.010914743704	2.12621011784	29728.2840553	True	
-0.290700048474	-0.979980147384	1.72917409666	51375.5979209	True	
-2.08469984982	0.0479175006973	2.01653168524	32253.6020553	True	
-2.03853278581	-1.93168907818	2.9209190264	72520.0690576	True	
-1.70784276146	2.2154268733	1.90778010242	33329.4109813	True	
1.68943758095	-2.173124426	2.42989218659	71178.416333	True	
-1.3859119945	0.84625401871	1.60782012738	72349.055837	True	
0.562041411075	2.28896968862	1.76036259325	41914.4856277	True	
-2.11539840837	2.07873865736	1.86196093202	48561.2063717	True	
0.0551381494587	-1.62061030889	2.2999708468	26808.4038846	True	
2.06381452517	2.63611650008	1.74725434245	43564.4571107	True	
0.853161200053	-0.929933863823	1.6845624352	57998.8528898	False	
-0.216480227966	-1.19863240633	2.18195578825	40208.5587713	True	
-2.29243295521	-0.822705030291	2.32165771686	27625.8041471	True	
-0.369647199429	-1.7129135716	2.32448597226	26147.3552801	True	
-3.01554040573	2.65759065373	2.46396788169	157190.11851	True	
2.50269889242	2.3514065725	1.93053471982	33607.9253773	True	
-1.81816865972	-0.809012971764	2.46341863478	68923.1935561	True	
-1.58548073651	2.80202972112	1.672101545	62147.5857689	True	
1.31340742213	2.18806524875	2.22638601332	104563.685063	True	
2.10755704673	-1.84485058016	2.27219703984	32122.1158419	True	
-1.24507722142	2.83246491921	2.05715343544	40954.2884879	True	
0.390002787041	2.23699679376	1.85987845754	33633.0981056	True	
2.68549872023	-0.566977145586	1.8415888884	35153.3269951	True	
2.33885669751	2.71390779999	1.65810526441	57927.2081129	False	
-1.44503583194	-0.0127636480127	1.84990557603	36027.1846373	True	
-1.73127458012	0.118236854965	2.08178318697	32484.09056	True	
-2.1556107263	2.57115011445	2.52767551018	45296.7882352	True	
-0.620186739158	2.9247460437	1.76428265441	41923.4135829	True	
-0.0237039196312	0.246368514278	2.00146426314	38536.0492931	True	
1.3947573633	-1.99263143736	2.80282450751	57527.066366	True	
-1.74386466463	-1.92347266252	2.57213391318	43831.7624854	True	
-1.90110865783	-0.62349375377	1.76038839191	56812.550327	True	
1.01043835367	-1.26325837231	2.04403783516	29560.7358115	True	
0.509600037792	1.92750297614	1.91090945723	33035.1317493	True	
-2.48128511827	-1.69260041352	2.5512283144	64287.3894709	True	
0.705280887952	-1.20612871348	2.01855393178	29926.3960852	True	
-1.90703537693	-0.960112857769	1.91394940489	39422.5894528	True	
1.74664318599	0.527417666597	1.87588808227	33138.4346383	True	
-0.335944968131	1.50833152097	2.21793606774	97667.3377201	True	
-0.491524449773	0.946817043812	1.98035334334	36243.2286773	True	
0.923846306557	-1.58045033771	1.78075356177	59334.5988683	True	
-0.366257441462	-0.51194727062	1.92534983458	32240.1615935	False	
-1.7621716163	-1.54813235869	2.40831656621	27522.6970802	True	
-2.12314036565	-0.252455370225	1.93415199561	41347.1217134	True	
-2.36421208381	1.43902508023	2.26863140883	30340.4863524	True	
1.50116580597	-1.7395382145	2.55556322331	34814.3425675	True	
-2.29676872421	2.16557336468	2.09698384265	35599.9714293	True	
-2.99471221523	-1.80170063739	2.59315557935	172068.834085	True	
-2.26938915061	-0.359690513895	2.7003004721	48898.723117	True	
-2.26785418527	2.89227648324	2.19458385845	28473.1279872	True	
-0.681663850316	-0.58744477102	1.75627206158	44833.836081	True	
-2.33282249307	-0.11319364494	2.37051272827	26990.2188845	True	
1.14227038316	2.49615874195	1.84775261729	34157.8509902	True	
0.73622999132	-1.52101498722	2.44591588469	44266.5112067	True	
0.0798661401012	-0.275098717914	1.89561323654	32653.7023135	True	
1.56953220355	-1.54715790726	2.24829654623	27742.3410261	True	
2.21837126359	-1.75257195556	2.03481547278	39906.2961261	True	
-2.29474135472	2.44672076842	2.37218778249	26285.705279	True	
-0.40722084572	0.163801546467	2.09642608367	54554.8196805	True	
2.13955043592	0.0344121477297	1.64163734673	61584.2225999	True	
1.86985620635	-1.49897638991	2.13160153856	27215.596084	True	
-0.450070343281	-1.42326762353	1.87932615361	40355.0021863	False	
-1.97495295818	-0.72466671919	2.0418493647	29847.2789044	True	
1.31806884277	2.57251627118	1.85641644752	33763.215052	True	
0.716605564541	2.39259860267	1.85631544243	33770.7791383	True	
-1.98366161618	-0.896997698875	2.02610216702	31514.6212834	True	
-2.25874847041	-0.0776984486927	2.55581293603	35304.6935196	True	
-2.3941774043	-0.685532843909	2.42462145473	30469.2618095	True	
1.21341594825	-1.11016288857	2.01745164692	30904.6384639	True	
-1.65256122903	-1.64928526354	2.48315564419	29517.5098962	True	
-1.01105110319	-1.49199806447	2.07489226204	28537.5333562	True	
-1.3148303068	0.364592130835	2.17393659589	61490.2240933	True	
-2.11112255448	-1.31775975173	2.05851829888	39143.1279807	True	
0.890349628273	-0.553858844353	1.80746314837	38042.9708782	True	
2.37166716045	1.1783506258	1.86588279453	33418.1051141	True	
-1.05055662834	-0.254071990025	2.01136757391	35636.0263299	True	
-2.01348266302	1.39421757242	2.27022573747	34349.9519711	True	
1.06426880643	2.94239407555	1.91200899775	33073.4547864	True	
0.644298449676	1.73814278292	1.86320185383	33509.2009895	True	
0.00689357638063	-1.33963513906	2.39506263029	60899.5900283	False	
-1.34251783458	2.85127090613	1.68758406381	56399.2820214	True	
0.49739456255	-1.72324060645	2.09152982956	33782.0265681	True	
-2.2489019037	2.39503352358	2.2095409268	27361.8694813	True	
-1.20125730924	-0.884668264745	1.92183632505	32043.892933	True	
-1.3846394183	-1.53782819711	1.87645320935	48318.3542418	True	
-0.370751261794	2.07360720166	1.93884428496	33664.5775807	True	
-2.07626992664	-1.32053479888	2.34160223975	26171.2375191	True	
-1.85335229205	0.653224039438	2.08201480481	30153.0260051	True	
-2.23890212959	1.30386455929	2.49680330054	33142.9884881	True	
2.47461358355	1.94474455148	2.00785067316	40354.8928708	True	
2.68726744878	2.81219926342	1.87141557778	33258.0000006	True	
-2.43118521054	-0.152103648932	2.7101348337	40396.4882361	False	
-1.18913231236	1.80305051114	1.79377901085	39851.7110031	True	
0.357893900755	0.0235555823762	1.96521894747	34913.41625	True	
-0.383737655933	1.42799319053	1.72728263419	46736.1101283	True	
-2.46858986602	0.22739170152	2.15361925152	48030.339522	True	
-1.20871646789	0.984727013834	1.86083450224	34164.6776495	True	
2.76127257114	-1.55634043958	2.0869827022	28394.9750057	True	
1.31740553111	-0.203396108601	1.92198513447	32771.7127973	True	
0.911471255535	-1.53004665929	2.16452628495	26854.1113661	True	
0.572338423089	-1.71364761568	2.21102247836	27558.8861748	True	
-2.22861010013	1.02697649342	2.30599189528	26125.2017488	True	
-2.0943346356	-0.595927204506	2.15882418165	27066.9921018	True	
1.20690439506	-1.5920961309	2.12888981585	27472.8748184	True	
-0.643853713303	-1.90283406141	2.6427841186	40222.7776414	True	
-2.28182753591	0.822296230838	2.69043240622	48190.4940575	True	
2.29855580971	-1.80901183225	2.17977187328	33710.7481876	True	
-1.47540484708	0.535874698567	2.01826955806	33479.9618383	True	
0.326755325968	-1.87942086626	2.58953358206	36040.5358759	True	
1.39247170029	-1.73418107761	2.16598955898	30070.3297321	True	
0.762252451566	-0.510526133112	1.65027201448	61291.8326954	False	
1.15377697738	-0.705743609467	1.88590127457	32883.8974874	True	
-2.06478179206	-1.81190683782	2.69417177716	47262.1307192	True	
-1.45401945032	-0.528102854448	2.01017989572	31587.0826245	True	
-1.80417645279	0.0351773681629	2.13846294431	34002.3793659	True	
0.439377153706	-1.84211045512	2.43408627854	29816.8218349	True	
0.934085071271	0.314794964544	1.9358086006	33585.6160398	True	
0.199675710037	-1.88561331088	2.42827767037	32302.0274954	True	
1.40636874433	-1.88283696293	2.326025772	33381.9337446	True	
-2.11470147402	-0.52313467415	2.10863259405	28707.9779292	True	
2.17698447749	0.0504544184443	1.90849655564	32798.5947141	True	
0.448372277032	-1.75175412356	2.34868283577	26618.3532999	True	
-2.3895395119	0.203638627521	2.20902935179	35521.8537714	True	
0.140674750086	0.853978586103	1.89756074123	32879.1572139	True	
-1.30216331259	-1.7637890678	2.51992693689	31023.6069328	True	
0.512176373677	-1.3445309358	2.33881219873	51057.3642389	True	
0.905655292142	-0.604034688864	2.09085900986	47432.4628184	True	
2.41765547047	2.33663089126	1.94319188832	34201.3860773	True	
0.204994744917	-1.53550196433	2.25399319328	28265.9739692	True	
0.450590068529	0.548523683476	1.88579446021	32953.5954724	True	
-2.0144727008	-0.85288871027	2.17523581923	26935.6106881	True	
-1.58803164775	-1.64323603567	2.32556364993	26328.6000725	True	
-1.13692939221	-1.87231587061	2.49839481192	33430.4388917	True	
-1.54266387098	0.343380865876	1.92627210205	31852.8266494	True	
0.645383706274	1.66935016167	2.02119676521	42211.1037506	True	
2.27342791024	-1.00422531041	1.91479649079	32075.9501169	True	
1.52590572277	-1.80211672622	2.1896505531	32724.4592046	False	
2.57197646864	-1.18959959919	2.0819824582	32136.5696335	True	
2.75897816947	-1.64184557131	2.17164794216	26987.6060081	True	
-0.338714393416	1.85229670259	1.64232215388	61311.1251157	True	
0.863833342863	-1.36715378656	1.98596416611	30538.24825	True	
0.536367993751	-1.57248084789	2.18125664201	26465.1753567	True	
0.332458586696	-1.19038576569	1.91879139833	32681.3457824	True	
-0.674332172765	-1.82484942567	2.38887359955	29200.0981629	True	
-2.39255087901	-0.504828389539	2.35979557161	30724.3200187	True	
-2.27248910892	-1.48318022492	2.60740475652	36808.830195	True	
-0.160003994722	2.06138037969	1.82092747569	35928.3068106	True	
1.3441156	1.13677138144	1.78459791071	39130.4223627	True	
-1.93316918436	-1.53430969683	2.15382020905	32732.6631522	True	
1.82789739377	0.781612239007	1.78781148529	38824.7192783	True	
-2.49459234444	-0.928396799776	2.69843516705	44356.6297854	True	
-2.21948371098	-1.30734848109	2.42656597801	28316.5701623	True	
-0.534899159046	-1.84667474135	2.7795744945	53338.570853	True	
-0.460467035854	-1.09547601618	1.90622453258	32965.9355208	True	
0.439522094981	0.235341537087	1.91870020407	32999.0485938	True	
-2.22358931796	2.41000952092	2.37980250745	27859.6116336	True	
-1.89011172808	2.60402634085	2.07392143665	29448.7792072	False	
-0.837361714696	-1.05441227994	1.97642705108	30544.1603206	True	
-2.17627569968	1.91761262185	2.15598623631	27505.7986686	True	
-2.41173921202	-0.420912268718	2.63380325477	35193.573134	True	
-1.57372331183	-1.78113478769	2.33093707355	30926.3449619	True	
2.75827341728	-0.898250557026	2.10633381706	43096.6583251	True	
2.73080172947	-1.45363186396	2.04682150105	28788.9867221	True	
2.29987684891	-0.160629406774	1.91351484116	32707.1039982	True	
-0.368360423168	-1.49281764415	2.12308464038	27265.789401	True	
0.0878985750501	-1.00481333689	2.13340259743	43116.9736262	True	
2.69446304695	1.50858379323	1.76606802259	41196.3169178	True	
0.55612325076	1.68562718694	1.98975046911	37999.2156137	True	
-2.13843408982	1.03988348635	2.20918834044	26739.1001736	True	
-2.36952394401	0.482190996315	2.25613541481	31347.0192674	True	
0.577874450829	-1.47614338423	2.15124259416	27547.0553921	True	
-1.46896302988	-1.32753888897	2.1945254356	28846.4088418	True	
-2.32269580899	-0.495115790825	2.26360934412	29378.343975	True	
-0.606783253355	0.547841927307	1.74685180887	44305.3232238	True	
-1.86842784986	2.51710143087	2.03915156049	29486.0379358	True	
0.242392402982	2.48694663025	1.95338875285	34723.4316769	True	
-2.12599149024	0.038528110322	2.24907757898	27229.4373121	False	
-1.46017799479	-0.173856236205	2.07312662763	37194.4918059	True	
-2.27961592013	2.80495360281	2.36579914094	26257.4966951	True	
-1.70891119243	-0.848106813866	2.07606914312	29405.8609826	True	
1.89698991592	-1.70892932061	2.34411930461	26293.6317369	True	
2.68297347905	-1.78835895917	2.19227151263	31714.2965219	True	
1.71648863569	-1.49218325374	2.21767362021	28681.781393	True	
2.85532936249	-1.07673515435	1.91627327662	32196.5065138	True	
2.07945855305	-1.10749554425	2.04232506938	31815.6829682	True	
0.635276328684	1.34695964372	1.88436602997	32998.9596166	True	
-2.01898212361	0.84871196545	2.13226017723	28079.0350659	True	
0.421356568963	1.43509440286	1.95327583936	34727.2430093	True	
0.46268430878	2.49627532927	1.93613891132	33803.4124023	True	
1.71639987922	2.8670772748	1.88191091172	33042.0453376	True	
-2.18041912154	-0.0287641548494	2.16910284428	27347.3506783	True	
1.41223367587	-1.43267378795	2.24576130419	33008.2043926	False	
-1.21595708412	-1.43176938809	2.00815956903	31295.7517891	True	
-1.74294682243	0.337796843138	2.00832861116	30281.5683067	True	
-1.93917545503	2.41091081389	2.16010313481	31042.6699194	True	
-1.49405535251	-0.472723209246	1.82437604701	39585.5377157	True	
-1.42549421669	-0.929413054868	2.01679937228	30122.9043997	True	
2.29646610007	-0.404919947993	1.81110623603	37340.1470693	True	
0.396894886167	-1.06826290246	2.05154200856	32944.7749038	True	
0.0486751902859	-1.49683631126	2.09922074348	27607.803227	True	
-1.31797716622	1.04033407587	1.95104339251	32116.3837932	True	
0.140367987784	-0.779738970852	1.88337808642	33097.0415303	True	
-2.29402365961	1.54136136213	2.59614002117	36682.5136278	True	
-2.17415688034	-0.740871791541	2.35218245437	26847.4245538	True	
-0.626589950659	-0.794906129208	1.84007369965	36298.0196772	True	
-2.34734307028	0.068654753567	2.43689165875	27447.3197582	True	
2.32367635696	-1.73173652515	2.34596665066	26360.7167654	True	
-1.80288913069	-1.42141554295	2.22193407471	26189.4257743	True	
-2.06374102874	0.120856151237	2.00588337413	32360.096436	True	
-0.417707699881	-1.18124342116	2.05842578628	30832.1978406	True	
0.505722608521	-1.49789463877	2.09780436685	27632.3038041	True	
-1.43270594519	-1.18004649033	2.09377549344	29083.3132088	True	
-1.55642675511	1.23488031539	2.05681565116	35178.8036194	True	
0.454985804389	2.78031726162	1.94733106211	34384.5535223	True	
-2.01848983723	0.184120956246	2.05270936309	29156.6199926	True	
-0.645256278272	1.32404094164	1.96346803483	34693.0343812	False	
2.8476314388	-1.34244730479	2.03116232292	29028.3000138	True	
2.61937977731	-1.79701253922	2.28414672524	28840.2757634	True	
2.86590364169	-1.25505515593	2.04707953603	29704.4125104	True	
2.40381672731	2.14439393801	1.92542220704	33420.8793502	True	
2.41215142015	2.43759519219	1.8994028831	32942.505562	True	
2.64073718516	1.98974964372	1.78512274885	39048.1445827	True	
1.59661066876	2.02936368413	1.85731846106	33726.345544	False	
0.330312824912	1.88538492714	2.01794843057	41637.9099692	True	
0.812960855598	2.5698388417	1.94790731399	34449.181105	True	
2.89839449479	1.97452398222	1.80950028845	36735.9293815	True	
1.83922617192	-1.82455515259	2.53436853563	32022.4121939	True	
2.35665054716	-1.68867498137	2.16589928295	28296.2302922	True	
1.78423381512	-1.77771453146	2.42541542926	27873.4298832	True	
-0.117583116023	-1.43248981461	2.09485754434	27880.6091745	True	
-2.21892814009	0.174799983635	2.266696838	26070.0367528	True	
-0.0621654960557	-1.67354198096	2.18278339369	27373.1890096	True	
-0.376705063593	-0.466623178113	1.93026982356	32349.8497077	True	
-1.54995456408	-1.43665909804	2.26242437275	27468.9651112	True	
-1.65528757899	-0.165395229016	2.06135611044	32428.3891289	True	
0.510962704407	0.526786984598	1.92204370304	33178.2739475	True	
-1.91784209178	-1.32385911095	2.23161266164	26129.4342059	True	
-2.29880250622	2.75209565173	2.26285738206	27335.3031711	True	
-2.24595461342	1.40817107649	2.2251451446	26879.9652491	True	
-1.76212816119	-1.31329320776	2.33025846777	30662.5389428	True	
-2.1887017949	1.45841654208	2.29150698405	26658.7191727	True	
-2.26795585045	2.70936613974	2.40348541507	27154.6809777	True	
-2.27643733621	2.38199176084	2.35138449875	26135.0632007	True	
-1.85891028071	1.92396495994	2.02609755868	29617.919365	True	
-1.663227619	-1.10618826802	1.96120301905	32712.5619231	True	
1.06695264953	-1.80738117793	2.32801838064	28486.1132895	True	
-1.64673589166	-0.325074322753	2.02652532354	30846.792648	True	
-2.17589693319	-0.0641079206871	2.20219371282	26588.4344413	True	
1.34434704141	2.23179799222	1.84461805603	34317.6163032	True	
2.79081135146	1.80884771183	1.97783340696	36823.7053295	True	
1.67482841308	-1.4484072357	2.02416627979	29599.4436254	False	
-2.26839713112	-0.993666840831	2.45267473898	27706.2298644	True	
0.0552185542592	-1.38284086842	2.14709921727	29638.7500758	True	
2.48094729958	-1.4428001497	2.18360066296	29196.1376977	True	
2.84787574924	-0.769964596073	1.91551145397	32022.6261736	True	
0.406917850393	-1.49940032324	2.21438307016	28272.8133297	True	
0.765639007452	-1.6704278054	2.24129005198	26073.4573622	True	
1.89629546879	-1.58711062024	2.28118144589	27372.8586239	True	
2.22209572478	-1.59020318295	2.2694452167	26982.6462439	True	
2.73080225628	-1.82273984917	2.3771890835	28743.5870466	True	
2.52535642594	-1.60019064448	2.29717501603	27409.2319024	True	
2.45720016446	-1.78189411882	2.4023306706	27548.2911517	True	
-2.31395737095	-0.48756081787	2.42472068451	27090.5840181	True	
-2.13960334389	1.99343828134	2.11327474564	28328.1045596	True	
-2.14759233032	2.96281883178	2.29016793743	27934.9569903	True	
-2.12048487179	1.36742655863	2.16110123193	27069.9835977	True	
-2.42291109501	0.435254555088	2.61667169507	34153.467511	True	
-0.948737745005	-1.82210229738	2.4061746715	29415.9437551	True	
-1.39656381533	-1.01213403169	1.93407234981	32242.8542212	True	
-1.75709475091	-1.22204025248	2.20651353639	27926.9008132	True	
-0.500082056188	-1.55543697279	2.14516380128	26887.1331197	True	
1.45601812925	-1.30733944872	2.04818717523	29123.7687491	True	
-0.575266885491	-1.5706637781	2.12986476735	27343.2028043	True	
1.59027317383	-1.55598357243	2.1729197496	26609.5439451	True	
2.72262637447	-1.56717082583	2.26832620741	27662.5894489	True	
2.10183709217	2.39888784941	1.922435712	33327.3714998	True	
2.20245789831	2.27243920439	1.82091342788	35826.4246064	True	
0.644411137036	2.21534022792	1.92165028858	33282.2964811	False	
-0.81951635183	2.76362965097	1.85465752618	34051.5434045	True	
-2.18280007857	0.355663164438	2.2430619195	26280.4314766	False	
-1.4686352161	-1.65564682966	2.29742718164	26297.0286903	True	
-2.03267106657	-1.40577287185	2.39433500211	26709.8806842	True	
-2.2601430625	0.723357771425	2.2936907715	26060.7491822	True	
-1.75085719522	-1.65938000198	2.30914755654	27932.4530814	True	
-0.950184851655	-0.763031925506	1.97279041607	31652.7617428	True	
-2.21877436521	0.471827340304	2.33271326623	26619.986813	True	
-2.29984863107	0.849313989193	2.30229434236	26591.8817192	True	
-2.11323045609	-0.192010898717	2.26591987676	27774.6893547	True	
-2.25093923624	0.350112211228	2.41172571192	27799.1874584	True	
-2.22510619691	0.12975777495	2.34787914574	26686.1910024	True	
-2.28085803162	2.08035846098	2.37388217333	26348.449566	True	
-1.81402652217	1.34740628673	1.97584329829	30696.6138772	True	
-2.12378212012	2.66907538814	2.1818525595	26908.8907749	True	
-2.1623144468	1.57580383033	2.08367149988	30166.1774794	True	
-1.32717467402	1.95415247121	1.82491893439	37293.7406144	True	
-1.95117402412	0.159523330835	2.03214191392	29422.9020217	True	
-1.72303482765	-0.703168889986	2.06953022061	29837.2049547	True	
-1.7996333711	-1.51229593193	2.31816407784	25999.9497342	True	
-2.15854641465	-1.0509795279	2.34882752164	26161.3489395	True	
-1.87472219824	-1.04405526738	2.09055670484	28083.0328148	True	
-1.93205104393	-1.30766214123	2.24089518065	26073.2538668	True	
-0.594103025713	-1.60408186734	2.14383850921	27369.7823948	True	
-2.14691394378	1.43021589145	2.21346143579	26654.2288963	True	
-2.17258556726	0.278560250921	2.3356021086	28203.5843998	True	
-2.23989847244	1.40430714713	2.24302269884	26415.5292405	True	
-2.10849389346	2.79144437053	2.13658227087	27424.2405413	True	
-2.14992890977	1.76154948803	2.32392269998	29092.0072893	True	
-2.22773631159	2.4752358021	2.2305337111	26471.8498174	True	
-2.32251195342	1.76429825941	2.3902072273	26588.3713375	True	
-2.38214896734	1.5544462177	2.47941011569	28658.3100007	True	
-1.74357937773	-1.22909267998	2.09438846027	27935.6318878	True	
-2.21243649573	-0.75033905771	2.37104780556	26505.8426178	True	
0.591144331339	-1.69845539504	2.15652915271	29037.1319191	True	
0.593122951841	-1.12869981663	2.0039383366	30469.4056066	True	
2.1551155145	-1.61427209988	2.26773898108	26397.5566265	True	
1.08420650127	-1.63899397518	2.30126547989	26468.6222924	True	
-2.24467401569	-0.187445915759	2.27611241379	26172.9183761	True	
-1.88215956561	-1.36265506444	2.24097762242	26056.8587146	True	
-1.93059127778	-1.37526885975	2.29329997184	25946.0465697	True	
-2.34705176964	1.46261994917	2.46636264738	27866.2202879	True	
-2.24075568156	1.5080902711	2.23057863148	26659.5649805	True	
-1.79085212537	2.23867395375	2.05776413816	30668.4055148	True	
-2.30895835845	0.979436067939	2.37923419423	26399.9715103	True	
-2.26397118953	2.32052498137	2.34781539005	26169.6634688	True	
-2.30234720059	1.57609003925	2.38432082561	26407.825249	False	
-2.22108516229	2.62208994716	2.32703679593	26535.8686022	True	
-1.69315962609	2.46090947464	2.07729991032	33712.4816013	True	
-2.31903053708	1.98856409649	2.40320649423	26665.6608619	True	
-1.92750931217	-0.369906264183	2.11425657745	28701.4070295	True	
-2.26222483729	-0.423496367174	2.36591425916	26242.7164023	True	
-1.39574478994	-1.54540449956	2.32250466306	27412.5970765	True	
0.477564377278	-1.40822078451	2.06846354051	28272.6416648	True	
1.43337618203	-1.58705201836	2.18127729489	26417.7725861	True	
2.28201681961	-1.71313594975	2.34127454872	26254.3991711	True	
1.06451475808	-1.68040380222	2.24903649197	26084.6557529	True	
0.942403627138	-1.73152253817	2.34903020738	26384.2363847	True	
0.525977498049	-1.55873043516	2.13623667298	27021.9440007	True	
-0.939724671904	-1.71962490049	2.26088852216	27082.2922858	True	
1.16464976584	-1.46510089685	2.19585483242	28863.6538692	True	
1.33371789958	-1.65834064473	2.35910069376	27459.9852446	True	
0.84409556244	-1.5795317169	2.16107356068	26657.3844515	True	
0.284829281669	-1.54116269017	2.15591980548	26781.6531192	True	
0.229673881718	-1.55007007935	2.14719465031	26837.6403126	True	
1.286617899	-1.76078667395	2.26059313178	27825.8829383	True	
1.50930832608	-1.64340970104	2.21110438644	26220.3304683	True	
2.26952739139	-1.58574612627	2.24564098631	26635.7412326	True	
2.53506767792	-1.71042916813	2.38366457105	27023.566967	True	
1.45051579221	-1.63689507248	2.15409089152	27408.9000272	True	
0.209606415506	-1.79329259493	2.31963670312	28027.6299755	False	
1.01378112108	-1.55879206266	2.15498780946	26732.7278025	True	
-1.10013851185	-1.6608286827	2.29737721142	25951.9873275	True	
-0.996390178214	-1.59350891269	2.25012144383	26103.1904246	True	
0.333765219984	-1.72185383472	2.38564639635	26940.1192427	True	
0.101082544499	-1.59124009769	2.16415684145	26655.3582758	True	
0.780285153394	-1.49151165629	2.16555998658	27436.263984	True	
2.55746521398	-1.67818324508	2.30238107469	25998.0558841	True	
2.81322269388	-1.69791914732	2.31402408484	26030.6700271	True	
1.84851966793	-1.73054486682	2.26234879804	26799.3178605	True	
0.18225059798	-1.52953537043	2.16606087139	26841.3255786	True	
0.974803404222	-1.53511219455	2.25256875558	28298.4786101	True	
0.373885679467	-1.6438189064	2.18852615986	26630.4775325	True	
-0.179710033799	-1.70913099627	2.33738950913	26212.9738128	True	
0.14046896305	-1.74366657816	2.31897331699	26506.2766707	False	
-1.97893534219	-1.40361250699	2.40359102168	27213.2154519	True	
-2.34649002011	0.948624955134	2.35399230219	27288.9199194	True	
-2.30430898702	-0.0557834299236	2.41561058463	26831.2162563	True	
-1.39686193088	-1.67862007639	2.32138450954	26338.7694348	True	
-2.25641611021	0.0996757908932	2.37101283714	26509.1503037	True	
-2.11437438203	-1.09346921288	2.21518480724	26967.5169369	True	
-2.16669339714	-0.113887441315	2.13619574009	28221.1726745	True	
-2.24898891188	0.572999747261	2.38376698164	27050.3989854	True	
-1.87476480525	-1.48782336343	2.31459523421	26023.4904517	True	
-2.20646157958	0.774370710589	2.26223551145	26137.1443975	True	
-2.14867219044	-0.876435931903	2.31062914589	26178.1993759	True	
-2.13123472246	-0.75501175272	2.27319803946	26297.8628537	True	
-2.30558357181	-0.299300005606	2.4608427024	27823.330544	True	
-2.09177499057	-1.07560599002	2.34784358016	26906.6480184	True	
0.812746038213	-1.65357528215	2.35456162819	27449.1090725	True	
1.45713193726	-1.65842097588	2.30815500232	26251.9426207	True	
-0.531500915373	-1.68827536388	2.32657185226	26129.3470134	True	
-2.20241739462	-0.364238537081	2.29410528571	26080.7724403	True	
-2.18505967846	-0.952333292259	2.29240239345	26109.1903461	True	
-2.3066362423	0.321602408262	2.39910859341	26587.6815524	True	
-2.21363694904	2.5972552687	2.25950147758	26118.3237591	True	
-2.22754742373	2.66184120393	2.3465168743	26772.1030679	True	
-2.08944165972	1.28615377237	2.19174411103	27438.1261891	True	
-2.2319232315	2.41705959901	2.2366958537	26417.6543513	True	
-2.0489006297	1.47195775173	2.165018476	27927.2903372	False	
-2.27923697649	1.55358372885	2.39186934257	26660.9454494	True	
-2.28758974851	0.870134151813	2.29160046032	26470.3087383	True	
-2.28305518864	1.84648464382	2.29148586505	26362.9104093	True	
-2.18677219563	1.47907504029	2.17819136625	27062.3523615	True	
-2.27792098665	2.20254291083	2.32979214524	26052.4194342	True	
-2.19939954877	0.0674913047848	2.30072288862	26389.7344656	True	
-2.29695176816	-0.516914677627	2.31506740111	26992.0568294	True	
-2.16129785102	0.551718339396	2.2607276673	26746.5918245	True	
-2.14664387967	1.8741159316	2.15127164563	27300.1611713	True	
-2.2622344327	0.982667919299	2.27253012015	26286.1867847	True	
-2.18704259684	2.17992221163	2.13791923515	28319.3431326	True	
-2.21867846396	1.66085805301	2.22607118373	26452.1304134	False	
-2.11047964776	1.67058214672	2.13438464826	27469.5654819	True	
-2.32549278659	1.56927972268	2.40248543536	26710.9764167	True	
-2.18327968179	2.05117018911	2.27818031159	26582.0302308	True	
-2.27039087968	2.89311010805	2.3490054846	26139.0976549	True	
-2.13157389027	2.28135432434	2.22652592822	27003.4413652	True	
-2.16772511231	2.50239779251	2.15310350297	27467.8604795	True	
-2.35246336354	1.87941803081	2.34772612801	27571.9403068	True	
-2.22400599459	1.24666849496	2.32758717437	26471.3574258	True	
-2.1174118064	0.352733846168	2.14179563666	27359.9992753	True	
-2.34998842875	1.31562429748	2.37395340458	27211.7467001	True	
-2.21357373634	1.31818202759	2.29947778439	26273.5762604	True	
-2.26509657746	1.88010489981	2.32904802782	26029.6157932	True	
-2.20743339788	0.832545204347	2.24422825828	26196.5738841	True	
-2.27962108665	1.38319865671	2.30358870859	26179.6308997	True	
-1.92600187424	-1.414654022	2.25824442818	26202.9977183	True	
-2.00183444822	-0.591691670123	2.18264228452	27922.7103961	True	
-1.28223569129	-1.70529930744	2.36473190292	26615.8979236	True	
-1.89647325696	-0.99613976838	2.10547594428	27780.920778	True	
-0.966210478581	-1.53625955449	2.21579077358	26624.3851365	True	
1.16636855215	-1.57096856641	2.1355034383	27094.057003	True	
1.1630645983	-1.64038290633	2.24813404506	25964.0818797	True	
-0.436955169368	-1.63665813609	2.19139321373	26565.6064092	True	
-2.11257196815	-1.12272903434	2.43564228222	28996.9862406	True	
-2.16368971563	-1.05445578424	2.33636351875	26051.9867508	True	
-1.48949200504	-1.54666741887	2.26538353219	26023.354787	True	
-1.35585007068	-1.6223444111	2.25051416939	26114.3291236	True	
-2.28526761101	-0.397766941934	2.29967531081	26738.5762182	True	
-0.993932197946	-1.64609593309	2.29459284775	25968.5959174	True	
-0.757143593437	-1.58015113863	2.15134359264	26955.9136683	True	
-1.62247556443	-1.61798825507	2.34745638483	26259.5315002	True	
-2.20164247235	-0.168214799062	2.34325551606	27009.9943831	True	
-2.22106120881	0.671116276616	2.24844444372	26193.45599	True	
-2.24255418412	0.68797645337	2.28852922678	26007.1373474	False	
-2.2430876576	2.69354401836	2.31420152783	26055.7011726	True	
-2.23872585257	2.11061661797	2.28705590569	26010.2268237	True	
-2.17023979633	2.37816424238	2.22194470223	26437.9360195	True	
-2.2683407882	2.18546852174	2.30173743955	26066.0540712	True	
-2.16615929277	2.24514636407	2.19495700376	26637.579611	True	
-2.2225422688	1.54686569227	2.29520265616	26121.0098322	False	
-2.27706126529	0.321839120814	2.3114709021	26133.1576864	True	
-2.15498435601	-0.856376619843	2.29575528741	26037.235678	True	
-0.970878314969	-1.55678637942	2.23827309359	26523.9555389	True	
-1.9546422227	-1.41892460014	2.32246120014	26014.4407331	True	
-1.49496814985	-1.57742977373	2.28115789619	25925.4551921	True	
-2.26177820309	-0.334712144725	2.37814487852	26420.2363004	True	
-2.14447858173	0.162376396789	2.20199915924	26616.352276	True	
-2.18140177452	0.206210034163	2.24940766455	26279.9469917	True	
-2.14257576977	-0.188035283431	2.21494923673	26513.2770164	True	
-1.9837452866	-1.43584972738	2.33213937127	26187.2014458	True	
-2.25141853096	-0.555353189123	2.32703158075	26077.3653619	True	
-2.20385724006	-0.836437701729	2.29009143908	26111.7738563	True	
-1.9337932227	-1.38892806617	2.26762831534	26011.9477835	True	
-1.51284352927	-1.58507591669	2.25583014406	26012.460085	True	
-2.06973173983	-1.32693537345	2.33126948615	26151.9897084	True	
-1.37634017236	-1.58518964609	2.21376239703	26308.830803	True	
-1.67805797476	-1.33971439573	2.12622076666	27318.4462099	True	
-1.76069815606	-1.30348115721	2.1964197954	26764.2588571	True	
-2.23476559192	-0.27520515609	2.26661028585	26206.4000376	True	
-2.22314736872	0.177003753729	2.32194794529	26292.368588	True	
-2.17444361965	-0.803965878293	2.33699013671	26361.3577667	True	
-2.28292085708	-0.246132445673	2.28119355906	26855.0397022	True	
-2.18547555399	0.0212312728299	2.24814413229	26217.4391371	True	
-2.2487398089	0.993688539023	2.3445465888	26290.4884952	True	
-2.14156776292	1.166396752	2.16930603256	26949.3776117	True	
-2.27921320167	0.418676119414	2.35556464021	26155.8315427	True	
-2.22365710041	1.84293455261	2.33263350332	26578.2346128	True	
-2.30274154659	1.96603538629	2.37122665298	26306.0140948	True	
-2.24881875764	2.01817704905	2.32547969821	26089.1748798	False	
-2.25408668233	1.45486538234	2.30048950191	25996.8533399	True	
-2.31958699873	1.47717604962	2.37676522749	26496.4294335	True	
-2.17584659089	1.89905290812	2.22455348699	26394.1621045	True	
-2.24597635163	1.375109316	2.27350751073	26098.5466972	True	
-2.23900921586	1.8319193695	2.26476753117	26127.8280416	True	
-2.29250693059	2.24543496646	2.34000323858	26152.1301352	True	
-2.285453271	2.6870545275	2.34508874912	26109.1626031	True	
-2.27773001633	2.68677863751	2.33977548043	26070.3271355	True	
-2.29413518021	2.54486059473	2.35639544378	26187.2390631	False	
-2.24817019473	2.7600247212	2.27713649257	26081.8991207	True	
-2.33071191549	2.36142363963	2.37035695288	26692.7390754	True	
-2.31306546455	2.07282390082	2.37251914512	26399.6996082	True	
-2.34018236773	2.13204187071	2.36789172471	26941.7146118	True	
-2.30458869256	1.93173151396	2.3598708315	26278.502469	True	
-2.27288474925	1.29132107538	2.35722151428	26201.4614453	True	
-2.29416758939	2.69838971456	2.32723911684	26210.8033382	True	
-2.27287223959	2.23132650188	2.34112099926	26075.4124136	True	
-2.22758947288	2.1848227503	2.26311191538	26094.6796934	True	
-2.25410865332	2.7048491514	2.29601180546	26007.9346987	True	
-2.20520414953	2.68831296825	2.2581437144	26157.0909313	True	
-2.27735457961	1.68446813072	2.28832603165	26304.3297902	True	
-2.24692601475	0.724502550746	2.23008274787	26809.1742153	True	
-2.25621712365	0.286231126278	2.30385850092	26006.9814421	True	
-2.20998613384	-0.773639211092	2.33219000762	26037.8256435	True	
-2.12593100199	-1.28030599853	2.31762818539	26535.3641455	True	
-1.87399321468	-1.5321234235	2.35997548889	26372.3520621	True	
-2.12444150301	-0.736662798857	2.28446322334	26592.8599291	True	
-2.26951206676	-0.0932995221734	2.30721164516	26147.1528428	True	
-2.22153032711	-0.563887807207	2.29388398026	26003.9787584	True	
-2.1839687288	-0.09248739077	2.26860158523	26252.7070882	True	
-2.13471140457	0.700818394078	2.20602901942	26760.4574818	True	
-2.22201628243	-0.149085463251	2.23268514668	26516.7288224	False	
-1.54162575997	-1.50722513896	2.26188871189	26238.593191	True	
-1.58796138458	-1.66890350599	2.35891092266	26690.3593941	True	
-1.9991127933	-1.27672157345	2.27280049983	25956.2669551	True	
-2.19037914651	-1.10191030228	2.32642286804	26367.2031227	True	
-1.51683014221	-1.57730261496	2.27504937888	25911.1460752	True	
-0.358801084871	-1.67566140719	2.28223256915	25917.4667686	True	
-0.119903204659	-1.66306843705	2.26617144879	25908.5309997	True	
-0.255236880271	-1.57175808501	2.19212929721	26401.5830782	True	
-0.339429749386	-1.65664971379	2.25991394954	25916.851302	True	
-1.6258005656	-1.54304589598	2.26821757206	25922.5184974	True	
-2.19121373263	-0.965867084777	2.34901120836	26125.1640045	True	
-2.17609369652	-0.696712970196	2.2706806668	26028.0908431	True	
-2.16842401794	-0.661196925198	2.25577986173	26094.392057	True	
-2.18544641795	-0.792654134067	2.34007706872	26279.3706669	True	
-2.21944059688	-0.464779648018	2.28179277879	26026.3411763	True	
-2.20232632663	-0.253203924664	2.25860062311	26099.4412575	True	
-1.45121744799	-1.64371097421	2.32562305735	26101.2661594	True	
-1.37601117695	-1.63510585213	2.27822558667	26016.9636873	True	
-2.02307191736	-1.16016630651	2.27886753566	26208.4470979	True	
-1.88325792318	-1.37898506163	2.26210784544	25976.0152095	True	
-1.45805491862	-1.50471499586	2.22594333573	26253.3420157	True	
-1.39392594672	-1.59075910481	2.27204463634	25922.7271853	True	
-2.18197205217	-0.539668022565	2.26644319948	26068.0885001	True	
-2.22752875143	-0.433596621929	2.29257214557	26001.4346096	True	
-2.29281806911	-0.371451510832	2.37797406513	26414.8654724	True	
-1.99744948671	-1.14386265068	2.23523439703	26247.7796151	True	
-1.79466317734	-1.41605068908	2.24242995203	26050.0248893	True	
-2.00815161542	-1.31098759686	2.29909593176	25937.2618665	True	
-1.78385294335	-1.51472197353	2.29835504881	25945.4758922	True	
-0.809774497421	-1.61745387528	2.26476217418	26057.1313408	True	
-1.56870969324	-1.5828318584	2.27505675626	25955.206419	True	
-1.55676015618	-1.5758291067	2.30579006022	26003.4038545	True	
-0.696236641179	-1.60137960525	2.25628610078	26231.7824563	True	
-1.1000182225	-1.56410266578	2.20911299871	26213.8177701	False	
-0.239218668092	-1.67776763738	2.27494922693	25928.8632822	True	
-0.43243714664	-1.63805505331	2.27638081882	26043.7315516	True	
-0.178538849705	-1.66690504479	2.28909510507	25946.1529891	True	
-0.680653289796	-1.6625157448	2.26213523746	25944.4072697	True	
-1.23732277805	-1.57554935793	2.22488356436	26075.3015228	True	
-1.0114860513	-1.62630817312	2.26786180956	25934.6238838	True	
-1.87150794975	-1.4344492131	2.30324251502	25969.6464998	True	
-1.97294919285	-1.37039229134	2.31412047769	25972.3576499	True	
-1.73725794877	-1.50890795781	2.30491418215	26003.8768511	True	
-1.57233245322	-1.48064761592	2.22868797559	26202.6474225	True	
-2.03081530755	-1.30411751653	2.35225987813	26321.990285	True	
-2.22943967679	-0.62418974213	2.28396726999	26181.8921296	True	
-2.2105869825	0.272010869087	2.27065543031	26091.1006871	True	
-2.14556145713	-0.941486407059	2.30174989137	26012.897198	True	
-1.96056906376	-1.32058263418	2.27497766366	25953.747915	True	
-1.47106472345	-1.54078931145	2.28059643855	26263.0116685	True	
-0.11862703257	-1.65569010595	2.25369796353	25930.4794326	True	
-0.170695924406	-1.68980071156	2.31457880344	26036.0236577	True	
-0.37906795869	-1.65425399224	2.21779135835	26281.1643387	True	
-0.244649674087	-1.65148867968	2.24322467011	25973.7101676	True	
-0.400210255038	-1.67286958179	2.2620416315	25968.3919376	False	
-1.39652956761	-1.61268129057	2.26631762782	25960.5956877	True	
-0.178125150093	-1.6977073816	2.27655564625	26070.1600819	True	
-1.46181788103	-1.67229722187	2.33317921496	26371.3387832	True	
-1.29781835782	-1.62613889976	2.26561736933	25956.1502307	True	
-2.00521518518	-1.29019116999	2.2858885113	25936.6058894	True	
-2.18774760388	-0.945474726853	2.330902287	26026.2281317	True	
-2.24685253443	0.131155250655	2.26640008082	26234.6378628	True	
-2.2657316953	1.13466019364	2.31838214432	26008.1517219	True	
-2.19926292029	0.996637967078	2.26295805656	26198.4357541	True	
-2.28389479514	1.01349811037	2.36724791863	26251.2144147	True	
-2.24952815883	1.1105184525	2.33109456455	26125.9731316	True	
-2.2769071618	0.736029046017	2.33682079301	26063.1605795	False	
-2.26444405476	1.31692363154	2.32567430395	26018.2365173	True	
-2.24182132496	1.7884979805	2.30354391161	26013.9118463	True	
-2.27424019433	1.99685346238	2.35052342787	26134.9369178	True	
-2.17435980885	2.25412786114	2.24438376803	26420.9845297	True	
-2.28273196562	2.52407982424	2.32516291572	26090.1151004	True	
-2.22232825828	2.65351545904	2.27929341377	26064.7988821	True	
-2.23281313703	2.83252535637	2.27382179137	26047.2334236	True	
-2.30082842442	2.98028105743	2.37430140129	26316.6077014	True	
-2.28489957683	2.74832416454	2.36242865739	26205.9623502	True	
-2.20693603779	2.41402853311	2.2715988408	26162.9794314	True	
-2.27276159314	2.21105324429	2.33214772811	26039.6195772	True	
-2.26240332014	2.16660085791	2.3018988192	26023.8041584	True	
-2.17569720345	2.0997274016	2.23483695539	26381.4804031	True	
-2.28367159422	2.21018677517	2.2975136795	26298.2266549	True	
-2.28344516241	1.66031057506	2.36046868297	26191.6464244	True	
-2.26561892366	1.52701968702	2.28834076424	26141.8138033	False	
-2.2664848461	0.845660404274	2.29184955348	26130.1815511	True	
-2.30526734105	1.34841208427	2.32967085223	26384.7004556	True	
-2.28180966283	1.59510324469	2.32480653132	26084.7315104	True	
-2.26721014826	1.04820362485	2.31910345451	26012.5212204	True	
-2.23303211006	0.831963085434	2.2793803966	26027.9439154	True	
-2.24769835418	1.04130889709	2.32651521968	26100.8137607	True	
-2.24400143733	0.534669768653	2.30047237749	25993.1038561	False	
-2.26168430918	0.591184649583	2.30613297672	26015.7995794	True	
-2.26007501053	0.58035503232	2.30260074684	26019.6006996	True	
-2.22260207955	1.36543538734	2.2988138878	26143.9835319	True	
-2.27984194209	1.14131914858	2.34596865205	26099.1760327	True	
-2.22271246564	1.4835434198	2.28383892674	26068.6442195	True	
-2.24950648329	1.27536559248	2.29199175826	26008.3740297	True	
-2.24936421876	0.78231946403	2.3302072119	26111.8609661	True	
-2.26890580986	0.903288093573	2.34621001058	26117.7184219	True	
-2.22881180722	0.781903852249	2.29209643009	26042.4965959	True	
-2.24624465538	0.507492579295	2.28941864186	26013.6003628	True	
-2.25375697	0.167207767766	2.29443671725	26039.6122703	True	
-2.28284077898	-0.0350516683409	2.36479125981	26226.2607895	True	
-2.22833429249	0.110716765312	2.28443734715	26013.1286633	True	
-2.21533910172	-0.617436911366	2.28999152084	26012.2339818	True	
-2.25900310457	-0.37418026372	2.32089349254	26067.9168236	True	
-2.25655687137	-0.29141894867	2.30650480244	26077.6063179	True	
