Parameter 1	Parameter 2	Parameter 3	Potential	Equilibruim
2.41844027887	-1.93180585937	2.7200943642	46980.1168108	False	
1.56027251513	-0.934084869262	1.86498014418	34628.4564136	True	
-0.36247756583	-1.32583162863	0.971792648164	214681.359072	True	
-1.71811903496	0.489702869087	1.99622303579	30455.8897331	True	
-1.11395200364	-1.29953956041	2.04079456913	28851.9911859	False	
-0.277915897944	0.81226195068	1.85559584828	33858.1215853	True	
2.90367547834	2.05437843023	1.55628266555	78981.6598132	False	
-1.36036941242	-0.155285680701	1.52282152054	91483.8190643	True	
1.77879782251	-1.25884904142	2.64470065394	148918.202871	False	
0.217583436252	-2.96888885552	2.09634997793	234360.209333	True	
-1.01823028704	-1.33510806596	2.04141430191	28804.5503671	True	
-0.106356873705	1.71232369404	1.8969039816	32877.4544146	True	
-2.58401714453	1.3682736401	2.48818481736	47589.3047183	True	
1.79522713384	-0.252313329706	1.77284252006	41114.7836864	True	
1.19575847607	-3.2018578735	-1.37207638356	317495.350816	True	
-2.01225525594	1.18562982263	1.98220950998	32520.2400252	False	
-2.49684283276	2.06831229961	2.61806135144	37664.0473584	True	
0.970752183791	-0.0669054037165	1.64807319899	60503.2710242	True	
-1.66168807361	-0.588006905951	1.93376458753	32261.4714094	False	
2.10203295613	-1.17381600369	1.8633610664	36703.5140463	True	
1.66018337802	-0.258516141059	1.9791189081	35397.7211311	True	
1.07415104846	0.30170918794	2.04369742	45269.8334621	True	
0.757390387356	-1.94880664746	2.77727525941	52976.6100536	False	
-1.81495365668	1.17794302033	2.04673092567	30044.5547774	True	
-2.52880573745	-0.475348202503	1.54751722014	138752.13411	True	
0.505650085233	-1.83809470212	2.2677288607	31839.3681642	True	
0.886969899215	-1.97275727191	2.38979175876	40809.9562915	True	
-2.34193344397	-0.408848204163	2.57378791405	31974.4656216	True	
-0.262706962337	2.41235167552	2.01899196807	41304.5873165	True	
-0.931271770853	-1.08599222393	1.98464800216	30317.4041406	True	
-1.15982608041	0.703151076509	2.07845183239	45296.8991665	True	
2.50430094302	0.179762843866	2.02946426256	42642.9788039	True	
-2.18048042984	0.591767811414	2.42620363039	32665.3278239	True	
-1.11491651324	-1.5013683375	2.22003750833	27086.602062	True	
2.98345438765	-0.414876605423	2.38295532672	164220.090171	True	
-1.71969088659	-1.87034960956	0.98996446756	221277.193571	True	
-2.32336364592	-1.71532923003	2.63437974628	50806.8798552	True	
-1.5146344572	1.7268730705	2.05646861703	36033.3252065	False	
1.20889578702	-1.85814458777	1.67623284208	95452.2774289	True	
-0.90324684081	-0.315777000456	2.23686339199	87160.4072263	True	
-1.12850181418	-0.745539113273	1.92288501527	31825.9684929	True	
-1.77645194768	-0.794303352133	1.47496968743	111141.678933	True	
0.799080148633	1.76757498042	1.50983119708	89683.7827043	True	
-0.593819811237	2.2667877562	1.71198319436	49293.3966039	True	
0.167028723169	-0.610943956077	1.5386591956	85376.959119	True	
-1.9071211446	-1.77546616105	2.22227945577	41392.9921429	True	
-2.25447204849	1.95155307607	2.35220617637	26330.9704988	True	
-2.32920880874	-0.438348452628	2.11251364873	38271.014122	True	
1.90787312904	0.461935287375	2.04604506898	46001.8997343	True	
-2.61297475947	2.51731091217	1.90592706601	96326.3073157	True	
2.27818848809	0.95432435101	2.04500983737	46232.7082594	True	
-2.22056397605	1.84128147538	2.52907076617	37444.8359779	True	
-1.84107648622	-1.368730285	2.1396557542	27970.2356439	True	
-2.13359654535	0.360285861354	2.08053496011	29689.0833667	True	
-1.37422138194	0.707537044662	1.96214714456	32051.1338395	True	
-0.876315900113	1.40004180585	1.83515815791	35310.3658726	True	
0.897350207421	-1.30194583987	2.07509614838	29489.1925719	True	
-1.89854311842	0.464901773907	2.54089415662	97969.4851693	True	
-1.74600040483	1.87549212768	1.99491366686	30376.3325071	True	
2.63502112245	-1.10149252273	1.99248846242	30597.9714017	True	
1.39837275229	1.09292063243	1.67406601196	55074.4030476	False	
1.3902204057	-2.02700009806	2.46417999236	46630.1476265	True	
-1.71951293536	-0.411321042495	2.10363910169	32719.3403913	True	
1.61567625306	1.54186532789	1.79505085657	38055.1736877	True	
-2.14105052277	-0.789063802308	2.79916937051	82389.2936525	True	
1.74566936444	-1.30564816974	1.81499532973	44443.0220823	True	
-0.472853594329	2.55870619204	1.76811512144	41304.8506984	True	
1.09859575109	1.48674958301	2.03932159746	45290.6998709	True	
0.175665224821	-1.02497536228	1.6827699954	59612.5132077	True	
-1.18695958721	-1.67075995007	2.16090094597	29273.0132416	True	
0.146214288381	-1.73220861721	2.28875143653	26497.1326924	True	
-0.881765573707	0.681897275907	2.09201975963	51544.6606862	True	
2.19920375061	-1.20430531394	2.21733793999	45377.3678261	True	
-0.742467314047	-0.45433576697	1.70943285486	51480.6653528	True	
-0.23037846455	0.299624373523	2.01392272464	39982.2249365	True	
-1.65064670755	-1.50567347103	2.45477589746	32760.9109227	True	
-1.4973121277	2.38686033013	1.69316999057	57059.1881197	False	
-1.82197254839	1.30839774685	1.99693185778	30140.4578644	True	
-2.28381803125	-0.375408089558	2.71181608008	48663.2062882	True	
-2.65539741786	0.424729343277	2.29869177739	68871.0762286	True	
-1.3166368151	-1.72105031781	1.93770737723	50908.5431033	True	
2.54137801854	-1.79338353434	2.278257883	28809.4478577	True	
-1.66629112732	-0.978045950897	2.20648832968	35371.527749	True	
-1.01373549239	1.82442537726	1.91819276721	32479.3326335	True	
-1.82299085429	0.375085514677	1.9989750899	30084.7146452	True	
-1.02125718983	-1.88334259154	2.7904852162	53507.4999742	True	
0.416616704772	0.755068265903	2.0335215647	43906.2757503	True	
-1.59847902104	-1.81076165927	2.20161164618	38602.3718907	True	
-0.745259174531	0.868638741778	1.94306940234	33382.7088637	True	
-1.0819152816	1.43257891448	1.71665927696	49863.9029579	True	
0.753384681429	0.269002103623	2.33638512443	156715.16195	True	
-1.7843466116	-1.15349507567	1.97671077749	33518.945256	True	
-1.60522805818	1.27200078951	1.76040951667	47700.7452795	True	
-2.04442791398	-0.479223444542	2.15912508157	27273.4086498	False	
0.64418624673	-0.965591285455	1.81396605948	39511.4889595	True	
1.95693805152	-1.61259624569	2.47989947995	37822.4555969	True	
-2.00915233428	-0.457051972524	1.79386388091	54861.6191388	True	
1.70750617059	-1.6723572657	1.56808185412	101908.562267	True	
-0.0777184362829	-1.73145955534	2.43682241975	28292.5947326	True	
0.449674937327	-1.58149057139	2.23064342914	26500.5770134	True	
1.99961628925	1.68243251506	2.01899022326	41955.1942245	True	
-0.676912937729	1.35737460011	1.98407158182	36261.7784801	True	
-0.323478522728	-0.962195597022	1.82562186358	38467.7083292	True	
1.574136166	-1.9839878618	2.41474536065	41683.3281368	False	
0.961387875507	-0.105203273033	1.76669621795	41652.8315844	True	
-0.364647905001	-0.100700395942	1.95650219201	33862.2652017	True	
-2.33255399543	-0.501659503923	2.39662036061	27301.4157906	True	
1.48512436649	-1.54791034666	1.88638759763	43576.2399423	True	
0.551229994973	0.100773159843	1.87913842395	33041.7521538	True	
-0.348917542556	-1.54075020966	2.14724107274	26846.8159478	True	
0.3049800572	-1.18287531272	2.05118903843	30825.8148128	True	
-1.98267928168	0.458776082516	2.22750425565	32797.509359	True	
-1.78049720627	-0.132097814565	1.92073821516	33474.4116374	True	
-0.350267114724	-0.0200822315422	1.85504566254	33986.7813456	True	
-0.447119344067	-0.0515145826623	1.76193297028	42530.9263073	True	
0.382290559116	-1.32221309363	2.09774836625	29622.478552	True	
-0.780836026337	0.23433598997	1.99372296128	36367.2654676	True	
1.97927173694	2.19991692431	1.82140612851	35790.3097276	True	
-0.74077452933	0.442081841697	1.93633078522	33054.2905255	True	
2.01769812821	-1.67798447069	2.62283713953	46669.4868438	True	
-2.40792749976	2.18346121471	2.53385416865	30548.5248931	True	
-0.68667639219	0.303856288572	2.0022233905	37613.913397	True	
-0.402988886605	1.47791448508	1.93270645216	33387.8585353	True	
-0.950385598464	-1.11551565823	1.73334530969	53837.5526057	False	
0.716874893973	-0.395661798349	2.06575275248	45669.4279342	True	
-1.09547837544	0.529193989483	2.00892629791	36498.599343	True	
2.43360649807	-0.145775963389	1.97310430644	35250.0198227	True	
0.481372268916	1.35440712209	1.95559192466	34885.9756575	True	
2.36145948826	1.06561168489	1.95672515726	34994.441322	True	
-2.1100576244	-1.39772519258	2.41974732368	27340.5518945	False	
2.03376808402	-1.36671801732	2.22136342185	35059.2412852	True	
-0.0804516091179	-1.56702228746	1.80388925472	55419.3014985	True	
-2.35371715582	1.56640360884	2.38416927087	27271.0199737	True	
0.86094373487	-1.85090988576	1.87753343154	65315.7276442	True	
2.50351576521	0.840245624581	2.0069952884	40069.1093039	True	
0.440297524493	-2.23664806081	2.2967015968	88043.4741252	True	
0.92408869749	1.1828989154	1.8674895402	33368.6761023	True	
-1.53714662545	0.70335748505	1.91409163448	32264.7124799	True	
-0.121593366576	-1.66686040344	2.08995893277	31335.5794335	True	
-2.36722147424	0.300754756832	2.49831817563	28847.4996279	True	
1.621993824	-1.53809786289	1.96159561898	35645.4249384	True	
-0.215349434658	-0.369104495805	1.82981449511	35829.7367038	True	
-0.560491560268	0.837665500571	1.69607134297	51910.8390823	True	
0.796763916658	-1.86609556242	2.03499588963	49460.0404641	True	
-1.8960647545	-1.51524253772	2.76387197433	59108.508389	True	
1.58476453807	0.757899587933	1.82502563753	35564.8502673	True	
1.03745319052	-0.889392763651	1.95475092255	31509.2608502	True	
-2.05654034262	0.808383293773	2.37456924521	40117.9335604	True	
0.166570523009	1.8896359446	1.88394690131	32998.335015	True	
2.31097321744	0.727590315996	1.84931739607	34097.5664756	True	
0.892839254636	-0.56704506799	1.57635461672	76689.1292135	True	
-1.1982814944	-1.74550922008	2.40956588168	27532.944912	True	
-0.439444364252	-1.42084366519	2.11393043309	27941.5516789	True	
-0.122379954271	-1.8414625575	2.26666491842	32247.8651559	True	
-0.25351607217	1.13291086693	1.64964962031	59870.6269797	True	
1.9338742529	1.36150493368	1.91718670311	33172.7404345	True	
1.56132113705	-1.42245946687	2.0479039079	28632.7662641	False	
-1.45937093303	-0.527303884402	2.19082570354	51629.5703934	True	
1.69012486308	2.36540655289	1.94717031266	34425.4125946	True	
-2.48497008777	0.752197493909	2.30159936487	40155.6834593	True	
0.458918781082	2.85580890758	1.9213203371	33263.1849231	True	
-0.499173248601	-0.123915789904	2.07416340112	47952.9292072	True	
-1.9723148366	-0.80994507088	2.43592202579	45630.9959892	True	
0.413950136676	2.19951170057	1.75085618491	43141.3671946	True	
-1.30001971761	0.989378005085	1.99320320884	33834.792019	True	
1.43113425323	2.3554528118	1.69125270386	52054.1602027	True	
-0.106230053195	-0.472611843305	1.71157138445	50508.1561191	True	
2.27843925861	1.91222119814	1.5106674302	89457.735706	True	
-1.66883762836	1.73191489926	2.03798546564	31938.5360489	True	
2.80334850959	-1.6013193268	2.34162879716	29035.4121187	True	
-1.52343166057	1.84454984018	2.0786893814	38143.4520467	True	
2.50417940919	0.856561828243	1.76131803701	41818.8856566	True	
1.22871003826	-0.219740368004	1.78327136526	39867.4236581	True	
2.18023885261	-1.67479376665	2.18918573242	27142.7428009	True	
-2.39118056148	0.710954092203	2.27381293954	32108.2601573	False	
1.07498737793	-0.736660600533	1.99097407807	33610.613196	True	
-1.49455639986	-0.202330021775	1.77691199864	44775.4282295	True	
1.29951462285	-1.31612088892	2.08107189825	29375.5301328	True	
1.93136249877	1.43642359798	1.80236322057	37370.264503	True	
-0.830580023517	-1.25474017679	2.13476033514	32036.9974406	True	
0.00845068737227	2.36354280925	1.86370262445	33501.3551666	True	
0.190832703964	1.46366983589	1.8128530259	36514.5638049	True	
1.88884223216	-1.8105038663	2.64264253926	39420.0929793	True	
-0.509923030022	-1.76425998926	2.20448001388	30183.9575808	True	
1.41956437975	-0.969979333885	2.11094169252	41486.5393568	True	
-1.87645883797	0.76793631379	2.09502098462	30090.3579141	True	
-0.367232033724	0.638326881749	2.11157113165	59765.3815482	True	
0.775748664308	0.797313806185	1.95377497833	34715.8992791	True	
-1.44339618309	-0.715801872544	1.94480359904	31300.1875601	True	
0.151326034994	1.20053319905	1.98423432181	37247.2495815	True	
1.53067728798	1.04917926437	1.92692403024	33435.061823	True	
-2.15596901434	-1.196124656	2.45340654966	28060.5566307	True	
-2.27141747388	1.53178664866	2.47368575351	29734.5475903	True	
-1.89087687642	1.9965136714	1.96928360344	31445.6766902	True	
-2.19606667811	1.8845137411	2.3671416562	28598.1984742	True	
-2.10345914118	2.61324536039	2.12472508305	27640.3825452	True	
-2.40938439623	0.576554825857	2.55965878911	31432.1294858	True	
0.0111772819126	2.71655126002	1.82820440682	35365.9477641	True	
-2.07645533265	-0.891711801042	2.01803869813	34575.5887275	True	
0.0793823520496	2.38307555205	1.96232041161	35306.5929057	True	
0.511240035891	-0.999305092272	1.82302058662	38848.8643135	True	
1.40840091689	2.32402612868	1.8461736514	34236.4603513	True	
-1.09374066093	1.75256234535	1.93367218392	32499.6537122	True	
-2.18840432913	1.06756809327	2.21668848425	26418.2172128	True	
-1.07637905072	-0.33757829891	2.08648601677	44347.2287357	False	
-1.72754789679	-1.19092556405	2.33150180265	36943.6434081	True	
0.432450478583	-1.83475618764	2.48668166521	30509.37964	True	
0.48148191228	-1.96749173186	2.58227012958	41315.6733836	True	
-0.949566137755	-1.2554935953	2.18583041325	35222.939262	True	
0.852960593065	-1.39061160765	1.99366440983	30393.0097251	True	
-0.411930675963	-1.59077271033	2.13312017289	27439.5728045	True	
0.473833828022	1.59188985544	1.96299454768	35439.6446969	True	
-1.63033694316	-0.043972209904	1.86896623905	35821.3142061	True	
-1.12656920393	-0.852785414493	2.05506685868	34065.6148729	True	
0.848540729943	0.831480666163	1.95004253638	34491.5238159	True	
-0.898054453274	-1.4740439272	1.94397749457	36161.0332639	True	
1.20789757858	-1.88570226764	2.40499428816	32311.2309581	True	
2.81427883165	2.01590836698	1.87531198488	33164.1695179	True	
-0.794962096052	-1.45942694852	2.0068554084	31027.1805423	True	
-1.25064282328	-1.70185553152	2.49126934542	30396.2799969	False	
-0.00699996322	-0.54184236202	1.90408390835	32381.9611807	True	
2.83834227522	-1.07460968151	2.02817212367	31721.3773787	True	
-0.590695565308	1.33773638906	1.95809377459	34435.6082157	True	
2.86551571897	-1.9239097365	2.48713999203	35448.130656	True	
2.12532570738	2.41080411957	1.87871523852	33095.5981416	True	
-1.14525570756	2.50638090947	1.95601032987	32938.8499485	True	
-0.760609969555	1.82603009529	2.00450533727	38129.4040615	True	
0.917036397917	2.33512263471	1.79974802441	37610.8228155	True	
-0.827782429913	-1.17961396163	2.16245731114	37113.0427572	True	
-0.157009204044	-1.71259695964	2.43461479153	28579.7933112	True	
-0.769595862764	1.8090203813	1.79809237917	38337.535566	True	
-0.2940653329	-1.64423091394	2.39427568153	29199.3943396	True	
-2.06684547694	-0.088116021392	2.16973091664	27351.979802	True	
-0.629037631276	-0.339381261954	1.87611218939	33190.9937214	True	
-1.56094616589	-1.3935409904	2.03834218029	30568.3720729	True	
-0.258350408848	-0.407461506853	1.89237282817	32658.2273281	True	
-1.96313759211	-1.36410575368	2.31574850549	26012.1373247	True	
0.194696984969	1.75972097274	1.85288510428	33932.9620752	True	
-1.35866067426	-1.91652301839	2.47714085977	37568.5713568	False	
-1.92882045474	-1.44357012268	2.21407449434	27546.9032166	True	
0.650333106319	-1.67460412658	2.16085955735	28080.6467025	True	
-2.42286231919	1.25159148713	2.36455003166	31403.2506517	True	
-0.743034526242	2.69613278725	1.96576919947	34680.3677971	True	
-0.24013828043	-1.11507338533	2.01097826413	30570.3037	True	
-2.2628931716	2.42465615759	2.20122554436	28049.1853635	True	
-1.9458061735	0.158235591026	2.12737965252	29219.9861961	True	
-1.82652806416	2.03935882926	2.05711119782	30090.407222	True	
-0.630845239349	-0.875885958939	1.97968533678	31614.5972908	True	
-0.842668332176	1.75574750726	1.85418648539	34093.0789618	True	
-1.22280898626	0.905802210913	1.87130798196	33611.7766164	True	
-0.220759811808	-1.12079047126	2.06730793654	32578.9640553	True	
-1.86732991728	-0.545638919492	1.94402787832	33592.7991655	True	
-1.41879413817	-1.62689543848	2.20942161136	27145.0459704	True	
1.15959399805	-1.03043692958	1.83846335206	37541.100755	True	
-0.935761456781	-1.63549347296	2.27657846023	25942.4177446	True	
-1.66610295074	0.445412241889	2.06164675124	33012.9426212	True	
-0.768768203596	1.15104647659	1.98774049728	36313.6510238	True	
-2.26486383015	2.43647936422	2.19781665611	28242.0123734	True	
-1.52736705833	-1.52187706584	2.28867316555	26449.1710952	True	
-2.02541049585	2.08876749008	2.03548557807	29808.8720255	True	
-2.03448141449	-0.355993740909	2.07477479082	28716.3331126	True	
-1.92310123485	1.89127477007	2.07332091334	29019.650935	True	
-1.52048854435	-1.00579202536	2.12923289627	32361.7952786	True	
0.155869616958	-1.54132823092	2.17134956128	26718.8711621	True	
2.47733949499	-0.636955867627	1.94152762119	32279.9475443	True	
2.16390121821	-1.17117512482	1.95839175761	30790.7450316	True	
-1.67144961444	-1.51750190992	2.20159928845	26692.6586738	True	
2.0591182284	-1.71418521716	2.41484116344	27885.540525	True	
1.96417843189	-1.56715141236	2.05490474527	30060.9761752	False	
-2.18360957667	0.0957935633301	2.4082972198	30886.3022189	True	
-1.13517756939	0.745163183394	1.95271633785	32785.634047	False	
1.70650257183	-1.43081902636	2.06811360356	28208.0748383	True	
0.0100130348932	0.103847947172	1.91245932888	32800.1399709	True	
2.89190870006	-1.64817247854	2.26656025955	25961.8470323	True	
1.29670876338	-1.65846414686	2.44936220213	31813.6719155	True	
1.04954591094	0.221346079727	1.9701213873	35614.0524985	True	
-2.00840862372	2.42010677975	2.06626395659	28672.2187966	True	
-2.29678638828	1.27438320912	2.4374376551	27474.8135808	True	
0.640431464353	2.61508163446	1.9347906064	33758.5087192	True	
-0.318447832791	2.71371138024	1.91421652884	32961.1297623	True	
-1.20253910652	2.34239623368	1.97778425198	33664.748632	True	
-1.67316584992	-0.959226571564	2.07413089298	29077.7171087	True	
0.0976255210688	-0.384807930791	1.85136848197	34316.3962858	True	
2.20394517292	-1.46755661181	2.11921485024	27534.1723476	True	
0.590389793027	0.619392508296	1.87716302615	33110.6355546	True	
-0.026613382757	-0.68439638099	1.87905090039	33187.8430715	True	
-2.26952820779	0.929618951263	2.53258596769	33394.3542056	True	
-2.37720491538	2.45340912633	2.39269658203	28108.1553348	True	
-2.2974978567	0.125587394414	2.50050285647	29732.7312923	True	
-1.62661039331	2.52437076132	1.95333436429	31191.7155121	True	
-1.92386654428	2.2155529755	2.04220848749	29181.8032495	True	
-1.870534567	1.21954393225	1.86928981907	38988.0459414	True	
-1.24577794695	1.98441413086	1.91355915422	32237.035182	True	
-0.744234259449	0.809636885663	1.99040386494	36564.6788841	True	
2.64536738974	2.50401606042	1.94390674629	34241.7377896	True	
1.3939112516	2.62992906244	1.85169959473	33968.2317787	True	
-2.119091418	0.584327312839	2.2168423342	27078.0265438	False	
-2.26536639705	-0.541396979861	2.45694912442	28208.0709262	True	
-0.398302243679	-1.14141358999	1.93765620977	31544.1378976	True	
0.279163937613	-1.44507020438	2.02798369092	29431.6362411	True	
-0.611437682333	-1.50015086135	2.06170848784	28837.0075229	True	
-0.939366852484	0.0792977753782	2.0509550919	42261.1216003	True	
-2.37025923358	0.561336027821	2.28763661486	30120.9623243	True	
-2.31585681207	1.43084871588	2.36094414362	26430.5090262	True	
-2.07721705331	0.252073293054	2.12089388792	27662.0826196	True	
0.636312688986	-1.67608819427	2.37793293609	27548.6898916	True	
1.43545794218	-1.68869030112	2.34422890458	26446.3016512	True	
2.86339925964	-0.455039374141	1.87098000627	33343.9965201	True	
-0.182066751714	-1.70619148025	2.41724684251	28060.0779567	True	
-2.21771006526	-1.41340612205	2.39193662038	30267.6551812	True	
-2.18861572876	-1.12392712763	2.3158600715	26544.4845692	True	
-2.31300618079	2.48784455212	2.18245763948	31171.5045082	True	
-2.24566018147	-1.07603283842	2.31183648358	27744.3935022	True	
-2.22093898122	-1.40500945092	2.34353548741	31117.5131989	True	
-1.46119391536	-1.69987667013	2.4568199181	28523.0934425	True	
-0.146717177892	-0.00307597197782	1.90336043233	32690.752752	True	
0.773603438844	1.01795782647	2.00117188141	39313.6643193	True	
1.07882853093	-1.26550741941	2.00320680178	29688.1854668	False	
2.20040983133	1.11852599707	1.75258267385	42897.1631164	True	
2.91662447747	-1.58847058854	2.22203575554	26340.6475152	True	
2.50098609443	-1.39702118066	2.05551005903	28492.0548965	True	
-1.13934634259	-1.47716402379	2.23629072073	28032.2504252	True	
-2.06950785217	2.59085508147	2.11012995323	27851.7789408	True	
-1.69661967696	1.47717383377	2.07240408037	33270.3983535	True	
-0.456282351239	-1.42652194282	2.21196754756	30617.9984425	True	
-1.45139858052	-1.11801812589	2.10990527984	30276.3536867	True	
-2.28580017318	1.71486038258	2.306257471	26243.35894	True	
-0.840173317868	0.472490028953	1.92485041093	32675.8544581	True	
-2.18156800268	-1.09753273219	2.24097776479	27755.5462684	True	
-1.4915679847	-1.5668102532	2.31141124101	26294.3895396	True	
-1.56504995489	-0.795991412884	2.01432067523	30048.6039257	True	
-1.39314167205	-1.74825436399	2.41305564329	27959.4593219	True	
0.778099176257	-0.644975850056	1.91243299581	32193.4083363	True	
1.75063455543	1.70789991814	2.00624166847	40120.1582105	True	
-2.29655337564	0.82138718719	2.2135700321	28932.1421217	False	
-2.27915444146	0.0319923646631	2.27287539149	26746.8826471	True	
-2.02763165035	-1.20026167124	2.28523305886	26052.4615435	True	
-1.86157752746	-1.45419774486	2.32451233527	26094.8537925	True	
0.0360046552212	-1.28903384952	2.11236751799	30906.7755259	True	
-1.3003442351	-1.52187109166	2.2420853246	26554.6498635	True	
-2.46455671471	-0.64699270461	2.56636379704	35820.9640757	True	
-2.28897769367	2.42259857668	2.42242540056	27211.1696006	True	
-2.10168432989	1.63655533739	2.27633343927	29437.3813517	True	
-2.11582173753	2.17700706162	2.16655272767	27041.5809294	True	
-2.34054940971	1.57892849936	2.33567356548	27296.4020915	True	
-1.19523241187	0.613734676677	1.87766305833	33282.1275739	True	
-1.91826559952	-1.40287887881	2.4910199427	32727.3486434	True	
2.4067767634	-1.47342797858	2.19081731801	28436.4454477	True	
2.43031075135	-0.549451268113	1.87764559885	33116.7463852	True	
1.16981353672	-1.68396611082	2.2077064369	26860.1116704	True	
1.64491173935	-1.51847420937	2.09896969445	27660.8156851	True	
1.76727286475	-1.67162051399	2.19853147483	26831.1538188	True	
1.49065197062	-1.6553015043	2.32418220028	26598.5534959	True	
0.503312062198	-1.68639836476	2.24942858506	26155.2292879	True	
1.10981214489	-0.813166751039	1.94015522728	31726.5995496	True	
-0.221326604436	-1.43549378325	2.199993972	29878.043837	True	
-1.77793908971	-1.36406865195	2.22978262695	26350.0633492	True	
-1.99509116964	-1.31427846679	2.25076393158	26173.2583709	True	
-1.9487635189	1.97131396715	2.09182764143	28816.3532143	True	
-2.29576574869	1.38598268316	2.40965184451	26813.3961918	True	
-2.09011353341	1.14749115168	2.13198284145	27491.2939216	True	
-2.24069652183	-0.792487135351	2.20656898526	28972.7561299	True	
-2.22853987626	0.228112089991	2.26886317256	26070.4124259	True	
-1.12621585908	-1.48891932112	2.1999161942	27001.8205477	True	
-2.28049985602	-0.451125545279	2.31193159758	26511.8261623	True	
-2.16438881566	2.9739699249	2.18580801103	26752.6400117	True	
-2.28418235961	0.426865120371	2.32455194496	26136.1346896	False	
-2.15405877356	2.50027651005	2.15898655094	27183.486614	True	
-2.05647021601	1.02835755106	2.10159612453	27999.5916782	True	
-1.20980597012	-1.58800867291	2.35322348328	28016.3088242	True	
-2.06793188221	-0.900264702307	2.34419460774	29163.4903444	True	
-2.27381301697	1.15591435144	2.32865554895	26037.1020297	True	
-0.287203619693	-1.66923704474	2.33042384335	26388.404412	True	
-1.90842899726	-0.274437972456	2.07470227616	28781.7474452	True	
-2.35449282541	2.72470032808	2.40811755672	27263.3822062	True	
-2.20334652275	1.72593670753	2.33644488197	27240.3396011	True	
-0.41924982541	-1.54703307292	2.2606821369	27824.6597373	True	
-0.921713538317	-1.61999792947	2.20242380059	26364.9578792	True	
-2.27276929144	0.429472359235	2.30522962734	26116.0200459	True	
-2.05279235503	2.98966297874	2.19477173677	28452.9648278	True	
-2.18925869957	2.27081589198	2.17537266381	27160.1952907	True	
-2.02025598902	1.60298603297	2.11863316655	28034.4079932	True	
-2.31659988537	1.0316582619	2.35753639853	26457.2324337	True	
-2.33795963047	0.670906356908	2.36791464611	26921.9628631	False	
-2.14782397192	-0.851611959557	2.35297448511	27082.6010918	True	
-2.00349774799	-1.35799976615	2.43741573517	28598.9676338	True	
-2.11593746559	0.554064712627	2.20696125315	27032.2024971	True	
-1.81040801327	-1.01454773936	2.12360293763	28014.0689432	True	
-2.22221911137	2.00730044663	2.2400355607	26282.6575032	True	
-2.10018472103	2.518048763	2.28569574474	29963.3469424	True	
-2.15509580356	2.1490449044	2.18446750447	26758.3897855	True	
-2.21882955829	2.54729249123	2.42429126116	30056.1600489	True	
-2.23678290169	1.89211762097	2.32172490266	26182.4188193	True	
-2.11721186087	1.31751933961	2.27796585463	28760.9880003	True	
-2.22969859546	1.73599003416	2.25027226673	26213.5842199	True	
-2.2911205	-0.638207506088	2.40597428895	26768.9133207	True	
-2.03584791666	-0.687575757497	2.19750591958	27202.9435566	True	
-2.34586905234	-1.06672885533	2.48443820555	30467.5533516	True	
-2.27564807088	0.691373044879	2.4050552046	26989.4022838	True	
-2.21982240052	1.86326574232	2.26133101851	26100.1403397	True	
-2.2455315497	-0.555938835347	2.40426383115	26994.9557882	True	
-2.31096829321	0.444065201057	2.28115072248	27392.2601456	True	
-2.07701731537	1.6933756652	2.15957229872	27415.5290436	True	
-2.19229268474	2.28158849946	2.32669366008	27353.7565739	True	
-2.00494635656	2.14420876831	2.13955822493	28453.9372554	True	
-2.31708071313	1.0936201073	2.36546815554	26452.147265	True	
-2.2950660835	2.5817731008	2.35420875559	26185.6762317	True	
-2.18427070957	1.12401884714	2.27464550028	26501.5830591	True	
-2.10275495961	1.60277960559	2.20251182352	27303.8772671	True	
-1.18593261415	-1.62900281502	2.27184451638	25908.4198111	False	
2.90395331631	-1.64673305366	2.32404402796	26788.3132191	True	
1.80853886767	-1.58208831268	2.23848724963	26605.294581	True	
2.87399921298	-1.78799624482	2.33446444719	27599.1334476	True	
2.03240872903	-1.74481364001	2.3314158647	26469.6223339	True	
1.86471017838	-1.71686844561	2.28578059949	26210.3609089	True	
2.71873255674	-1.6001953352	2.15922553741	26787.2917307	True	
1.52571072461	-1.62227437361	2.19120231622	26367.8722006	True	
2.52445021592	-1.56156129158	2.20090538355	26582.5177971	True	
1.31677060179	-1.42751514535	2.15041690149	28605.5601036	True	
2.30162148826	-1.67718073604	2.29170634738	25938.7935261	True	
0.866336895864	-1.65710971299	2.23230681548	26065.4357877	True	
2.88909562877	-1.64545573426	2.21473851668	26186.3143155	True	
0.116181847976	-1.58640907402	2.17517094413	26482.3931243	True	
-0.649634841739	-1.40132935693	2.03810193178	28921.385916	True	
-1.17474175431	-1.6391439044	2.30938435369	26043.0550683	True	
0.275568733544	-1.60449833628	2.20303346295	26214.8562238	True	
0.955420134313	-1.52626344175	2.11739464341	27293.5740917	True	
2.70094614973	-1.75537080415	2.35379702773	26683.6637659	True	
1.63676223189	-1.72686733826	2.24136291754	27132.0556466	True	
1.33542801439	-1.65662647675	2.20551504978	26441.6434601	True	
2.95716065714	-1.62847120089	2.16180785647	27041.6933389	True	
2.60795896991	-1.34529667858	2.09963030232	29238.8507013	True	
2.03087314518	-1.66504603842	2.32042095366	26352.1018202	False	
2.3986174225	-1.55167520212	2.25902103818	27916.2324919	True	
0.336551054695	-1.61827227266	2.23975705444	26082.3096168	True	
2.08201181658	-1.67325537665	2.2207967856	26389.443021	True	
1.70125984256	-1.73536653171	2.37957377266	26778.8328771	True	
1.0342103256	-1.51937657933	2.14350051352	27001.8791372	True	
-0.912543104416	-1.59611992826	2.20531927911	26203.2053018	True	
-1.98877276617	-1.24989999201	2.34743698972	27266.5727419	True	
-0.235174122462	-1.65498868254	2.27447552246	25930.8917188	True	
-0.0905589129256	-1.47243830209	2.130445229	27429.6519618	True	
1.58423553479	-1.59334395348	2.20512393063	26260.9651104	True	
0.906844244995	-1.64607549648	2.18115242827	26819.0770485	True	
1.79448178363	-1.53304152696	2.14156682118	26944.8144698	True	
0.732133223427	-1.59211741989	2.17953977293	26432.4679719	True	
0.741567365674	-1.64565605694	2.29008374526	26177.5422548	True	
2.0329616542	-1.63499174614	2.23635523641	25997.0826696	True	
2.99897323774	-1.73656793533	2.31388672305	26366.8730094	True	
2.3008682032	-1.5851846209	2.16759737289	26573.5004687	True	
2.70927134112	-1.71105075894	2.34334482739	26279.4430956	True	
2.0713325011	-1.64087124497	2.24796493393	25962.8599505	True	
2.76127193754	-1.46924524392	2.14309126348	27601.790922	True	
1.55893020134	-1.71077046225	2.27050285517	26256.8140619	True	
1.49135615598	-1.73016826619	2.34304978066	26329.5443127	True	
1.57154777431	-1.37545361667	2.1098427527	28855.1873271	True	
0.0112487896124	-1.68168266168	2.23470014615	26318.1793777	True	
-0.978465458655	-1.64553699559	2.23415028203	26165.8225772	True	
-2.2362667887	-0.407791597116	2.29259020885	26038.430313	False	
-2.22074305066	-0.600016557985	2.36307317311	26467.2538033	True	
-0.593724900687	-1.70289881484	2.2709439907	26276.359308	True	
-1.66847237414	-1.55565851835	2.22887762501	26573.6460263	True	
-2.17418382142	-0.823646795909	2.2509628254	26242.3038025	True	
-0.889505875238	-1.66857272057	2.2792537428	25946.6025623	True	
-0.393113149494	-1.60863898581	2.26907209868	26388.1901655	True	
-0.256047639913	-1.51418461842	2.20175966574	27387.2913553	True	
-0.920034407517	-1.73358690239	2.27105394878	27272.8786893	True	
-1.97886343299	-1.39811427912	2.30411201801	26027.712731	True	
-2.2074262241	-0.323437172735	2.33526554088	26531.4224457	True	
-1.57126398021	-1.42032486447	2.18260517281	26611.3017403	True	
-2.12329918108	-1.20594567041	2.34293798827	26109.070792	True	
-0.435141677116	-1.70283242725	2.33741601684	26211.6448611	True	
0.0547115354591	-1.66353229286	2.29351549671	26003.620961	True	
0.0610734864478	-1.70233475204	2.35716442817	26516.8688424	True	
-2.09910126108	-1.01698308599	2.24822866964	26094.8105089	True	
-2.26282264037	-0.866427276561	2.37856184245	26569.1873255	True	
-0.946836067863	-1.61013784426	2.2303345064	26028.5171061	True	
-1.70976947736	-1.34046415108	2.26356342839	27986.3238276	True	
-1.87835336892	-1.45948466418	2.26393532793	26170.7676981	True	
0.881702883077	-1.49057912456	2.15830671608	27376.1725932	True	
-0.00337427380689	-1.63337705475	2.26104404638	26027.9435711	True	
-1.07731076658	-1.54815274888	2.14497704457	27028.2939919	True	
-2.04659725251	-1.24533603847	2.24239241655	26358.1877683	True	
-1.40688796718	-1.64979226289	2.34717344965	26271.3409853	True	
-2.18038755493	-0.791088171761	2.26341823977	26111.9022443	True	
-1.86383544791	-1.41784496714	2.30640005564	26099.6847114	True	
-2.22768866846	-1.08083497107	2.40525553489	26856.0812751	True	
-1.39593442529	-1.58741776993	2.22897493361	26141.1303005	True	
-2.19580721139	-0.510895245059	2.31179510461	26189.3950313	True	
-1.5481672592	-1.62434795762	2.33497616151	26145.1007837	False	
-2.27467252426	-0.17293292766	2.36652888329	26241.2403542	True	
-2.25971136847	1.1073158825	2.37601678555	26658.7491463	True	
-2.3024848752	0.129608186007	2.37504485538	26366.8848444	False	
-2.27817891039	0.806753296952	2.37636768162	26395.2654902	True	
-2.26357033118	-0.943742740009	2.37807544418	26782.9031509	True	
-2.02577464023	-1.24443768296	2.28073529044	25949.6792331	True	
-1.84070486453	-1.49067261124	2.32939381668	26067.7617498	True	
-1.35124206218	-1.53469133912	2.19400655718	26329.6500218	True	
-2.2317868422	-0.664241176146	2.36305832807	26277.6615961	True	
-2.25789607986	-0.520887645006	2.31798309402	26148.9988024	True	
-2.20001879144	0.320989793002	2.27778798385	26213.9582993	True	
-2.2281610072	0.905602173317	2.27827731111	26036.9505467	True	
-2.15147842745	0.0829985709439	2.18733740631	26715.7046229	False	
-2.1552610441	0.685088101813	2.19759294676	26622.988755	False	
-2.22977054693	0.702857018194	2.30876737666	26123.148863	True	
-2.18547418481	1.05720052396	2.24706981291	26295.0031811	True	
-2.2741885033	1.06271167708	2.34581545171	26099.8117951	True	
-2.30426260975	2.535114941	2.30099212732	26696.3828628	True	
-2.24194561145	2.58707773427	2.31233516262	26052.9779993	True	
-2.20770092191	2.82464011202	2.26474911545	26141.9872667	True	
-2.28573979975	2.2849756901	2.34193213533	26103.4745516	True	
-2.25809799354	2.46081101226	2.23444671238	26911.6279074	True	
-2.05909368294	2.71430826689	2.14105106473	27613.2219594	True	
-2.1758108985	2.09722931499	2.18687981975	26783.4819652	True	
-2.23963366033	1.66349624671	2.31482117209	26087.3131736	True	
-2.29115068597	0.940263771487	2.30089266474	26412.9476074	True	
-2.23522768643	2.35688261102	2.31585667589	26144.0243829	True	
-2.26105443408	1.66961372298	2.3350337391	26076.2163206	True	
-2.19672009	2.02176055969	2.29234550261	26499.9056248	True	
-2.16480477778	1.21140892767	2.2393488242	26516.3601571	True	
-2.25094259255	-0.158307558404	2.31568742845	25997.8089073	True	
-2.15186311396	-0.800299787731	2.22231520681	26440.7975099	True	
-1.73579186357	-1.64277682116	2.35930950352	26917.285646	True	
-2.03389839439	-1.17491636696	2.27591208488	26049.3759635	True	
-2.13587780215	-0.879537915339	2.32282555994	26540.8274	True	
-1.38358322998	-1.63539649993	2.35666506162	26518.7915379	True	
-2.15684573485	-1.07333744642	2.32233601622	26009.2958017	True	
-2.10533315707	-1.09418361434	2.2731019743	25992.644855	True	
-2.01788369217	-1.37125912608	2.33055476746	26069.0699644	True	
-1.47642339458	-1.62108074464	2.31670262047	26017.6417338	True	
-1.20976114272	-1.66037396897	2.31551981349	26025.2914047	True	
-0.227232256451	-1.69189146467	2.32728276999	26141.4300073	True	
-0.62136375038	-1.63377734402	2.2568698475	25952.5259547	True	
-0.29589420104	-1.62735939548	2.25057903573	26010.6911621	True	
0.811904038633	-1.61970619797	2.21477611126	26117.0878476	True	
0.682377409244	-1.66965688348	2.23687430587	26116.2578192	True	
0.610316102712	-1.6644163396	2.29751839015	26045.3281609	True	
1.00529970472	-1.65794366375	2.29931302199	26135.6964053	True	
0.846623161049	-1.71226876302	2.33423372888	26187.1194527	True	
2.19406472331	-1.55736170308	2.22246299911	26887.4946177	True	
1.79170835934	-1.69965119383	2.31270780928	26025.0212511	True	
0.195950346759	-1.62747826326	2.25859810684	26081.0163745	True	
0.554321182551	-1.68267832719	2.30974899425	26031.9259887	True	
1.11901670836	-1.6923031151	2.27172261444	26011.2227498	True	
1.79374789198	-1.57341154552	2.22658120593	26618.1317016	True	
2.49652828446	-1.67932408532	2.28801428403	25923.4785463	False	
1.64331664103	-1.76137909901	2.36755415082	26855.6448331	True	
1.72013484372	-1.65397012407	2.24139033684	25977.2069734	True	
2.22329982515	-1.65431670973	2.25409945815	25927.2736884	True	
1.53025710554	-1.59157846844	2.20996697189	26270.070489	True	
2.88886062987	-1.66108147243	2.28062716881	25949.6289399	True	
1.98905170247	-1.70741463273	2.33338093345	26177.8037117	True	
2.28121158802	-1.66626892612	2.2943817496	26007.7384177	True	
2.49631105787	-1.63300742762	2.24515042043	25998.1765769	True	
2.31316181032	-1.72531575597	2.29552570518	26274.4616024	True	
2.58605099684	-1.68310911729	2.32609975613	26216.3975378	True	
2.88962683278	-1.68667892465	2.29844995509	25954.4253025	True	
2.04164742048	-1.67041182226	2.23573390039	26131.996741	True	
2.33720038909	-1.66408103137	2.29653204974	26044.4700252	True	
1.27851884551	-1.64719107659	2.23277550217	26016.0784605	True	
0.32172955041	-1.6486583933	2.29359115465	26169.7043918	True	
1.47604042802	-1.73599085036	2.32115444777	26339.176108	True	
2.95827103064	-1.72569566448	2.27047188864	26548.1646407	True	
2.82678639311	-1.66621331748	2.2710309337	25906.5968483	True	
2.71497809755	-1.72763911344	2.32279396435	26227.9011676	True	
2.85411620587	-1.66881887339	2.25600335231	25945.6527828	True	
2.73529563703	-1.6442434819	2.23832251612	25979.5425661	True	
2.56689937331	-1.69646669929	2.23825485314	26465.4581268	True	
1.57553036407	-1.64762654377	2.22107658479	26124.7624001	True	
1.48916405017	-1.70930563746	2.30423630139	26049.2514666	True	
1.42488089086	-1.65487279635	2.20650414493	26401.635037	True	
0.236208932338	-1.60474081079	2.22499506962	26160.2069997	True	
-0.2986720606	-1.68481548205	2.29756886789	25951.9375289	True	
0.282130323006	-1.64454008703	2.28549258987	26125.6165005	False	
0.0339316377692	-1.63896157196	2.27448312167	26069.8484218	True	
0.386435829512	-1.67905012084	2.27616877563	25918.8727515	True	
-0.484921702423	-1.64240613872	2.2373272602	25996.8488829	True	
-0.525714195147	-1.67356551188	2.2869478572	25921.2976691	True	
-0.659484832347	-1.61713371576	2.23825795764	26015.2644328	True	
-1.49112794052	-1.5948705519	2.26006330105	26007.3824188	True	
-1.46238011136	-1.61070235376	2.28527494713	25935.8856867	True	
-1.13180762288	-1.68133521681	2.38044035533	26861.4060937	True	
-2.18469905851	-0.703353630995	2.26541572186	26064.8084698	True	
-2.24641120942	-0.520764575977	2.35727460136	26193.2010961	True	
-2.24949689203	0.756288600817	2.31101815202	26000.4751727	True	
-2.19962992811	-0.713377218154	2.29062381747	25985.6674574	True	
-1.64844184109	-1.53135258224	2.25759712256	25956.5618236	True	
-2.12550100492	-1.11265879336	2.286514369	26023.3306791	True	
-2.28260928635	-0.363863158775	2.36318705607	26263.2661444	True	
-2.2776489245	0.153129377942	2.28056683029	26529.1589628	True	
-2.24773098038	-0.734899488936	2.34359058914	26165.8896665	False	
-2.16191806699	-0.825135708711	2.25468894245	26118.6139532	True	
-2.18553979782	-1.03622512581	2.32777080154	26102.7977877	True	
-1.73170762814	-1.49596357651	2.27340347192	25925.7271358	True	
-2.17516596637	-0.472341088716	2.27158217546	26154.107911	True	
-2.28880879284	0.0250550085497	2.33064433637	26224.4811091	True	
-2.22859309558	-0.0575677416625	2.33895308553	26371.6299377	True	
-2.22760807151	1.1399584823	2.26262385197	26098.5111383	True	
-2.18830614763	1.62981642161	2.22416511567	26351.9713453	True	
-2.22546615639	1.79680579759	2.25593098335	26139.3454504	True	
-2.25895034264	1.66087528929	2.35028731377	26245.5484381	True	
-2.24420250387	1.09853263059	2.29188380401	26000.6091079	True	
-2.25535606729	0.691799836378	2.3045364209	25995.3229476	True	
-2.25731035899	0.512026905479	2.31090061271	25994.9617536	True	
-2.21150389021	0.277273560156	2.24422982751	26205.749385	True	
-2.15540095471	-0.659688734404	2.25589980431	26132.5810916	True	
-1.96157930864	-1.37084283272	2.29893684908	25934.4012653	True	
-0.769939928701	-1.64840846552	2.29559061143	26033.2419273	True	
-0.457777493485	-1.66571724163	2.28883003365	25936.1651981	True	
0.52341694681	-1.71385717441	2.28220680871	26203.0811585	True	
-0.775921806769	-1.73213802972	2.36522219367	26618.6925009	True	
-0.69656478853	-1.64754018713	2.21220640519	26380.6330298	True	
-1.53525025685	-1.57474546939	2.30366931598	26022.6685383	True	
-2.23757084257	-0.595256004068	2.32831444353	26025.224085	True	
-2.19637074865	-0.627949489725	2.31496284194	26097.2729711	True	
-1.99050232909	-1.10774438551	2.19679907214	26486.2428	True	
-1.22783207108	-1.63290179956	2.277315873	25912.8450853	True	
-0.987548933344	-1.63760182391	2.26126493	25918.1879584	True	
-0.11604068232	-1.69441214531	2.25150967956	26277.8481675	False	
-0.430815697872	-1.66757606565	2.27825151811	25908.2728681	True	
-0.698766496591	-1.62584726651	2.26420408624	26014.6435066	True	
-0.264260043955	-1.6882105032	2.30240874944	25970.7655696	True	
-0.255114684959	-1.66654220503	2.28225226708	25917.7926085	True	
-0.181767255669	-1.61542195722	2.22416959121	26079.3372214	True	
-1.009102473	-1.61769683327	2.28947198374	26165.117623	True	
-0.555618673572	-1.64809505957	2.26325734463	25916.7677379	True	
-0.193052686666	-1.61769779995	2.24595916537	26082.8101834	True	
-0.607083395549	-1.65947962335	2.30315506537	26055.5855536	True	
-0.25408156344	-1.63438946803	2.2277164591	26037.1341961	True	
0.779498613649	-1.64548274236	2.26064125113	25955.3223994	True	
1.78698734728	-1.62891927616	2.2396281882	26016.8426178	True	
2.26157089088	-1.70379546242	2.31826917226	26061.1140946	True	
1.80303045923	-1.71749798162	2.29393021694	26165.8951819	True	
1.57491886099	-1.65014259305	2.27315893827	25979.8217936	True	
2.25442726931	-1.69818962902	2.2999481274	25980.6634867	True	
2.39345611303	-1.68331825289	2.26650416645	25968.9520662	True	
2.91637551234	-1.63520979772	2.27280083423	26129.2609547	False	
2.63471215656	-1.64450092369	2.26853042069	25998.1164306	True	
2.35064542958	-1.67192898065	2.2482780845	26015.8322363	True	
2.00613800075	-1.72657432621	2.31936733797	26213.9535064	True	
2.04779852925	-1.66034360113	2.23209123958	26087.1779839	True	
2.65487716565	-1.63973012147	2.26443712368	26015.1424373	True	
2.53047290261	-1.61036697712	2.24105040697	26181.6377889	True	
2.50308162249	-1.70121242846	2.28789926262	26011.4278186	True	
2.63605205663	-1.66602992065	2.27851432876	25920.1065061	True	
2.3382433891	-1.68909740638	2.31101827366	26021.1851735	True	
1.97235993812	-1.66646901155	2.27412189578	25909.255268	True	
1.23932132302	-1.68570221023	2.28186870815	25930.8153236	True	
1.12674630279	-1.70089390735	2.30559759884	26002.4950747	True	
1.59815957827	-1.67564682783	2.28297123828	25914.1111506	False	
1.86670534415	-1.61837468091	2.22419201561	26083.3376609	True	
1.62745940869	-1.68834746716	2.31231796421	26033.1133227	True	
1.9851473692	-1.66185974454	2.26021426131	25915.0243954	True	
2.57294034297	-1.68479258046	2.28793674426	25927.2125755	True	
2.37680627795	-1.65592972441	2.26798936619	25926.784547	True	
2.17530988547	-1.69777606889	2.29581731277	25975.8125901	True	
2.37808391944	-1.68683283223	2.28683157958	25931.4338464	True	
2.92822028993	-1.64781694358	2.27598599575	26018.0392595	True	
2.95957126627	-1.63332958174	2.2305487558	26019.7047356	True	
2.42979988667	-1.64038150066	2.25192832439	25967.0424749	True	
2.94777999454	-1.66890181045	2.27899097381	25914.2009988	True	
2.88016436812	-1.7116849941	2.30999178708	26068.9587375	True	
1.98901144464	-1.65851745882	2.23609411929	26035.8277173	True	
2.25128325626	-1.66600119589	2.28638352578	25954.1688407	True	
2.18639951982	-1.62997187776	2.2481892898	26023.8756737	True	
1.52371404917	-1.64467652906	2.22692740415	26053.7986919	True	
0.968595591364	-1.65481180023	2.25484761552	25925.4858929	True	
0.869344820007	-1.67550513966	2.30987374875	26080.4424307	True	
0.918159443103	-1.65720901053	2.23421792056	26047.327882	True	
0.995581235118	-1.68332706076	2.28111404722	25923.7176524	True	
1.29827723347	-1.66537227747	2.23224714005	26127.4570496	True	
2.16470354403	-1.73743017794	2.3460462093	26409.8698726	True	
1.73669880534	-1.62659035365	2.24930704101	26055.3273524	True	
2.48727212708	-1.67906467351	2.27387653896	25919.7263379	True	
2.95225053942	-1.65871652346	2.27464593247	25935.1520048	True	
2.74832775442	-1.7009131616	2.28637630143	26014.0981896	True	
2.90578279817	-1.63587422119	2.23082408298	26015.9310524	True	
2.87959063037	-1.66089392062	2.29056768923	26018.2768628	False	
2.17818839161	-1.65527210633	2.27377813467	25949.4831174	True	
1.48674676946	-1.68831169062	2.28495973042	25937.552487	True	
1.4276844356	-1.68582225992	2.30736734224	26004.0613227	True	
1.57389101288	-1.69396376068	2.30598193352	25987.4092754	True	
1.62716487842	-1.62649248704	2.23442391229	26030.5834527	True	
1.0283804436	-1.66542577372	2.25222610547	25953.1048301	True	
1.1908290901	-1.68014203048	2.26429129782	25961.2799476	True	
1.42657263872	-1.67619608933	2.26513199082	25935.6814816	True	
1.95738134241	-1.65394145619	2.26778263002	25934.544164	True	
1.25260943211	-1.67733709568	2.25731466403	25985.7414781	True	
1.39441185144	-1.65800101219	2.28006884698	25964.3546203	True	
