Parameter 1	Parameter 2	Parameter 3	Potential	Equilibruim
2.34609816728	1.53392765066	2.0669079159	50854.3394405	False	
-1.78285355572	1.58612664117	2.32299001039	65103.3018708	True	
-0.860156659441	1.1936840645	1.60801471874	69145.9868502	False	
-0.677590998317	-1.88389576507	1.32827313104	160254.290245	True	
-1.09796905908	1.91044834604	1.81354064252	37504.1703408	True	
1.94803398681	1.34724306064	1.48690898986	95098.2475612	False	
0.051874648937	-1.14464050557	2.15051232905	39417.476369	True	
-1.27182154655	0.399276476017	1.85610286607	34671.8183757	True	
1.76277525527	1.33807487264	1.68725565044	52751.5880501	True	
-2.30034783811	-0.799909667978	2.44332151831	27515.7968337	True	
-2.04312940615	0.784850804853	2.2025761574	28925.5137818	True	
2.92421873271	0.763824213732	2.12762209963	66422.0807358	False	
1.39676776605	-0.23336481164	1.87228878162	33236.480788	True	
1.56662091981	-1.06782311399	1.77970344561	44788.6363826	True	
2.14935195332	-1.36990745101	1.61107702105	80714.1377774	True	
-0.698106034666	1.29325159557	1.86857916413	33388.0487835	True	
1.58735294608	1.34588738423	2.03824395847	45099.9980314	True	
-0.114975472489	-2.15061381507	2.66320254642	67975.6579461	True	
2.08970627982	2.26805762727	2.00620381074	40136.1842872	True	
2.58352767655	0.676818498459	1.92540821351	33338.567271	True	
-0.513428563968	-1.84235720948	2.31209371129	31138.1731875	True	
0.516817273949	-1.75187076272	2.08812644599	35702.9252179	True	
2.95830071506	-0.194648190475	2.10959321618	57244.7572802	True	
-0.388123772065	0.828233246623	1.75451065456	43003.2803881	True	
0.429044001661	1.13188468636	1.98387694488	37285.1989037	False	
2.209421504	-1.85972893019	1.9172643818	61273.5156645	True	
-1.54640095233	-0.336124579341	2.14219109046	42520.0963726	True	
2.07595534069	-0.669347157445	1.92034440684	32092.8757467	True	
1.77110488735	1.60871922187	1.9921631634	38344.2900924	True	
-0.787695348398	1.75997513078	1.81468666669	36812.8029515	True	
1.8108807574	0.087726519092	1.83447003583	35045.4461787	True	
0.504537658101	0.84442531601	1.61032238181	67457.6866351	True	
1.90102973101	1.41679001899	1.5764852149	74532.7540591	True	
2.61669989808	-0.807079107737	2.05207956512	38010.1454374	True	
2.14033631133	-1.77142023687	2.3173938157	27199.206221	True	
-1.59024992165	-0.627865227377	2.06252034991	31764.2688112	True	
2.33800043667	-1.36395428056	2.38328340158	56100.4766659	True	
0.367332757855	1.146032124	1.59511636773	70619.5273921	True	
-1.54258667931	-1.72764420404	2.46188763617	28840.9904566	True	
1.39756982935	-1.42413473668	2.17123473573	29359.0692125	True	
2.12305413042	0.265071044836	1.62975524093	63696.5342771	True	
-0.953921176769	0.419735348704	1.6803957453	55643.5075647	True	
0.427622087145	1.7935450619	1.87186693896	33245.6013369	True	
2.06184550475	2.25299589695	1.80775008828	36884.5274486	True	
-1.08361751633	1.59083951227	1.81673040452	37174.4362047	True	
1.5572907577	0.816028280864	2.15364372432	74922.539073	False	
1.68856876479	-0.222931469738	1.70311332999	50981.0508868	True	
-2.27457052256	0.387274804087	2.32435405493	26055.2299894	True	
1.26470490846	1.78461842238	1.89311700697	32936.1751356	True	
-1.22111166598	2.2778059416	1.88953925713	32818.0140935	True	
-0.0596649483318	-1.57755230402	2.00847497951	33403.7135839	True	
-1.27122480587	-1.49048860953	2.47269473117	43129.318641	True	
-1.96948524202	-0.73262279846	2.17187812855	27865.8745054	True	
-0.095009769192	1.32288545719	1.76683395459	41264.010259	True	
1.0959240052	-1.41982586555	2.04630060782	28668.9704818	True	
-1.74272735252	2.62453097137	1.93276968304	32154.848283	True	
-1.94123118484	1.14096238306	2.10836464565	29141.5324711	True	
0.0376572059005	1.29599648313	1.89896213127	32887.4770679	True	
-0.0595544146638	2.31276829807	1.77120526098	40717.5198507	True	
-1.98608033259	0.137717803015	1.98535648776	31995.4009375	True	
1.68325267468	-0.131099300539	1.94084066923	33396.7548114	True	
1.90783795769	2.49154330631	2.01571515868	41486.4605128	True	
1.13671073394	-1.93787721593	2.67278789729	43633.1286999	True	
-0.0159229866309	-1.42052347099	2.2270576509	32175.1002898	True	
-0.808602296079	-1.66945459745	2.33570441805	26323.9191052	True	
-2.22011293718	-0.850168515096	2.34002920026	26087.6807428	False	
-1.01071087902	-1.77645402804	2.07700810545	39752.9571319	True	
-0.629266589181	-0.8202476207	2.06544144468	37955.059363	True	
0.985930187684	0.924280984609	1.79838055249	37773.1623609	True	
2.3731934028	-0.878622104775	1.79632849892	40776.3247749	True	
2.39631071713	1.16057706155	1.61996071206	65386.7194316	True	
-2.25635348691	2.15724763898	2.62629413342	43516.128124	True	
-1.77408332469	-0.120763882616	2.23900179495	46676.6581028	True	
-0.97130350142	1.4157745248	1.9252133744	32591.3725062	True	
0.383461245344	-1.31433997571	2.03588213064	29086.581428	True	
1.60836115298	1.56983747183	1.59788337125	69934.9269346	True	
-2.36430443013	1.35955181466	2.27929084438	29947.2232004	True	
0.0137494608778	-1.24534697998	2.00074530804	29769.396095	True	
1.56843078462	-1.83117243769	2.60451914541	36099.2291947	True	
-2.44608497382	1.25545614494	2.37819844544	33000.256502	True	
-2.19697599483	-0.0707140976857	2.33194149848	26953.5419642	True	
2.70650797498	1.51935500421	1.92757904136	33485.8614623	True	
-0.824181479973	1.39267759947	2.01654306985	39271.5812842	True	
2.56046587702	-1.0983332382	2.02443101443	31257.2706732	True	
-0.037205005402	-0.0133020999422	2.01599626681	39791.8661601	True	
1.76245652848	0.957274343285	1.84679949884	34215.6821637	True	
1.04724201992	-0.972108312434	2.12048700078	42753.8209525	True	
0.192992325255	1.03693849278	1.85405764072	33886.1965555	True	
2.19599960961	2.15289099694	1.94960959677	34574.3201915	True	
-2.01403521858	-1.01700873705	2.03416562311	32558.1817171	False	
-2.26623962555	-1.08580724641	2.0674948589	42697.3486413	True	
2.00375196227	1.38088060232	1.90012808478	32937.2131745	True	
-0.431561749938	-1.35853911065	1.9451770917	32980.1305283	True	
-1.00864789714	-1.17894675988	2.16330316459	36110.131123	True	
-2.46363191409	2.71071952233	2.84625965155	53853.5126658	True	
0.265589524278	-1.80524246077	2.1636837502	34422.6384768	True	
-2.25957035313	0.0565847822933	2.53287844167	33666.7194634	True	
1.20981916645	1.64952535772	1.8002834881	37561.1472803	True	
-2.50509713792	2.2809348384	2.41892406325	38089.0311187	True	
1.77655306288	2.09746892443	1.56672815248	76658.9949755	True	
0.88034781227	1.47355480376	2.03614763269	44700.7790484	True	
1.36838451092	-1.77889186938	2.26522719453	28469.5964521	True	
-0.914424616128	-1.80290265501	2.5723751591	33921.8742767	True	
1.31857239456	0.293473297171	1.92889161755	33326.1439726	True	
1.3483256732	0.950301071508	1.69080531488	52189.37321	True	
1.38385522286	-1.57929388867	2.4873861821	42114.6695555	False	
-0.493034992812	-1.83810064874	2.40884886336	29703.1266526	True	
-1.05486275338	-1.80433184544	2.48949980998	30249.1816717	True	
-1.98480193897	-0.370276362046	2.131262193	28025.1981528	True	
0.80213406757	-1.11952259681	1.66963900256	63418.7051268	True	
-2.13598719974	-0.420827036266	1.98437004371	37401.5620649	True	
-2.1078074232	0.475685652209	2.1132239928	27977.6322317	True	
0.396518514765	-0.0209804979372	1.71025997722	49558.7633352	True	
-0.68684372871	-0.502484665108	1.86496974036	33851.7839535	True	
-1.88114795031	0.94038168931	1.84502310897	41990.4627744	True	
0.848690770288	2.68742448892	2.1417317452	71367.5570891	True	
0.184726386868	2.3111283616	1.84473310199	34335.8402187	True	
0.547932839535	-1.30417755971	1.97277137398	30681.6421223	True	
-1.89349506986	-0.709245892666	2.08598790175	28345.4547228	True	
1.91326139821	-0.581994009377	1.92397491696	32236.0806717	True	
1.68385603679	2.48607796934	1.79582361778	37972.0069685	True	
1.90856116814	2.00204086013	1.66359822347	56919.6672395	False	
-2.31818035981	2.87710675303	2.43200131332	27111.9867084	True	
-1.85486254553	2.50830218968	1.84547462677	41241.4807179	True	
-1.85812983885	1.75321043709	2.13457603304	32556.276614	True	
-1.20760807161	0.552940057709	1.99394668747	34458.0376773	True	
0.723174436482	-1.05655363564	1.89332365498	33370.8412954	True	
-0.662201976755	0.948594709817	1.81328069438	36828.8365649	True	
-2.21837858988	2.79997899771	2.30980030023	26323.9904593	True	
2.77366118525	-0.974967113795	1.86231985398	35043.0263389	True	
2.50476691214	-0.0050165183273	1.89166229124	32812.4486439	True	
2.77989957466	-1.11384014452	2.11954510028	37498.3359206	True	
0.0451158170598	-1.07561836895	2.05892097025	33162.1377318	True	
1.64544286637	-1.1842466058	2.03669379847	30444.1659956	True	
-2.02158918369	0.242614512772	2.02141642041	30521.7002215	True	
2.11722563423	-1.64305312658	2.17674010661	26876.0935797	True	
1.88313663053	0.184891237318	1.8366243918	34876.3421767	True	
-2.17603631337	-1.48306858815	2.28675283407	33163.7747843	True	
-1.79030610726	2.06536430874	1.78392546657	47711.5363744	True	
-0.829616475837	1.98326207094	1.99572245743	36922.7661279	True	
-2.44407488966	0.518481583254	2.45604883637	31736.3325727	False	
0.76137900646	0.565767402273	2.06969480755	50842.9920776	True	
0.654928248406	2.81601950401	1.76825272149	40951.299099	True	
2.54027403058	2.898611696	1.90426065598	32974.7137498	True	
-0.879132228393	2.2602340726	1.70941953181	50282.5108602	False	
-0.95473059706	-0.375256343589	1.83985483755	35626.7432824	True	
-0.080074950688	-1.08790351343	2.05510723635	32628.1165053	True	
-0.164174187441	1.74371997666	1.80097843927	37625.1826219	True	
-1.85322667315	-0.769647614953	2.05062562571	28872.6184505	True	
-1.94737766155	-0.0419754888036	2.13139026246	29110.9355669	True	
-1.85475483561	-1.49387593972	1.80300422663	65082.5768362	True	
-2.25002538816	-0.792085291734	2.19555931647	29842.0495519	True	
-0.492363700126	-0.0157843840474	1.89273857095	32729.4482829	True	
0.666257617626	-0.662388762479	1.94908001671	32325.1718132	True	
-0.904259563558	-1.3418909422	1.9942946745	30333.2912677	True	
1.76241414402	-1.71410455838	2.49390233671	31692.1561415	True	
-0.777222726292	-1.57198394793	2.19585751877	26317.2534653	True	
-0.723240578939	-1.92336903585	2.35735596307	36995.4692655	True	
2.40414750339	-0.404241983253	1.95502799594	33426.738165	True	
-1.61862068652	-1.25915041278	2.17768722181	28291.0336326	True	
0.156399804375	-1.79571760982	2.31725063591	28174.3016495	True	
-0.453141071893	-0.250998896707	1.85348019171	34194.3152652	True	
-2.19151201709	2.44892274792	2.2197397251	26390.8459038	True	
2.77236382815	2.67803066644	1.94769406358	34460.9698807	True	
-0.606287241476	2.52519464405	1.80178877491	37789.2896511	True	
1.45703480042	-1.76040712707	2.35190533628	26769.7601687	False	
0.00213501053497	1.08256802327	1.81963301941	36012.5252575	True	
0.0538652689595	-1.57620071037	2.22225615049	26479.239712	True	
-2.3874702527	1.69367463942	2.60199492311	33113.1760483	True	
-1.73107386717	0.881159026065	2.00010650161	30415.4196972	True	
-0.0418207346305	2.43393922708	1.9816201885	36939.3292717	True	
-0.51792431146	1.27703668925	1.82635118087	35662.9087404	True	
-1.66695538905	0.560232795486	1.99661905388	30784.0409202	True	
-2.40996887306	-0.441439475649	2.33391771857	32583.313666	True	
-1.96662307747	0.24785900163	2.15354126468	29514.1246414	True	
-1.74645992512	0.174877555299	1.93477273392	32180.7035141	True	
1.18871777018	0.836366793649	1.76341554206	41572.091994	True	
-1.80839665606	2.1228049827	1.97662815418	30655.0437248	True	
-0.899669226787	2.00925988965	1.91192312052	32582.1496608	True	
-1.97829539056	0.488527668495	2.02223738717	29912.7634045	True	
0.545786939407	-0.691954141375	1.99579146842	34239.2101493	True	
-0.387726673973	-0.867235409134	2.01834404258	33577.9019661	True	
-1.71401711976	-0.54063984579	2.12682388385	33690.0183947	True	
1.28808738758	2.68524642818	1.85482523375	33830.0633014	True	
-0.520153336882	0.296433692707	1.81628702393	36574.0540366	True	
-1.86188909399	-1.03486062259	2.12003213474	27610.3822853	True	
-0.0901224765941	1.80168411392	1.79541235836	38134.1177537	True	
-0.319538426802	2.90803882786	1.83562477212	34938.5318107	True	
-0.478394007496	0.964280932949	1.93025450623	33222.9374465	True	
-2.26144799299	1.71640071141	2.34374883054	26147.6909035	True	
-0.846120075236	-1.67712105788	2.2611771897	26122.8143104	True	
-0.180814695836	1.46785172328	1.74795426237	43690.8227628	True	
2.81497682322	-1.59558101556	2.02099038397	32992.1488906	True	
1.10689731691	2.43363909337	1.96027288777	35297.608501	True	
0.831644743173	-0.146987560549	1.84995310129	34215.1571409	True	
0.681946910589	-1.62176714952	1.94343188212	40835.0942294	True	
2.24604634649	0.187080640882	1.88264075825	32978.9652205	True	
-1.46210382923	-0.378904057258	1.93696842033	31521.5190082	True	
-1.11803066029	-0.653019182124	2.02917559159	34361.1283547	True	
-1.37421762852	-0.257191445308	1.88757264013	33292.9712402	True	
1.13492959735	1.51919498534	1.91935812377	33225.5241244	True	
-0.0583402065979	-1.44930459148	2.02151269929	29783.2556209	True	
-1.97994683743	-1.54029296063	2.55464155428	32233.5325263	True	
-1.2171692694	-1.74232386661	2.72810095141	50603.6277313	True	
0.157694141064	-1.71053868878	2.48886121645	31463.8181645	True	
-0.354778692413	1.34173283738	1.79599690214	38189.2082296	True	
-2.20301676886	0.962474338554	2.22294316962	26391.0875477	False	
-1.41766815441	2.87035740334	1.82801878235	37495.1376842	True	
-1.14004892004	-0.610350028704	1.86473012928	34565.0977931	True	
1.8947545552	-1.19677217977	1.93142626665	31990.6425862	True	
1.1294889251	1.81743540188	1.85885440615	33666.8226095	True	
2.45682647054	0.228161679601	1.79276815056	38466.3259479	True	
-1.4213249138	0.172564741021	1.96750575979	31768.1006831	True	
2.03406233945	1.51491950752	1.91124518001	33057.315544	True	
-0.545611250034	1.34259641696	1.75313611756	43280.0879451	False	
2.79247941642	2.41346881314	1.91711067803	33185.3154321	True	
-0.653506780872	0.418519453877	2.00706599641	38386.6866157	True	
-2.19032926137	1.29724207299	2.29843563902	26737.2412068	True	
-0.872439018824	-1.51272201469	2.1405883841	26958.9327323	True	
-1.76894577844	-1.33221265052	2.11673696799	27854.7431643	True	
-1.61946777292	-0.859986807814	1.98473975868	30324.1799517	True	
-2.06322225073	1.0720606266	2.29449357284	32656.6521193	True	
-1.74682156136	-1.49662302694	2.01569727162	37119.2633745	True	
-1.8108613282	0.399163665311	2.02896130459	29845.1201358	True	
-1.39188731271	-1.31894186095	2.15794751191	28540.6476228	True	
2.85358809278	-0.302642020828	1.91658304868	32598.6166285	True	
1.7316383699	-0.305907844996	1.75965261799	42852.963602	True	
0.435544583243	0.849098897673	1.80660900311	37053.2297059	True	
1.8020840542	-0.455302852276	1.90342588734	32473.1024031	False	
1.4331066361	-1.62919248684	2.09053878037	29851.0642543	True	
-1.20783150126	0.248855023381	1.87063459619	33680.8069793	True	
-1.37310043865	-1.2496880009	2.02395480256	29302.6152093	True	
-1.84086204132	-0.755420213018	2.11021820173	28837.340727	True	
-1.79628397198	2.25914240408	1.94805606124	31737.7036185	True	
0.826349444962	0.0604301020646	1.93454037216	33358.5771929	True	
-1.20006726244	1.44960664367	1.80478075005	38722.1389681	True	
-2.02733365743	2.81514740961	1.99958466532	31703.2155632	True	
1.89390263666	1.57558699551	1.83343747296	34967.6634539	True	
-2.40024392073	2.7189526095	2.44293714778	28990.2815716	True	
-2.0806898799	1.30919547048	2.04503072286	30234.4239191	True	
-0.206387508679	0.595427401942	1.85993654511	33669.3301159	True	
1.0739379134	1.70741995994	1.85033187705	34034.814434	True	
-2.23889979061	1.23146518106	2.30196332054	26021.3011534	True	
-2.31006861555	0.809625491306	2.38352832115	26439.4850695	True	
-1.80548795507	1.02744565246	1.9854100142	30403.8247213	True	
-2.23487098503	0.983751222786	2.32991930989	26298.081833	True	
-1.77458133693	2.99338491679	2.11537634468	34157.3976898	True	
-2.14588743915	1.74131875821	2.09401292847	29232.9552743	True	
-1.8162101895	2.90317383141	1.89559885387	35448.3276708	True	
-1.66688780706	0.775935100253	2.0085229272	30977.8817184	True	
-2.11362841499	-1.56649123375	2.44295962816	30534.207052	True	
-2.17370064986	-0.972639013127	2.22971929974	27085.5508166	True	
1.27507997622	2.06526886475	1.85881737614	33667.5364259	True	
-1.83115667731	-0.589284792199	2.1787794096	33129.5688008	True	
2.14641992197	-0.819859235379	1.96218459161	31937.9626412	True	
0.715267007241	-1.5435774818	2.33019237004	31649.8650433	True	
-1.91402032099	-1.59436912967	2.34712625966	27621.8133686	True	
-1.31859138722	2.95327784274	1.84928959881	35212.050815	True	
-2.38294934458	1.84186388711	2.39914044141	28322.8768242	True	
-1.90814649766	0.695680732537	2.02383676821	29536.2371326	False	
0.270458225882	-1.96891121022	2.32060399694	42368.3682124	True	
-1.19416715492	-1.59982317746	2.23443189852	26016.6964494	True	
-0.863001520252	0.0756076358686	1.97340147883	34307.8864243	True	
-1.89388965675	2.11713681617	2.11867525214	30595.4982896	True	
-2.20823307053	1.22877750696	2.34959792683	27435.4751605	True	
-1.96469237788	-1.2529044811	2.23005375812	26154.7984748	True	
1.57010121308	-0.24052836048	1.92670757546	32817.5914525	True	
-0.834450677925	-1.68124071001	2.33148731743	26171.1114942	True	
-1.43395298904	-1.77171248739	2.35753427149	28918.5301138	True	
-1.48887478425	-1.33144507087	2.079805276	28094.5888375	True	
-1.10888455729	-1.09843550802	1.97819161355	30337.2616034	True	
-2.00620182462	0.298507102359	2.14326012136	28322.0291438	True	
-2.13813997922	-0.432408884776	2.23705800977	26439.0015115	True	
-0.179028140212	-1.56946987358	2.20935092624	26458.1423273	True	
-2.29522452574	1.05039781617	2.30967449205	26385.1460726	True	
-1.99377470957	2.87094261895	2.1516743314	28976.4570205	True	
-1.79892978393	0.560971002719	2.11438608062	33037.8716291	True	
-1.30258980854	-1.06247306283	2.02529317606	29842.2903333	True	
1.15654285647	-1.75294627473	2.35848486684	26671.1855695	True	
-1.28505644843	-1.76386500493	2.40488866557	28000.4409436	True	
-0.904446898314	-1.79075951299	2.39552344304	28094.3789587	True	
0.351621213373	-1.67785998637	2.30254570678	25995.2684697	True	
1.13133898779	-1.1818763125	2.12763729488	35719.4302183	True	
-2.2200435293	-1.03933748729	2.32423450564	26610.7267955	True	
-2.26952776504	-0.787076644594	2.40631154939	26744.0643773	True	
-0.525497630703	-1.77490548194	2.37580003902	27306.5311816	True	
-2.34678089951	-0.421150554739	2.43907926339	27742.6492427	True	
-2.39777836915	-0.267096335889	2.25701346633	34281.1963084	True	
-2.13661678402	-0.123233100722	2.16970307778	26947.8057042	True	
-1.85068833659	0.349269914131	2.03370265383	29550.3876491	True	
-2.36902684825	1.08534396767	2.38671211179	27828.9864189	True	
-2.03736386127	-0.639188162714	2.20490090947	27416.5587262	True	
1.66148432152	-1.69168804138	2.25533783019	26144.8441397	True	
-2.27373234944	2.41845274589	2.34957890625	26129.4276632	True	
-2.2988594823	1.87691865067	2.31315982745	26407.5189755	True	
-2.05585124742	0.271112709983	2.2117729424	28597.6681972	True	
-2.24989459884	2.7219141251	2.40126102736	27615.4827128	False	
-2.27766793413	2.30583744513	2.29656103075	26213.7127248	True	
0.0966116360621	-1.38356879499	2.04451697379	28703.2418481	True	
-1.85605314462	0.394548241353	2.19157585043	36871.5133718	True	
-0.710553207072	2.26868381752	1.87775286299	33091.0182295	True	
2.92504396493	0.118919542406	1.81992557956	36082.0935627	True	
0.120202699373	1.31358362636	1.95895830945	35041.0951012	False	
-2.3159552113	2.7916372413	2.38276309991	26473.8702668	True	
-2.2336936667	0.881856959808	2.1838058116	27820.7565879	True	
-0.988223602744	0.492751408214	1.85636595472	34138.1476041	True	
-2.36486853853	2.77436398419	2.39138240988	27615.1165063	True	
-2.13217411348	2.67586206894	2.24115563127	27213.5483228	True	
-1.61696585103	1.51085909334	1.97261669815	31028.2883414	True	
-1.14156621397	-1.54221237015	2.16595756623	26635.9926631	True	
0.729327626979	-1.6231942703	2.25199612202	26097.93178	True	
-2.09826187647	-0.861184824243	2.20567888999	26453.9004201	True	
-0.23791271812	2.40490684922	1.88097784797	33031.4214908	True	
-0.461086056643	0.0592304921948	1.94359475424	33383.4027092	True	
-2.41531860261	1.11665596802	2.53210498572	30760.9477155	True	
-2.35052579686	-0.649691139634	2.45106112531	28325.1686373	True	
-1.99893044713	-1.03832754964	2.10431451742	28592.4995815	True	
-2.13067064537	0.776342757063	2.32303436397	30006.5343524	True	
-1.80752200518	0.0467107831909	2.00049241376	30047.9641802	True	
-0.625357366304	2.82988277691	1.92112691379	32919.4807387	True	
-2.23895078636	2.95472967425	2.48698809654	32491.1277536	True	
-2.18391878903	1.5687413019	2.1707624567	27209.7841728	True	
0.276337815984	1.7105216963	1.87208018677	33239.8503521	True	
-1.12496543532	0.73546830621	1.99572441086	35230.512912	False	
-2.344951911	0.586309145598	2.25774948883	29685.3495856	True	
-2.31502868583	2.6116817189	2.31678321327	26748.4073732	True	
-1.94797084529	-1.16767078242	2.12975913725	27767.4949633	True	
-1.42235139719	-1.42259285156	2.13669037561	27091.1010202	True	
-0.248792734897	-1.70721156254	2.29136063121	26100.1232201	True	
1.39162562242	-1.82089152023	2.34725172032	28882.0584599	True	
0.432293782689	-1.61895358306	2.18401638681	26467.7010672	True	
-0.165306868375	-1.39783560711	2.03516594107	28935.7155121	True	
-2.20524921636	-0.686070674813	2.23080533655	26796.7279549	True	
-2.22784319732	-1.37036166021	2.56392782835	32191.084119	True	
-2.26516387688	2.29452812303	2.24747208523	26770.2799505	True	
-2.33081506703	0.896716089176	2.411057033	26854.9057154	True	
-1.82738441414	-1.33776399973	2.25111177537	26420.8924994	True	
-1.48828215579	-1.70404154199	2.28774853376	27688.9778378	True	
-2.16009863925	0.221140223573	2.21474161347	26477.5411963	True	
-2.09152560657	-1.10923820024	2.23215878152	26384.9684552	True	
1.15152423447	-1.76296863436	2.29101415444	27280.4165374	True	
1.08730893571	-1.56757969672	2.18462351121	26487.4287272	True	
-1.76233845735	-1.44142482913	2.45259440009	33146.4802454	True	
-1.98361683614	-0.100735583857	2.0305878665	29751.7044486	True	
-2.1599553687	1.35383138964	2.21703079703	26522.6072454	True	
-1.88271675622	2.01238073159	1.99861901891	30170.1311824	True	
-2.0887533148	1.72265746052	2.13593119474	27443.3916926	True	
-2.36178466984	0.940634049314	2.42653117875	27552.9882124	True	
-2.28298767734	0.135192845454	2.29466402543	26430.8537402	True	
-0.674868969204	-1.56831769841	2.13890390916	27120.3550814	True	
-1.53508232462	-1.71105692786	2.45814317873	28567.290983	True	
-0.160911611469	-1.53126239555	2.12075159448	27253.3629206	True	
-1.20375944697	-1.50078202375	2.13652010478	27055.9953023	True	
2.73164797247	-1.69709035046	2.23467098909	26542.841193	True	
0.53572184486	-1.45986143827	2.0695694983	28181.5875518	True	
-1.97850914643	-0.948069714459	2.11481884401	27757.473637	False	
-1.79142448887	-1.08344598652	2.11305683904	27806.1945916	True	
-2.31243319318	-0.278034350108	2.37281218571	26615.7938531	True	
-2.07363650577	1.73392405075	2.06049019969	29386.5655177	True	
-2.10958923199	0.882112109608	2.22050239485	27383.1979236	True	
-2.20521928642	0.0651363020996	2.15011967387	28496.2772051	True	
-2.36475120555	-0.0797550430109	2.38392529779	27998.7650783	True	
-1.71107102612	-1.48097317014	2.2820647008	26072.1510344	True	
-2.2126482269	-0.343077442734	2.41115561463	28644.9075416	True	
-1.41505338861	-1.61997414095	2.39683780856	27767.3719617	True	
-2.3159955653	-0.787734272355	2.40855331593	27485.8354906	True	
-2.05109717128	2.13160781314	2.16476218008	27886.9544963	True	
-2.19646463688	1.37662717532	2.29451359163	26529.9048792	True	
-2.24192499413	2.76669863119	2.20282728111	27387.0454492	True	
-2.24539116739	2.19461893414	2.3193884798	26071.7428717	True	
-2.04432906264	-0.935365286012	2.24580896797	26703.363112	True	
-1.05612239013	-1.65421857762	2.22898353564	26420.8762727	False	
-1.94179810244	-1.33795550443	2.25598826798	26000.2722562	True	
-0.3686708644	-1.57770446922	2.10693993132	28105.3173262	True	
-0.355694355161	-1.64063688978	2.37784410096	28575.7641192	True	
1.57942839265	-1.67249307656	2.25411672248	25975.7042898	True	
2.94030453677	-1.72413144536	2.23854595792	27117.1587412	True	
0.0622140425272	-1.76825994571	2.28204862846	27697.398361	True	
-2.23924905775	-0.588970748318	2.19053130961	28801.3819649	True	
-2.16876531893	-0.441816356631	2.13940151871	28472.9111199	True	
-2.0496203264	-1.34499712918	2.32681452585	26111.3844364	True	
-0.0957533872294	-1.73621991667	2.32313745253	26380.4823069	True	
-0.929538394195	-1.6573060289	2.26176072642	25973.0783002	True	
1.49638847544	-1.55909386572	2.06261243054	29496.2195177	True	
0.318687156856	-1.46621732126	2.08342924024	27896.2552637	True	
0.404120296008	-1.64825281495	2.28397465512	26070.4844662	True	
-1.47677739661	-1.61420170768	2.34287125784	26313.1574221	True	
-2.16831197686	-0.337103013839	2.25228814551	26240.6490243	True	
-2.0364327245	-0.923160545399	2.11116331255	28350.5394828	True	
-2.24261708409	-0.774443516376	2.30602574451	26363.7059323	True	
-2.14474613508	-0.177068115524	2.2269425488	26501.349525	True	
-2.18319741749	0.494376813941	2.29335952187	26750.7004639	True	
-0.801228169177	-1.71772554682	2.3158801061	26284.5111506	True	
-0.488331098916	-1.62324112012	2.17093739984	26866.392413	True	
-1.95951269822	-1.2833034619	2.25770812012	26023.1326045	False	
-1.0023236815	-1.67744721817	2.33978568845	26246.2733438	True	
-1.23663310491	-1.66105361718	2.30449186201	26003.8902761	True	
0.419682130804	-1.49341376089	2.12599958884	27277.8998008	True	
-1.25476029381	-1.72202813559	2.32964249629	26803.808207	True	
-1.11530022458	-1.52253369629	2.19184906243	26513.7806792	True	
-1.43250886571	-1.59350393653	2.29892492229	26009.6627223	True	
-1.48946455284	-1.37892040219	2.20253999002	27737.2776091	True	
-0.876655344754	-1.61683313651	2.2372037691	25995.5707711	True	
-1.10423846188	-1.62776268748	2.30383188768	26134.0018918	True	
-1.8749345596	-1.37995844259	2.29198078325	26149.3512811	True	
-2.31128389496	0.457363788726	2.33620448004	26505.0805677	True	
-2.25905518732	-0.129725999348	2.33688687704	26055.0228194	True	
-2.1078993183	-0.131816083097	2.19353893287	26875.020774	True	
-1.32871001764	-1.63757630718	2.32276687432	26083.5877767	True	
-2.19308250589	-0.14158338106	2.31823037653	26698.4093571	True	
-1.26426869664	-1.66459638869	2.27872467297	26169.8216944	True	
-0.189714975983	-1.67716331525	2.27841376615	25918.7859172	True	
0.697538723845	-1.63702028323	2.24587821882	25976.3573809	True	
0.922750129148	-1.73527296904	2.33749003673	26349.3227699	True	
-0.0732340012623	-1.70134496516	2.23794833019	26627.890154	True	
0.879809444823	-1.66554446581	2.17853007091	27253.2602213	True	
2.22794122891	-1.64809771472	2.17361401864	27041.0777069	True	
1.79790670768	-1.64294351906	2.19873591229	26407.5017941	False	
2.77421904878	-1.67068444804	2.22522571562	26280.6023273	True	
-1.09383052012	-1.68222257774	2.27873683468	26200.7777923	True	
-1.84185105922	-1.43169433014	2.31774949844	26262.4937201	True	
-1.39081764587	-1.6133395337	2.32561430768	26209.6632711	True	
0.743181820846	-1.62323786828	2.15161463687	27254.3903212	True	
0.193158017943	-1.64637364188	2.30962457796	26450.3484283	True	
0.222529189699	-1.7188650964	2.32286712924	26157.6194175	True	
1.84005107398	-1.66805427774	2.28379647476	25932.2996473	False	
0.377186107684	-1.48326091108	2.08338690277	27914.4213707	True	
-2.05696678349	-1.49915544826	2.41412567997	27730.6431177	True	
0.687023456613	-1.74173654427	2.38365389795	26856.6807245	True	
0.805865590425	-1.64496668646	2.23983220418	25973.2828876	True	
2.63068609029	-1.65700914523	2.31397826494	26369.9567179	True	
1.03110596939	-1.70776410176	2.28938578003	26071.0060311	True	
2.64894079452	-1.66525635974	2.25415207566	25941.6309388	True	
0.859978217249	-1.72459899397	2.36231499828	26510.4748373	True	
-0.130348411692	-1.56937746731	2.19830306579	26429.7683984	True	
-0.365215496407	-1.63221918804	2.27861391703	26144.6569415	True	
0.949808684539	-1.48823352937	2.13230477137	27305.2168199	True	
0.901884997651	-1.59423025346	2.16911807091	26576.2195978	True	
0.30328920007	-1.64537549646	2.23227850561	26018.5087712	True	
0.12153169269	-1.72810870695	2.28490663802	26453.8197148	True	
0.976846558295	-1.64438462222	2.2983520199	26317.9620945	True	
-0.122598155057	-1.60703143335	2.21781409661	26134.5127384	True	
1.59155202544	-1.68618712563	2.26823659175	25980.2281176	True	
2.82077036384	-1.76230185649	2.39854446347	27219.6961871	True	
1.95218193844	-1.711274942	2.35013932289	26365.7539912	True	
1.77930046029	-1.68050296288	2.35306381887	26755.8979227	True	
0.65788063935	-1.75335767127	2.33373269305	26634.2079273	False	
-0.922242184378	-1.68174394054	2.28864067448	26016.0036387	True	
-1.46548603371	-1.63205087755	2.35744253274	26435.4518665	True	
-2.1092767228	-0.44378483439	2.18488390821	26744.5218599	True	
-2.15936923846	-1.16970512574	2.37617612532	26388.5194642	True	
-1.35434861269	-1.62673512131	2.28367107833	25930.1692037	True	
-2.07106211178	-1.10190762702	2.21034424876	26570.534278	True	
-2.12915075555	-0.617491557308	2.22502324007	26353.2787353	True	
-1.65405039057	-1.55328123764	2.33346788383	26262.9452168	True	
-0.0695915078094	-1.65095667336	2.20920201258	26346.8737672	True	
0.4061331757	-1.59138289554	2.24491134291	26490.3938634	True	
-0.113990610507	-1.67651209316	2.24063631391	26174.6077514	True	
0.804236585203	-1.66348347083	2.26042695589	25916.2124356	True	
-0.00213836825699	-1.7147493266	2.32641106572	26149.7059548	True	
1.01980252825	-1.64459601758	2.24861996017	25950.315836	True	
1.11874863172	-1.72810682397	2.29151916065	26357.8252374	True	
1.53349745041	-1.60056877058	2.21987454502	26201.6376211	True	
2.51482064983	-1.55104472518	2.11567239789	27431.1629635	True	
2.21299350985	-1.66581227638	2.28773879261	25963.1404945	True	
2.12767832686	-1.623154783	2.19952545327	26259.1957058	True	
1.64428952605	-1.63687494064	2.2443385602	25979.155444	True	
2.70152735003	-1.67617364496	2.30715357765	26050.6388686	True	
2.39493518234	-1.62405230509	2.22725266756	26053.5464703	True	
0.968102115378	-1.62390282586	2.23539185366	26042.5276015	True	
2.50206777987	-1.65818418114	2.29451536441	26081.3899496	True	
2.96601752434	-1.60206735414	2.20992276324	26198.303008	True	
2.64042887783	-1.65596631715	2.30185495556	26197.0824893	True	
2.97878991842	-1.68092422142	2.28790561582	25923.1367399	True	
2.52860046358	-1.71495234747	2.25651121818	26526.3488044	True	
2.14561936794	-1.5670401031	2.2514776797	27213.223339	True	
2.72621416514	-1.62394739358	2.22099715757	26077.4024497	False	
2.7873471291	-1.54316069092	2.14901610139	26835.7809674	True	
1.79915446761	-1.69740916529	2.23257175462	26590.3568171	True	
0.692174644217	-1.70413932623	2.29417983197	26022.8658072	True	
-0.673289806784	-1.67488469331	2.2638293314	26014.5952683	True	
0.91680696948	-1.66964960067	2.24362895789	26042.7041261	True	
0.86158095307	-1.69107899052	2.30064393385	25964.3548571	True	
0.00841878011247	-1.66532793254	2.25138965803	25968.5227925	True	
0.0994657237524	-1.55485431272	2.22861911579	26989.1103096	True	
0.509074299944	-1.5987287443	2.22271781727	26216.8799516	True	
2.19045243879	-1.62457768525	2.27257926831	26282.7109116	True	
2.32011216615	-1.67871325202	2.32859024614	26300.4088972	True	
2.83700038962	-1.61192963588	2.24820467072	26213.3574101	True	
1.06076811274	-1.53198805109	2.21922528917	27445.4486327	True	
-0.358811638635	-1.66916733205	2.26256745105	25941.9105233	False	
1.05267797433	-1.5964292953	2.23453899844	26314.5087818	True	
1.61530767896	-1.58963282355	2.21578773795	26298.6288803	True	
1.82357684158	-1.62434926615	2.20160189514	26238.8517964	True	
2.46083689106	-1.62724156979	2.22277939762	26063.5575664	True	
2.65603252589	-1.59221397513	2.19958460028	26283.6793027	True	
2.72238674389	-1.67062247143	2.27405329654	25905.8325518	True	
2.12293577491	-1.71187855573	2.29407993831	26094.5454366	True	
2.48705585015	-1.62442472167	2.21272012641	26129.7883365	True	
2.66057179285	-1.6656878163	2.25537560255	25937.3342134	True	
2.61468025954	-1.64464410265	2.28958050839	26192.3328447	True	
1.82665167087	-1.70508850744	2.2440079134	26533.0425496	True	
1.30508265634	-1.50145763081	2.15490873492	27187.5260331	True	
2.70071160076	-1.64497242229	2.21182888652	26221.2042603	True	
2.87387945398	-1.76498408625	2.34096271815	26868.1265836	True	
2.70427693308	-1.72527721987	2.30575488848	26220.4027487	True	
1.99723714216	-1.70501860344	2.27663011608	26114.1173126	True	
1.87085908173	-1.680062295	2.27239246608	25927.0262276	True	
2.14940102591	-1.54101173212	2.14350517401	26899.7643705	True	
0.664187967779	-1.68369029295	2.33089510764	26274.6308159	True	
1.64050302305	-1.68064282099	2.29316848869	25938.564726	True	
1.89657611939	-1.65972451048	2.26715119629	25913.757085	True	
2.46770827398	-1.6010500168	2.22936257552	26226.2448567	True	
2.62049493773	-1.70160223853	2.27978439389	26052.3166162	True	
1.92455962493	-1.70398899115	2.26080744754	26258.5371138	False	
1.82043967765	-1.75344402611	2.40008109893	27186.2126279	True	
1.59829005078	-1.63674032169	2.27288567567	26110.0465944	True	
0.91734931151	-1.66564340406	2.31940333928	26321.4091175	True	
-0.485521473166	-1.65705619727	2.24805587181	25978.4012313	True	
0.881115643937	-1.66300180207	2.25829133467	25921.1280033	True	
0.010170301724	-1.62969744409	2.27611820062	26203.8329684	True	
-0.302197052894	-1.71991440678	2.31526310297	26188.7241468	False	
-0.901337606116	-1.72056390644	2.3212903489	26369.931259	True	
-0.391473352043	-1.64240088973	2.23963458236	25979.2359184	True	
-0.355614013856	-1.70254657009	2.25476267099	26413.4398612	True	
-0.116638867603	-1.68461499865	2.2905614235	25935.787178	True	
0.269998627084	-1.66151814391	2.26458402391	25909.5034632	True	
-0.0613544154098	-1.69217948017	2.31027761402	26007.8356733	True	
1.07913066825	-1.58908590509	2.22057853193	26322.0512148	True	
0.378394007201	-1.58308739872	2.24675979591	26683.1155573	True	
-1.04100208148	-1.55741958073	2.21153334132	26281.1782598	True	
-2.09558634525	-1.05157481769	2.30399578243	26186.8360967	True	
-2.22973194251	0.366796999148	2.28900391974	26018.5857278	True	
-2.21392366953	0.221306255561	2.24562632977	26203.0929308	True	
-2.20956453412	1.16352573489	2.29962682547	26338.6827636	True	
-2.2379717941	1.86900645308	2.29149868614	26008.5553545	True	
-2.28247362797	2.96544556141	2.25959849415	26922.4178432	True	
-2.27305311735	2.618765391	2.34953730314	26131.6325376	True	
-2.22997881642	2.81527135113	2.24524618299	26274.4412744	False	
-2.26115087232	2.4631419767	2.35278599086	26254.7454272	True	
-2.29713786751	1.48561597753	2.40127514944	26647.7934304	True	
-2.2724048009	2.87575814473	2.31216751801	26048.6671537	True	
-2.26813850776	2.59563271365	2.31922290015	26013.2888248	True	
-2.17439387692	2.97726273313	2.2332829984	26393.4331935	True	
-2.23845911369	1.61608379964	2.33184489979	26279.4878042	True	
-2.20191373576	1.64871290157	2.28807742529	26345.5498304	True	
-2.29015447963	0.902973315556	2.36087863858	26197.6636067	True	
-2.27966475907	1.85911423136	2.31259905169	26113.3231029	True	
-2.29715357576	0.444340008602	2.40645372697	26722.0359078	True	
-2.17911884126	0.930818771521	2.20779488527	26502.1784304	True	
-2.25956268268	1.75914170191	2.32287318587	26016.3251699	True	
-2.27828904243	2.20597081276	2.28904616464	26308.9593476	True	
-2.22845264821	1.52160599457	2.28899516217	26044.9713062	True	
-2.27482897374	1.87546135009	2.31777060145	26048.952518	True	
-2.29706792489	2.28910242114	2.37194356674	26287.5771306	True	
-2.2798747399	1.88993766739	2.32723981574	26065.0178391	True	
-2.29886356656	2.79840121161	2.34546552779	26211.8224369	True	
-2.27267852623	2.52777090114	2.31834874034	26033.7557661	True	
-2.26210069386	2.26338449849	2.30652040223	26007.7950965	True	
-2.25768938327	1.47016811378	2.28453438505	26096.8611935	True	
-2.21619662638	0.900782961208	2.26541763544	26091.5922372	True	
-2.21096607013	1.70445694926	2.25304228465	26147.2339796	True	
-2.24398066435	1.08196421205	2.32296849504	26105.789955	False	
-2.20189141039	2.01569708847	2.24198733442	26217.4134689	True	
-2.30191215095	2.8955534552	2.36099091922	26255.5158036	True	
-2.22457434679	2.96240142405	2.26628333611	26076.7690503	True	
-2.26169977545	2.60043365753	2.33818015489	26097.2956972	True	
-2.29996547477	1.23612010621	2.36270622252	26249.9225313	True	
-2.28654499571	1.01396791184	2.33503712277	26110.9581554	True	
-2.29069712038	0.864861909515	2.34457422559	26145.4518727	True	
-2.2847740398	1.40678600546	2.31764272261	26145.4238674	True	
-2.27888400897	2.3788157461	2.31326721137	26100.650992	True	
-2.24768543028	2.19953639209	2.30925931153	26006.9555499	True	
-2.2339666951	2.59267428468	2.282807715	26022.311286	True	
-2.2770629106	2.78027865527	2.31745349472	26065.8670993	True	
-2.27276922004	2.69131593832	2.32831523736	26032.0293929	True	
-2.21650250002	2.79577455689	2.23590391803	26297.1589208	True	
-2.28883681174	2.86266265784	2.33325337808	26126.7421667	False	
-2.2625469419	1.7663767611	2.34551353473	26156.6514867	True	
-2.25373813948	0.828633383615	2.28928303975	26041.9423101	True	
-2.25370840534	1.41056970143	2.29139849073	26026.0542402	True	
-2.23073864004	2.0380229363	2.29919942633	26068.5374715	True	
-2.14602905783	1.95224808206	2.19761720241	26682.7789654	True	
-2.23063732733	1.89106458701	2.25905650463	26133.3483765	True	
-2.24224901731	2.45413521834	2.28217758051	26026.5379523	True	
-2.26562543572	1.98645454245	2.31276928582	26009.870255	True	
-2.23209139779	2.80871798932	2.29570147808	26043.8646477	True	
-2.26041666639	2.01779114639	2.30442114957	26006.4486331	True	
-2.27357735482	1.26512151658	2.32744555863	26034.8545052	True	
-2.24857617762	1.47707306773	2.31545746943	26025.7318906	True	
-2.32761594694	1.0879602169	2.37873643726	26635.0120436	True	
-2.29123742612	0.474583152245	2.33124552422	26188.7631411	True	
-2.27457233037	-0.404217153418	2.33370427607	26197.6297841	True	
-2.17303850175	-0.914431570226	2.29361882094	25978.3208383	True	
-1.83537334883	-1.47452839583	2.30284196297	25942.3900234	True	
-2.10338455847	-1.1962146547	2.31996029477	25988.7578364	True	
-1.80237329689	-1.46922616097	2.31385052874	26117.3799296	True	
-1.71378565839	-1.51643180842	2.26057050985	25975.2792173	True	
-1.70893746802	-1.55796459043	2.32169201061	26027.3664062	True	
-1.30625776366	-1.63976671693	2.30880700582	25985.0451514	True	
-1.38242778915	-1.55935017193	2.24218203561	26020.4911246	True	
-0.57295425614	-1.65057574006	2.29319094189	26043.4794232	True	
-1.01823878326	-1.68095099	2.30783609374	26024.1531815	True	
-1.98548609638	-1.30297840397	2.32268919117	26248.3746422	True	
-2.26696170466	-0.69753481429	2.32444094511	26470.332494	True	
-2.23293214822	-0.0635254524249	2.31453035842	26049.806046	True	
-2.27445651059	-0.435468042606	2.30399627368	26465.7727844	False	
-2.24663536565	-0.491280713518	2.33739060322	26054.9978349	True	
-2.24769178347	-0.243512846533	2.3319445818	26045.1801287	True	
-2.24795037477	0.51103203694	2.30038375308	25990.9967006	True	
-2.25112217113	0.274498872058	2.26802544356	26244.3149493	True	
-2.25724759528	-0.638563134396	2.34705923847	26166.8898102	True	
-2.15206955982	-0.966061313005	2.29203129716	25961.1471324	True	
-1.99867999027	-1.28469750506	2.26265951104	25995.6707449	True	
-2.23732079467	-0.450891696364	2.31029680544	25993.5187647	True	
-2.23177658496	-0.312377438293	2.27995691399	26064.3444373	True	
-2.1895936659	-0.890935533232	2.30390664703	25994.2752122	True	
-2.17629486894	-0.759210985706	2.28118291935	25993.7156011	True	
-2.15424845146	-0.80425260357	2.27664706778	26035.2996802	True	
