Parameter 1	Parameter 2	Parameter 3	Potential	Equilibruim
-1.54729138857	-2.10697535172	2.14834285818	78629.4433101	False	
0.436268004432	1.38138203426	1.67857099607	54311.4582503	False	
-1.06322271211	-1.02419968231	1.48329805973	103377.668061	True	
-1.1324882143	-1.51042059665	1.91752018141	40726.2042045	True	
2.34602630677	2.41816464137	1.35066073869	128344.826892	True	
0.0575827897323	-1.69194629457	2.27187169851	26025.402507	True	
2.05574526994	-0.725171336617	-5.11941746874	318671.577537	True	
0.846943727848	0.620865637141	2.07312933412	51694.3616279	False	
1.3030898159	2.71675851321	1.98105429416	37146.2748845	False	
1.84742184793	-1.83542238982	2.23825132436	32764.5500695	False	
-2.12305217904	2.22280569791	2.32080851763	30457.1172221	False	
-2.08684265254	-1.09081786416	2.38325566514	27992.4868846	True	
-1.36874697983	0.456951830261	2.23747022044	77348.1009137	False	
0.201094859237	-1.79842158794	2.20374652849	31875.0180975	True	
-2.31941478652	0.928758707391	2.63766719266	38457.6195931	True	
2.70164263075	-0.362581418558	2.08063458794	48942.2601001	True	
2.84629915514	2.38764322115	1.94123922551	34097.8852839	True	
0.224000756472	-1.21587873949	2.22241328999	45010.8068381	True	
-1.32306514606	2.80216460034	2.0346698337	37090.231439	False	
-0.853985386344	-0.0869121594803	1.61329904729	68711.3301913	True	
0.115827869551	1.78037908495	2.25256097336	115563.034114	True	
1.12911347303	2.46361734194	2.03463821637	44512.1255033	True	
-0.157746281623	-0.167850328298	2.14136277465	65043.2640856	True	
-0.813950442155	1.69778525056	1.93506219411	33047.8368698	True	
1.84856096221	1.96749914962	1.40832535875	114166.580401	True	
-2.17534903731	-0.778024665128	1.74668127844	73360.5134769	True	
2.01153089801	2.38041556214	1.7186088667	47658.4612603	True	
-2.00825084114	0.24851712687	1.84378596018	46422.0141048	True	
0.719523261733	-2.29955686714	2.99020181043	107778.506369	True	
-1.69262017905	1.12171413122	1.99662561977	30659.0372441	True	
-1.54658361545	2.19855033826	1.74444249655	49246.5254651	True	
2.16340970222	-2.42765611901	2.40420463724	125688.771544	True	
1.46558617855	2.68084379489	1.76507539188	41307.4559676	True	
-1.73949731151	-1.65767898383	2.31842955549	27608.764498	True	
2.61706394517	1.78126311711	1.7270713959	46398.021893	True	
-2.01060426171	-0.328927114597	2.35877206718	40069.5094836	False	
-2.74047256381	2.62952272383	2.12266507103	100302.896479	True	
0.606140952467	2.22898031417	1.74748541608	43567.7512135	True	
-0.904428431305	-1.28149491869	2.45007153733	75055.3043558	True	
2.19865215735	-1.2658062921	2.0767527962	30205.6853901	True	
-0.290472806539	0.803684765452	1.56345883853	77820.2987252	True	
-1.28585753977	1.44966362341	1.36922988897	126684.098917	True	
1.2328008786	-1.69457971398	2.35376498536	26554.9075217	True	
-1.50930367842	0.753013258133	1.98874958519	31881.0391611	True	
0.992331116831	2.04056568604	1.91341018185	33095.7468071	False	
-1.58922893859	0.395074484471	1.77611205306	45425.8637602	True	
2.07015535247	0.41231822193	1.48805496121	95006.2186278	True	
0.507139697019	0.95413431396	1.80024611487	37615.1948483	True	
2.40500131143	2.2913748567	1.45795539966	102039.979787	True	
-2.57984440639	-0.11924141772	2.7101002527	49737.6913931	True	
0.311268554462	1.72994594544	2.07271262614	51892.6572325	True	
-2.27575549402	0.169074787361	2.51688724046	31654.0064305	True	
-1.96241931043	-0.25677654856	2.02401444852	29897.2120352	True	
-2.19205604975	-0.489955103588	2.74411054	67041.2320022	True	
-1.5227557334	-1.2803601855	2.64523447979	95326.6415973	True	
-2.24139380538	2.71322593646	2.1570503975	29096.3550092	True	
1.82687175151	0.886232873765	1.78672695075	38924.5627447	True	
-0.696506304222	-1.29303993354	2.07488213043	29193.8547474	True	
-1.71396395805	0.993981094356	2.19973144747	47102.0688289	True	
1.12090351623	-0.337704054829	2.03546460628	41313.5976157	True	
0.843558696319	2.20299110476	1.75885800533	42085.6284769	True	
1.73791379032	-0.111615939761	1.73712624503	45570.5406084	True	
2.67385894532	2.47228241283	1.92891690652	33546.3822368	True	
-0.942353417825	1.08028520093	1.86318949504	33714.205889	True	
-0.114231503669	-1.50123862715	1.86152057196	44816.4483473	True	
0.518265552683	0.235520742385	1.61101225609	67568.9649527	True	
-0.923455618968	0.964976258876	1.98025650285	35105.2085336	True	
0.079210790016	0.536440850704	1.87995334697	33043.9951751	True	
-0.771937291409	1.38752701365	1.89317121327	32759.2171322	True	
-2.53153217937	1.08796675478	2.71963373744	44739.5878251	True	
-2.06678217387	1.10933752871	2.26311890412	30555.6902956	True	
0.247939451374	-2.04193605549	2.11243598123	64648.3294367	False	
0.21093050529	0.39977557796	1.887326664	32916.1014418	True	
-0.733420273308	-1.38746727705	2.2465525205	34308.5786065	True	
-2.29686637236	-1.04870946092	2.41046854139	28148.4894791	True	
1.96013546956	-0.524946464466	2.04148477334	40560.5000248	True	
1.39795626835	-2.02184712366	2.56490796217	46615.5825573	True	
-0.0433950032003	1.39288656693	1.89008180765	32914.8459824	True	
-2.38770751204	-0.520397936072	2.47413101939	29582.6396823	True	
0.0760399410476	1.0018754327	1.70325983969	50250.1713589	True	
-0.739696869935	-0.83359327685	2.17761105992	55550.0168393	True	
-0.414605479228	0.696063269502	1.98211258335	36444.3358358	True	
1.19352538393	0.777913068292	1.83554349	34862.6468974	True	
0.880147875817	-0.351052829994	1.6322869627	64204.8681651	True	
-0.736324757845	1.13348106698	1.79785761329	38336.4212446	True	
0.0032120008487	2.05842109719	1.86137306373	33586.8863816	False	
-1.1123667556	-0.375835063105	1.72872011796	49357.2025235	True	
-0.896825771721	2.78157552031	1.9453571495	33256.1220442	True	
-1.69620196586	2.59703127753	1.81140841953	42220.2977137	True	
2.00360737571	2.57100700479	1.94638449801	34381.7885535	True	
-2.595969326	1.0497592506	2.46730369827	50033.2953466	True	
-1.67141738642	2.12771495156	1.98775190535	30772.2521587	True	
0.862018883435	-1.36528777925	1.94473463592	32892.6279861	True	
-0.328065365614	1.24341838094	2.11092119782	60234.3158946	True	
-1.42559383116	-1.16631007704	2.09788175601	29386.5139891	True	
2.25353879962	-1.43692963198	2.17719907581	29159.7964977	True	
-1.88131370603	2.71902613328	2.06758915904	29489.2163026	False	
0.394997027458	-2.24975066934	2.67934060601	86281.7282016	True	
-1.82828518739	0.222716821507	2.15860198106	34986.0501253	True	
2.09748117608	1.88552932234	1.99553864329	38760.3038051	True	
1.83940213381	-1.72041479564	2.0368576519	37653.2359021	True	
-0.539220865947	-1.30971610767	1.74353245686	55453.9790023	True	
-1.88662656747	2.44877834202	1.90648517016	35727.4047585	True	
0.395982675058	2.2703831732	1.92323772455	33311.7887215	True	
1.70436604863	2.98883852336	1.753482567	42749.4650801	True	
2.58538651822	1.85114066544	2.07074802367	51744.6653285	True	
-1.7819692376	-0.409172958971	2.05065016494	29706.3069768	True	
-0.983260955642	0.766705766315	2.04836334383	42500.7187001	True	
2.04546531616	-1.42850579014	1.95205603919	33484.4073274	True	
-1.89171939556	-1.5477491271	2.2524386722	27972.6418934	True	
-2.04649402671	1.76043384137	2.39029987026	43249.6170464	True	
-0.3555964695	2.83203797754	1.75668539082	42633.9423541	True	
-2.13462842221	1.45486670857	2.34321259624	30950.0814157	True	
1.28162000412	-1.52247975095	2.14820111045	26957.3096861	True	
0.917056366024	-1.66240921935	2.44024009554	31007.394151	True	
-2.35022199353	1.91394490858	2.55322203681	31001.559289	True	
1.41614866492	-0.40859512292	1.89080356217	32704.0415785	True	
2.69127848562	1.81187159062	1.85934922325	33646.3855715	True	
2.83684064522	2.1776665618	2.04936189441	47259.847697	False	
0.382853781747	2.62262528585	1.69527602283	51440.8475772	True	
0.426353192582	-1.89252733228	2.08277383791	47982.2029381	True	
-1.79550498364	0.728894257866	2.04217428731	30173.6127188	True	
-0.976334088614	1.78446947151	2.06229713654	45115.4411528	True	
-2.13319796253	1.24907316819	2.2471621327	27282.3933252	True	
-1.3596495335	-0.261455415525	1.99346587837	32404.511046	True	
1.14931196633	-0.669730522889	1.85307338248	34577.8004133	True	
2.40016974705	-0.134309838907	1.97919050353	35771.6506138	True	
0.179599598223	2.44501353362	1.75011142047	43274.8680423	True	
0.669401432519	0.152438089178	1.64333782785	61164.9595634	True	
0.917035937115	1.23612319356	1.78456589883	39136.5693153	True	
-0.433722940638	1.84783534682	1.9945829624	37871.9562931	True	
-0.99022770988	1.46615248112	1.91038787636	32497.5979499	True	
-1.43237395675	-1.95418898192	2.5422006483	42413.41439	True	
2.30873224093	2.49305814449	1.86984255197	33300.1405624	True	
1.06753422973	0.966823644051	1.9354989138	33756.3954624	True	
-1.46828544521	0.983500056726	1.80783714532	39999.9956693	True	
1.45337919888	-1.8659937623	2.32406548397	32113.9466519	False	
1.37580949742	-1.45034356493	2.08210150384	27942.5882363	True	
-0.998204652753	-0.587684686345	1.86517047179	34236.8459084	True	
-0.585451857853	2.03837774326	2.00198382702	38399.1294239	True	
-2.04585290972	1.5585114467	2.14840813966	27807.8142448	True	
-0.0534916908307	1.0917309876	1.87896345696	33073.1688453	True	
0.26893039253	0.815735311669	1.83838713962	34711.4159666	True	
2.41665829686	-1.09847700392	2.14009372967	40518.1068729	True	
-0.341418222246	-0.942658103239	1.96623132199	31219.7278983	True	
-0.4434999741	1.80509578986	1.78782366972	39063.7556097	True	
0.727857267118	-0.784337974859	1.74697690604	46559.4728281	True	
-0.724836321761	1.24247802912	2.03841735279	42857.1964213	True	
-1.99233734	1.36928899846	2.19317357299	30564.7085095	True	
1.00984425908	0.0552080520097	1.70438288832	50364.4320644	True	
1.86139210989	-0.449095606549	1.79453422238	39077.2751192	True	
1.94120150011	-0.55540880916	1.9186753676	32274.1818824	True	
2.19505095099	2.0728360812	1.86518945418	33439.7980543	False	
-2.51586160392	0.728338582009	2.60797280406	39087.8834237	True	
0.465464305099	-1.63338161615	2.18501798661	26575.6285764	True	
-1.97570091322	-1.54590340504	2.10084357507	38052.304145	True	
1.57063504886	0.772300650499	1.9037971452	32929.7147686	True	
0.188885251559	0.288289494729	1.93697344911	33554.6026259	True	
-0.939101546128	1.01196958477	1.95429541312	33483.4998338	True	
-1.84111593783	1.50125449915	2.00576258344	29949.115663	True	
1.82693169393	0.919196883661	1.88968136416	32940.7394713	True	
-2.01143969688	-0.981891980428	2.29541274684	28353.7667029	True	
-0.191999555586	-0.974618674787	1.91734673263	31969.1961916	True	
1.18251641299	-1.27573506591	2.02886459444	29389.5046703	True	
1.68023395699	-1.7903656159	2.29704473971	28239.2614311	True	
-1.71822782969	2.36085204487	1.95545162997	31142.6164914	True	
-1.63978785298	1.81388088717	1.86868895667	35588.238748	True	
0.458466759691	1.86667812033	2.05914043764	49037.7194104	True	
2.61757952943	-1.6272997073	2.19151926171	26394.5337388	True	
0.870304260806	1.24054362952	1.88676157603	32971.6163674	True	
2.87409246345	-0.517293504122	1.82901769085	36011.275152	True	
0.382652071817	-1.60085154762	2.26389883088	26582.9178674	True	
1.40489598047	-0.981649022061	1.74534380469	48589.7319131	True	
-2.10827732437	1.47360711259	2.25806515811	28425.5092549	True	
-1.24382337381	-1.34555055764	1.80446936505	49727.7407645	True	
0.86297225749	-1.464775971	2.19536757905	28848.3761135	True	
1.62165453363	-1.45530768416	2.06373076397	28308.9954331	True	
-1.44199227565	0.494740306292	2.01485853286	33650.9086214	True	
-2.28320699756	0.920582186736	2.3762802184	26358.1879219	True	
-2.04609823219	-1.06373741926	2.15649065689	27497.2954316	True	
2.01000939256	-1.73145618021	2.28332577694	26507.6338953	True	
0.362653876478	2.06717798756	1.96432705762	35537.8187021	True	
0.577577482525	1.86385495764	1.70361770245	50055.2445461	False	
-2.42905943934	1.06012449707	2.41548664051	30908.9921006	True	
-1.84095656239	2.48899192499	1.95991321275	31479.5610378	True	
1.99291528476	1.55014283335	1.84719706924	34186.1046338	True	
-2.32055194748	-1.34409441534	2.47326417827	33194.1003936	True	
-1.4188337182	-0.440837148128	1.9953787623	31653.7550083	True	
-1.27906410926	-1.46177081665	2.07247477082	28722.7310605	True	
1.6417503809	1.57675522142	1.97577980373	36610.7722974	True	
-1.0492959427	0.612948026943	1.85047041604	34552.9729649	True	
0.0971218507338	-0.230829289424	1.93318886124	32915.6703713	True	
0.655270358242	1.20876844457	1.92271832892	33292.6128753	True	
1.4133605916	-0.427571214033	1.87114791409	33325.9141191	True	
-1.39135573785	1.54684481579	1.94145830328	31814.3846284	True	
-0.0994683633166	-1.45924457553	2.11663831634	27573.6432381	True	
1.05572823369	-0.00112957643502	1.95942927447	34546.3602444	True	
-0.992670726433	-1.71756733398	2.32056554904	26391.0863158	True	
0.436652254208	-1.65323441361	2.05587902982	32826.5768024	True	
-2.16186017855	-1.23837242152	2.23033468175	29070.4045627	True	
-0.910055796166	1.62469638424	1.90070113784	32617.894624	True	
-1.88928506726	-1.14555165065	2.221028079	27267.9887744	True	
-2.37947661519	0.0728813790793	2.3964153713	28444.0719457	True	
-1.40812934298	1.872013137	1.76747321891	44446.7221839	True	
0.322068492972	-1.7029610047	2.165231408	28852.3979621	True	
1.39947151936	-1.54372803285	2.14329614038	26896.2450458	True	
1.54982140039	-1.5918243578	2.24534449417	26508.47397	True	
-1.98827971459	-1.51034644636	2.23063421464	29619.8301336	True	
2.80510719608	-1.65327751469	2.02144777931	35305.3870497	True	
2.83203776306	-0.398889083103	1.82097269329	36458.9409757	True	
1.299140047	2.64622426807	1.75047090971	43145.192525	True	
-1.54625702561	1.27874922678	1.90758122833	32548.0248086	True	
2.46996435997	0.816656098876	1.9440105992	34162.2932158	False	
-0.477598039731	-1.51725035511	1.9608673276	35399.5497932	True	
2.08757683163	2.25628016244	1.97103647186	36195.7681738	True	
-2.073535328	-1.21123464897	2.27474085608	26036.8150902	True	
1.10953187521	-0.221668178238	1.88819442046	32806.6101859	True	
1.75580980221	-1.44795169425	2.25261370267	32586.4581295	True	
2.39212622445	0.62915976379	1.8353918671	34880.4924056	True	
2.55434272331	-1.7090504894	2.44251383267	29120.4593789	False	
1.40311565974	0.899759639346	2.02637236409	42945.9419014	True	
-0.609427953136	2.66374947991	1.88026144694	33027.4144626	True	
-0.420376629174	1.90802083721	1.91133355866	32879.9422694	False	
0.509858234929	1.97761155336	1.86150430948	33570.724349	True	
2.51728679556	1.23805991256	1.96456645385	35606.1178013	True	
1.65313436878	-1.75515896306	2.36012748079	26711.8586376	True	
-0.229502468886	1.57796480645	1.86463762973	33478.9438953	True	
2.03340876902	-1.17490105181	2.04514629851	30817.2718232	True	
-2.28433640691	-1.50451285257	2.43918197319	36010.7423093	True	
-1.12936355558	-0.540921077307	1.81501182795	38682.0475005	True	
-1.24564131962	1.60917576061	1.87888762439	33266.750937	True	
0.170736871853	2.51761075341	1.77738589582	39956.7215841	True	
2.16155865516	1.45722392304	1.9127618045	33082.9947626	True	
1.83359559633	1.68340931682	1.90515200881	32977.7936903	True	
0.507280107876	2.98165740411	1.96723507654	35805.8598814	True	
-1.1375750721	1.22039281529	1.95318922964	32843.3161473	True	
-0.696421513987	-1.6873821492	1.92522503331	47283.2348903	True	
-0.96138726139	-0.675211730029	1.82124391555	38037.6683854	True	
-0.533652668503	0.663936643073	1.74581146119	44328.4711662	True	
-2.05036606575	1.8697324699	2.29409059963	33596.2337076	True	
-2.23762750055	2.16993987505	2.04472422732	36035.5294151	True	
1.4544006453	0.268812572472	1.86087027684	33613.6038808	True	
1.98495528608	-0.609803666801	1.92180915234	32185.0896977	True	
2.88035168115	0.137862321975	1.9443034951	33862.7206706	False	
-1.27190798091	-1.56972161661	2.26239603096	26154.7314303	True	
-2.31390316926	-0.078977174385	2.24899178383	28746.2286163	True	
-0.554246111454	1.55430471753	1.93347206714	33300.9463224	True	
-1.80440603351	2.89516204351	1.99328629314	30231.4674406	True	
-1.07191207572	2.52068564971	1.94032805433	32688.8272073	True	
-2.26915655424	0.817946841836	2.17846902714	29252.2614695	True	
-1.28814837106	1.87421420327	1.79860779276	39783.4215687	True	
-1.91011872452	0.443462495553	2.05589287419	29074.8187177	True	
-0.282842722796	0.69615682762	1.86708941114	33400.8304855	True	
-1.82072561596	1.74305656597	2.00103455426	30065.8280635	True	
-0.103742048968	-1.57286206134	2.03143277282	31696.529785	True	
-0.234625140264	-0.769886002504	1.93645264578	31768.3659534	True	
2.95069801084	2.85828428616	1.74856818162	43388.634104	True	
2.4483919908	2.63489258186	1.92268682934	33335.9884625	True	
-2.21979014889	2.12484497974	2.27688670285	26076.2257692	True	
-2.01534105817	-1.57310967822	2.3989570228	28432.9095704	True	
1.8785296088	-0.855942468438	1.92911182165	31703.0672217	True	
2.84598227349	-1.72786955303	2.4367284133	28405.1828334	True	
1.73353049894	-1.63008863805	2.1354843438	27899.1343811	True	
2.66736836737	-1.64373325544	2.23672355831	25986.8220265	True	
2.06868430202	-1.65704519394	2.50382928564	36017.9669558	True	
2.22220225716	-1.49696307333	2.08364910425	27947.1769631	True	
1.52933540224	-1.51442409609	2.13574124679	27084.3738686	True	
-1.52849498387	1.14218863676	1.95257519076	31397.4743889	True	
-2.11593707471	1.73702937605	2.21939945116	27247.8694321	True	
-2.37805395499	-0.547468537589	2.49832561241	29601.803569	True	
-2.25469171204	2.96144121729	2.26099724472	26329.7446498	True	
-2.01615985072	2.07563217906	2.28920788259	35769.6171461	True	
-2.13002732557	1.36283951593	2.10934382157	28326.9465524	True	
-1.59428755953	0.545896812175	1.8992863903	33187.2578993	True	
-0.0318698605763	-1.46121435101	2.04413016731	28975.4760902	True	
-2.32317941355	0.260856647426	2.4778061914	28252.4231598	True	
-2.32204695568	1.69551252749	2.38802877451	26571.0085861	True	
-2.15337781764	0.576924638641	2.25226214747	26805.8350941	True	
0.630113734764	-1.72291216502	2.21434259647	27755.2237948	True	
0.781255704017	-1.60883411641	2.20017966624	26230.4483135	True	
1.03562467296	-1.75811933557	2.49814344674	30521.1120241	True	
0.122592536451	-1.6739156485	2.19581628326	26986.3459118	True	
-1.46870818964	1.26075970715	1.97971406912	31978.8618667	True	
-2.13915283918	0.35463213408	2.37003287176	31933.373931	False	
-1.90773844911	-1.56051155516	2.52089345596	30826.1311628	True	
-1.00793194187	-1.64928321611	2.38491511739	27782.3689756	True	
1.90544837081	-1.8132898867	2.31751474401	28941.6939509	True	
2.08986758226	-1.66248902505	2.37485748998	27874.950233	True	
1.64956772916	-1.47247248065	2.10050632402	27625.5098554	True	
-1.00957403565	-1.75323876124	2.59026928311	35950.2983316	True	
-2.25129237354	-0.254388675644	2.24666843491	26815.4854021	True	
-1.21578048875	-1.69461005755	2.20016274476	28638.282455	True	
-1.44263196468	-1.42606458572	2.21755038018	27388.8787769	True	
-2.04910136698	-1.21191725952	2.18713642312	27499.4708284	True	
-1.10521392327	-1.47580738386	2.32659787421	32812.8563696	True	
-0.727605079869	-1.5372674447	2.04697318035	30242.567067	True	
-2.37041669083	-0.902106727939	2.46356530776	30223.9798786	True	
-2.14055364567	0.329831665043	2.35908368998	31141.313855	True	
-2.2649381935	0.264300613983	2.43755827068	28226.5728803	True	
-2.16969156188	1.89919090606	2.13880054218	27939.7955107	True	
-2.13016878758	1.00751326243	2.2467895673	27345.3473178	True	
-0.57197755088	-1.22384449586	1.93964363271	31930.1806507	True	
-2.07034485229	-1.237344376	2.28052422235	26047.7550363	True	
-1.11612971685	-1.65173857301	2.37487576832	27197.0916837	True	
-0.933065120238	-1.22823871374	2.06903312689	29701.4790464	True	
0.8594790741	-1.46851893076	2.10011897253	27644.9278591	True	
0.545476720863	-1.69279737552	2.23717969857	26430.2048502	False	
-2.07158633679	-1.27794942536	2.41117169275	27394.9031145	True	
0.034437937665	-1.53170804379	2.230385181	27641.2546421	True	
0.339441718586	-1.25726930615	1.94181575053	31874.6134935	True	
0.462893900439	-1.62809047306	2.24753199114	26029.1481524	True	
1.12735317559	-0.835460695922	1.92662121028	31767.2811848	True	
1.74077421158	-1.80169503452	2.32092558415	28324.7752939	True	
1.20464851081	-1.77731825404	2.40292904913	27478.2399156	True	
1.04934565713	-1.66696976078	2.1704561046	27534.4779567	True	
1.60865646903	2.98477653461	1.85582351464	33787.1605876	True	
-1.50968940145	-1.72372198965	2.43511626446	28118.5982775	True	
1.30833721728	-1.59023174027	2.25334270435	26660.2111416	True	
0.889927730919	-1.70681301946	2.18946990985	28027.6635161	True	
2.2208893093	-1.5659009601	2.34387175137	31110.4477804	True	
2.40415221028	-0.163043117415	1.96569133942	34672.503141	True	
0.772940330989	0.714722911326	1.7929426506	38330.5338377	True	
2.31015517087	-1.65237557989	2.37292536749	28159.720252	True	
2.37631361491	-1.76984780531	2.36920518774	27018.7631921	False	
-1.90533619114	-1.31949709827	2.38701547885	29511.808367	True	
-1.10752310153	-1.52431893152	2.1198536574	27503.1450977	True	
-1.07981978719	2.13972032017	1.86237057362	33868.886412	True	
-2.0205705499	0.853461948497	2.13369601104	28065.7945899	True	
0.317663734673	-1.54710049984	2.17091206139	26673.7344305	True	
-0.151169427877	0.0814630679026	1.91203440646	32758.4022129	True	
2.77225057184	-1.29278511217	1.95090607543	31646.4020793	True	
1.76617232467	-1.73839319757	2.29798700373	26505.8276766	True	
2.0793696443	-1.74389606326	2.32792178458	26457.0440494	True	
-0.418789813458	2.27158772942	1.90427553686	32826.6967344	True	
0.20457338811	-0.475838782061	1.9290252393	32436.7668032	True	
-2.22317227289	0.00816073438232	2.15525703051	28850.7731923	True	
-2.16868599761	-1.06925814694	2.41282280654	27220.3290758	True	
-0.777751336337	-1.53033591566	2.23136958713	27215.3830411	True	
-1.55037809327	-1.46459316655	2.25336471677	26699.5924841	True	
0.620109301602	-1.37975824785	2.11737286172	28906.6729109	True	
1.64378794167	-1.53803528351	2.16932707784	26774.3010199	True	
0.436448658046	-1.73159995177	2.27881081281	26586.4911139	True	
-1.30418506648	-1.41714096014	2.24795035668	29630.119241	True	
-1.26970104514	-1.31317327623	2.17520098654	30120.6110639	True	
-2.22384387952	0.0399040307507	2.37008083235	27229.9518135	True	
-0.589537086219	-1.57070451178	2.08204948473	29098.8339684	True	
-2.1092650142	-0.557582106675	2.22791082595	26611.5750075	True	
-2.01757423724	-1.30343213393	2.25700896966	26195.7885676	True	
-1.82619287369	-1.47614109701	2.48154090498	31997.8683298	True	
-1.05378020044	-1.76780123661	2.45013855692	28537.6910896	True	
1.17846272383	-1.77258691529	2.33679045527	27086.9555743	True	
1.52796099133	-1.84741993615	2.41854684062	29936.2544744	True	
-0.759548445622	-1.67950861072	2.37016402564	26922.5351667	True	
-1.89075324852	-1.3574450266	2.26179563667	26014.1566767	True	
-0.811641084299	-1.78302529763	2.38224377664	27711.8589323	True	
-1.60054528187	-0.616571650632	2.07988209777	32595.5879226	True	
-2.00520916383	-0.844348748635	2.17090872136	27030.9501627	True	
-1.70143805664	-1.50340312163	2.30528606663	26158.0216094	True	
2.55499255094	-1.73367234473	2.42902149599	28034.0450191	True	
-0.106325312624	-1.69596525431	2.25841568919	26211.4632708	True	
-1.99676134144	-1.26249530994	2.26695477294	25977.4715569	True	
-0.385211790501	-1.56316513999	2.12693242945	27306.3822488	True	
2.51924739895	-1.64474897859	2.23405775558	26002.2492474	True	
-0.288764259398	-1.61117943567	2.16019785838	26933.6203533	False	
-2.30537375241	0.0498279528126	2.36796337168	26381.1377222	True	
-2.13184215357	2.75652671575	2.11377963834	28193.7498813	True	
-2.16485569109	-0.0143705989508	2.26840033538	26595.5796021	True	
-2.18723791111	-0.0434320833575	2.22957401254	26295.3487649	True	
-2.26105251196	0.224703137729	2.24035905562	26954.6644645	True	
-2.29836345387	-0.796935606983	2.31064541331	27968.2608068	True	
-2.12286596946	-0.639912324538	2.20565465342	26477.6630484	True	
-2.16181115007	2.19048452272	2.19200981939	26670.5544839	True	
-2.24623735646	1.94866112094	2.36064948112	26628.1132949	True	
-2.07332258313	0.0802851748624	2.11244795042	27821.2960415	True	
-2.28020580211	2.43231921414	2.34720973535	26105.01415	True	
-2.06091367165	1.3825993113	2.11417482017	27791.9684443	True	
-2.07938851581	-1.00269678783	2.19205107271	26736.6909221	True	
0.389181455662	-1.69082037849	2.27940858796	25968.5676046	False	
0.515202542033	-1.5231065681	2.1934684205	27166.8293896	True	
-1.89995322191	-1.20014041802	2.28230381415	27894.8443476	True	
-1.80929996058	-1.49412876746	2.29890669575	25935.0315433	True	
-0.886712369482	-1.41555699131	2.04289902148	28927.6949242	True	
-2.11916390288	-0.707565094963	2.17818416295	26894.7384903	True	
-2.02098935863	-0.908053651328	2.26251340819	27703.1241485	True	
0.666708419281	-1.52736849835	2.16967525233	26891.1721624	True	
0.290237923513	-1.62029191776	2.21080364671	26144.3371542	True	
0.438619306577	-1.56123708494	2.22405045172	26803.7453696	True	
0.854704255635	-1.67967038994	2.27775165573	25916.6607945	False	
0.86059953374	-1.71264259878	2.3691362801	26673.1887566	True	
-0.581976481376	-1.66393372105	2.40051155871	28475.4010056	True	
-0.166752806242	-1.651728038	2.33082711238	26740.6482422	True	
1.34241130682	-1.67424481728	2.29390757189	25958.6624573	True	
1.38072596089	-1.69159745439	2.24062640352	26342.2661481	True	
1.11922288917	-1.66691234607	2.18460072651	27104.5811479	True	
1.69357609157	-1.74177970555	2.41845204307	27626.4662845	True	
1.86432610348	-1.69313949561	2.4201670563	28646.7404186	True	
-0.801505859669	-1.66902117775	2.42806343999	29269.8766146	True	
-0.620248779077	-1.58623626883	2.28712453768	27166.4992332	True	
0.638498524327	-1.60559922134	2.21588325877	26162.0043494	True	
0.751454677198	-1.69332312276	2.30153505403	25970.6389784	True	
-0.918287208165	-1.53300085288	2.17274216688	26595.9964122	True	
-2.03105757278	-1.12504994469	2.2403611949	26142.743963	True	
-2.24942949982	0.172654545143	2.31585923949	26001.1570291	True	
-1.98291610821	-1.4146919125	2.34751523813	26167.2886358	True	
-2.10649490731	-1.24549704293	2.43027496499	27718.510572	False	
-2.05110911657	-0.606773326117	2.2072675656	27273.2663821	True	
-2.26281310862	-0.432990977241	2.43992841271	27831.138606	True	
-1.32782094862	-1.46693133597	2.17899466719	26745.3618614	True	
0.544242454735	-1.68010825086	2.28683014501	25921.0079989	True	
0.953494358184	-1.62705856663	2.21154557424	26143.5804167	True	
1.17488653364	-1.66284341783	2.28991736116	25996.3541377	True	
0.28346617047	-1.59076452848	2.21038904872	26265.13391	True	
2.48423722095	-1.61631514325	2.2626811443	26294.795179	True	
2.83456598113	-1.64415270152	2.27924944055	26083.1901609	True	
2.76514823601	-1.66843174514	2.28653369966	25943.5042814	True	
2.36241541356	-1.72233553937	2.25739373505	26679.8638227	True	
1.68958058138	-1.60344656659	2.23428093469	26223.3885723	True	
2.17086549311	-1.74304443389	2.34514552159	26468.7914902	True	
2.29544638339	-1.71301785864	2.33509333726	26195.2563693	True	
-1.87754019872	-1.49280164303	2.39475535522	26994.3792904	True	
-2.1160197328	0.820834702728	2.15924041304	27096.8473009	True	
-2.29163013289	0.485597114677	2.34035322207	26168.573073	True	
-2.18168002318	-0.882423901298	2.31771508894	25991.8930984	True	
-0.0605785121898	-1.71125009183	2.33265313427	26175.4691061	True	
1.97198549328	-1.53071398256	2.09826443931	27748.7244433	True	
0.907171462114	-1.60886842862	2.22051775554	26138.0595141	True	
0.300233732685	-1.46025028688	2.14090775118	27698.7781917	True	
-2.07214386596	-1.11376376661	2.28191359915	26023.3600145	True	
-2.30094531809	1.74014256482	2.39850571857	26585.0421991	True	
-2.15242457351	-0.383465344119	2.20617589349	26493.1884853	True	
-1.67780181057	-1.59999009293	2.46283045893	29326.4394366	False	
-2.18049332963	-1.06605634069	2.34643468808	26137.723701	True	
-0.992944075421	-1.61009067094	2.25761687115	26000.1274726	True	
-2.03101999079	-0.915336686531	2.22059466979	26722.530932	True	
-1.63228117728	-1.350308229	2.12122556907	27377.0629573	True	
0.466361988446	-1.59021666819	2.166725342	26602.2922432	True	
0.189999097951	-1.67037226004	2.28634526355	25929.7111034	True	
1.99204048609	-1.68498687037	2.28459140363	25926.2318371	True	
2.37279781852	-1.56140245319	2.19574628633	26559.7399045	True	
-0.512121928722	-1.34690916928	2.09441412386	28809.3023827	True	
-0.122732914856	-1.7497729098	2.39425914687	27072.691649	True	
-0.591105006138	-1.59919220897	2.2393099605	26170.2691716	True	
-2.18849043041	-0.826209609695	2.26236487503	26238.2825871	True	
-1.91546192206	-1.23845036204	2.25420290352	26542.1517857	True	
-1.9482534933	-1.32358751258	2.26184971212	25977.7970169	True	
-2.06037475606	-1.34835128962	2.30488194023	26336.2611047	True	
-2.20419596973	-0.362455215057	2.32763101912	26422.8519966	True	
-1.02572204992	-1.63080274638	2.26514304047	25915.8783862	True	
-0.704610964263	-1.66833060938	2.25398753428	26046.1032399	True	
0.61193241897	-1.73224916212	2.33629752138	26315.5765626	True	
-0.62696128083	-1.36493986027	2.04422240215	28724.9954535	True	
-0.789690571322	-1.68353067903	2.40628085284	27917.6443929	True	
0.259457967071	-1.67524992073	2.23431466249	26220.7357489	True	
0.936385333918	-1.64831816548	2.23191379997	26026.4847716	True	
2.22261015896	-1.67905894901	2.238330145	26194.7627964	False	
2.2674575991	-1.72993778752	2.27080801564	26642.6296982	True	
1.87406082745	-1.67982216178	2.25077666049	26059.5951133	True	
-0.254228722068	-1.61913537873	2.24836932574	26074.0138123	True	
-1.06897131656	-1.61946052756	2.21687312834	26226.3541123	True	
-0.7597484422	-1.59905827602	2.23086925314	26098.5131267	True	
-0.726671313905	-1.67475221491	2.24415121301	26241.0696908	True	
-0.273941570699	-1.68918818533	2.23956664114	26397.1178639	True	
1.68889619473	-1.71894365331	2.35619571372	26430.534788	True	
1.02546776416	-1.69391946399	2.25538937365	26176.2891	True	
1.03067849901	-1.72714955049	2.27275071342	26553.2641273	True	
-0.205513011883	-1.7164718684	2.36704872604	26589.3858695	True	
1.50062823369	-1.72231573589	2.40012473452	27303.1872255	True	
2.88797195421	-1.69473687887	2.28510334451	25970.8759955	True	
2.87043397646	-1.57448330387	2.2180584144	26512.9276613	True	
2.36777944379	-1.67085183199	2.2486868927	26004.9095929	True	
2.80251052451	-1.60144522755	2.1667356683	26649.6786663	True	
2.96813002097	-1.7232158428	2.32344100557	26184.6745158	True	
0.761185786692	-1.64990057084	2.31574538042	26525.1966584	False	
2.39842748548	-1.63078210456	2.28602221002	26368.4384945	True	
1.73105583408	-1.72204718428	2.28534860717	26299.8973324	True	
1.50378128904	-1.65061117709	2.26704303825	25948.7322125	True	
1.0899353145	-1.68505507623	2.27526207026	25942.688325	True	
-0.634365280083	-1.64449183553	2.30688419671	26265.3019267	True	
-1.72050632599	-1.48510918732	2.20914456437	26444.1798094	True	
-1.94429067807	-1.21571715278	2.27862567475	26772.5293031	True	
-0.994005851957	-1.67243337992	2.30086488834	25971.6887524	True	
-1.83573886947	-1.51766976619	2.30301762269	26079.7372536	True	
-1.87113622267	-1.42545361213	2.27718219878	25927.1401028	True	
-2.26942925952	-0.00944871671733	2.26351431147	26719.4125228	True	
-1.75828446789	-1.49537594099	2.30596362159	26028.2077061	True	
-1.82946905568	-1.44327325556	2.3044802634	26075.5929118	True	
-0.91251583723	-1.6149495252	2.21768257864	26126.8462459	True	
-0.272732293367	-1.67184214785	2.24621304812	26076.0130052	True	
0.266236401367	-1.68616720977	2.3111733264	26026.6118439	False	
0.552232207172	-1.62509911338	2.22106654217	26074.5310288	True	
0.624636001717	-1.68156566971	2.25087054671	26081.7363408	True	
-0.803384689311	-1.71133945084	2.26707269514	26611.4646633	True	
0.203471475565	-1.70271581942	2.29497936522	26017.7720135	True	
-0.271867331696	-1.7066179166	2.27754798128	26190.1126704	True	
-1.09582137741	-1.66440523259	2.28974078499	25965.2851105	True	
-1.93763879614	-1.41131753989	2.33287136704	26099.5719686	True	
-1.4618783827	-1.53359532066	2.24354127284	26075.8414556	True	
-1.24546584933	-1.48949956456	2.16025398613	26744.7076395	True	
-1.31792772964	-1.68491423347	2.40787227303	27312.7509621	True	
-1.89229588143	-1.50887664036	2.33119178069	26197.561404	True	
-2.22542833821	0.190409452554	2.28618228875	26023.8277818	True	
-2.25917540984	-0.36346811451	2.26959530517	26612.3745132	True	
-2.32295055973	0.854268773229	2.33867062017	26726.8864562	True	
-2.2037421623	1.94809318681	2.20257705422	26721.1639621	False	
-2.24826103302	2.6824047856	2.35751833625	26526.8335318	True	
-2.17791253809	2.88592481577	2.23441595766	26362.7128841	True	
-2.31258153488	2.87933678612	2.32800794084	26548.6283908	True	
-2.23292514268	2.32759482277	2.30109150922	26060.7729539	True	
-2.2660938895	2.50040642909	2.33638116685	26063.9816238	True	
-2.10295593166	1.36102324369	2.20317732385	27302.8729116	True	
-2.25227713174	2.93924131738	2.21988538698	27149.7257761	True	
-2.29292041868	2.29406108064	2.34850457074	26158.6207293	True	
-2.23200768805	1.50639609004	2.30264590449	26074.7029635	True	
-2.2919589951	0.694976986477	2.37719196773	26333.8261759	True	
-2.26630753815	-0.469312064823	2.37099294616	26282.2407583	True	
-2.03886160673	-0.820004373131	2.1868288137	26797.9923285	True	
-2.02254199305	-1.16882899034	2.28034605989	26184.796851	True	
-2.07864654544	-1.03002538511	2.24283146433	26127.8794701	True	
-1.05201691477	-1.65417270821	2.30707645704	26002.1085605	True	
-0.871924547418	-1.61951932323	2.25896683477	25987.0784118	True	
-0.647748281135	-1.63712727926	2.24072567048	25975.5798297	True	
-0.133971562473	-1.55187382032	2.18085008254	26592.9085523	True	
-1.31057713614	-1.63452816082	2.32246983301	26106.7805205	True	
-1.75966076205	-1.42260643334	2.22274154494	26149.8228158	True	
-1.7854708153	-1.53337896074	2.34069290694	26157.2898467	True	
-1.2844377154	-1.65558610269	2.28882541392	26030.5022002	True	
-1.95809498597	-1.24641204539	2.20272165205	26436.496956	True	
-2.24284195906	0.247152490689	2.24452366666	26496.2250712	True	
-2.29407525464	0.0465666702934	2.34046231012	26252.7168679	True	
-2.20522126466	0.017731345106	2.2850130606	26140.3664057	False	
-2.16712256765	0.224610551675	2.22937005691	26395.3586914	True	
-2.27092609859	-0.153641943042	2.33302953439	26078.5528921	True	
-1.98354914953	-1.46170438362	2.25036965537	27688.20087	True	
-1.91942574975	-1.35821180518	2.26697708416	25959.3393529	True	
-1.66918432204	-1.41863862228	2.19474213061	26400.8996388	True	
-2.0234472049	-1.17322643307	2.23518847085	26143.3073814	True	
-1.85847511312	-1.4117225824	2.29485919217	26053.5099726	True	
-1.6955778054	-1.46124248872	2.24404282131	26066.6049111	True	
-2.1370123687	-1.15490057427	2.37067396534	26380.1908943	True	
-2.18285148074	-0.84973656074	2.25143933486	26375.8996075	True	
-2.0793648418	-1.15553882368	2.25423537805	26122.9945615	True	
-1.96483864988	-1.34581005295	2.28430998374	25930.4994341	True	
-0.0896460103741	-1.65977366077	2.29580200706	26046.6269527	True	
-1.21318228416	-1.60782667679	2.26038803992	25930.8515561	True	
-1.2870184206	-1.54063144275	2.24515969438	26336.9883691	True	
0.183908589346	-1.66040270356	2.27738540138	25930.3027677	True	
-0.125041119118	-1.61415505809	2.18678818936	26412.8292066	True	
0.22070521067	-1.76320713827	2.37990674009	27002.9524682	True	
-0.268480504813	-1.6979503627	2.29280953124	26007.4833044	True	
0.22110425368	-1.71288377454	2.25244298283	26580.719056	False	
0.404140436713	-1.61741333654	2.23249652139	26076.8734243	True	
2.00838239516	-1.65855122361	2.22230453843	26191.4150899	True	
2.82748270707	-1.63788474045	2.23248798584	26007.0629031	True	
2.54877969522	-1.6365879586	2.26480045247	26046.81341	True	
2.41119391614	-1.65186388931	2.28163038637	26024.0987898	True	
1.75852786852	-1.6718439752	2.26138007252	25932.859402	True	
1.51526330189	-1.72338234633	2.30271542493	26206.3220685	True	
2.0378941593	-1.64904599079	2.21510895666	26207.8936442	True	
0.893671470823	-1.72559918953	2.2918526592	26311.3420245	True	
-0.0588437341285	-1.63046558396	2.22878132236	26028.5215419	True	
-1.40754032997	-1.66137790818	2.33297585124	26188.6298064	True	
