Parameter 1	Parameter 2	Parameter 3	Potential	Equilibruim
-1.16310644214	-0.0197448560239	1.77790922217	42041.8720757	False	
1.18793578527	-0.934972694136	2.22573962747	65929.7710889	False	
2.28080470321	-0.491131132186	1.80796436438	37818.0203693	False	
-0.591411980021	-1.73610161565	2.44821014507	28539.2358237	True	
2.24429790474	2.3866028045	2.14629189061	73010.1450494	True	
0.0414748975515	2.25115571064	1.6532162633	59001.516775	True	
2.46889550328	-1.61641144555	2.18165979834	26482.4785464	True	
-2.01036690458	1.72452638608	2.06607939978	28680.8252044	True	
0.630313619344	0.889965498989	2.00061919535	39184.5939403	True	
1.96118411846	1.09106998346	1.91691807762	33153.886416	True	
1.75474844003	0.859554311047	1.72482930371	46791.6470797	True	
2.05894674263	2.90350237354	1.83037692079	35160.5999633	True	
-0.372335384773	1.02066622948	1.89413972517	32837.1013364	False	
-2.0571214141	-0.968424605801	2.28340022055	26908.1053138	True	
0.278930109536	-0.295127093294	2.10085046773	53745.7563113	True	
-2.22167210081	2.95419162253	2.44735930622	31179.2346443	True	
-0.74796968554	2.40590316037	1.65440610076	59597.9996563	True	
1.3053964311	-0.682291310395	1.87349779073	33415.2329286	True	
-2.03373741186	-0.169191894848	2.10100612319	27986.8722503	True	
0.720347167104	1.83282965345	1.72463050406	46785.4521138	True	
-1.90922000447	-1.81098221932	2.61646701001	39883.0089399	True	
-2.45748335173	-0.27493226226	2.29150038253	38485.3328559	True	
-2.13625523229	2.38463742664	2.52339259051	47588.7289987	True	
1.13334924497	-0.0940698298998	2.05259284596	45577.033482	True	
2.15423232594	-1.39610232582	1.70718676602	63525.4113074	True	
-2.58105354301	1.6295864991	2.33650686769	52398.4156761	False	
-2.32171827848	-0.809459874174	2.69188313311	40899.045925	True	
0.513202261224	1.21791322566	1.68955015084	52416.7663768	True	
1.91129211583	1.90138727745	1.69015627815	52239.6146708	True	
-0.566053766482	0.439808816094	1.79460759555	38581.5175273	True	
0.168210890131	-1.86862653818	2.14778629992	40697.8665503	True	
-2.26424745262	1.31990841211	1.93001538529	49508.7705705	True	
-1.58808372426	0.00394315500477	1.94064860011	31465.7063665	True	
-2.01182925253	-1.14305334053	2.52048558472	40394.3531202	True	
-2.34247166265	-1.08597137819	2.84543087899	56704.8337859	False	
-2.89311812299	-1.2496565764	2.29649549748	137093.1298	True	
1.45239516198	1.70742216284	1.82740659951	35365.937125	True	
1.47292010043	2.22502065074	1.75105370677	43068.4360941	True	
-1.70225899869	0.308357737811	2.22448456668	51328.1233239	True	
1.32174528837	2.02340089684	1.79197662653	38352.7507551	True	
-2.41646976574	2.09766126124	2.49270080229	30075.351386	True	
-0.907533273681	2.56788770329	1.90705842998	32580.1882234	True	
2.1952879273	1.95069491806	1.77665988174	39964.5787578	True	
0.0711306518294	-0.995994259037	1.88705487946	33501.844213	False	
1.05410475145	0.810888859104	1.92300815675	33278.8292504	True	
-2.30533906241	1.17393159967	2.02793582077	42161.0036825	True	
-1.3694039844	2.62324171803	1.88746670355	33061.148354	True	
1.50495213583	1.6841367345	2.00684243708	40195.7065531	True	
2.88671769109	2.08340032834	1.9209512593	33283.3584986	True	
1.18708168253	2.32239063297	1.97782673522	36817.6237677	True	
1.01672597771	0.244069579417	1.80115918628	37653.2675436	True	
-2.19405150147	1.52697021959	2.50044028754	37578.8747311	True	
-2.03625466893	-0.323328740256	1.99478213281	32876.9158994	True	
-1.86874296572	-1.58999898377	2.2013352548	30801.3157139	True	
1.53949197256	2.11390074985	1.80370560459	37242.1294504	True	
1.00488610347	2.12514940587	1.89264235696	32937.5721825	True	
1.70738816946	2.62876257256	1.9735581421	36424.7984931	True	
-1.97334829489	1.78392298329	2.2438631571	34954.8799859	True	
1.50929423982	-0.223696601163	1.63075691631	64158.581709	True	
-1.04926692116	-2.0786079375	2.08194597197	74697.7905958	True	
2.77564325585	0.676725253582	1.70769026545	49464.1757355	True	
0.909394045637	1.1709657689	2.00050463304	39276.956524	True	
2.4208134898	-1.86362738921	2.08715614895	44635.7130547	True	
-2.11865615211	-1.52688994241	2.0938591985	43951.7931136	True	
-0.355393915412	0.947472032109	1.90676443413	32835.812092	True	
-2.23657513095	0.942333855163	2.58632716049	41281.0397825	True	
-1.37955570394	-1.30679009314	2.20411952402	30765.8753751	True	
-0.929822510679	0.303707436986	1.99096807853	35628.0156255	True	
-1.1686027393	2.48330907561	1.54728275953	83669.7528646	True	
-0.385241666322	-1.07872682177	1.99593950583	30632.9558253	True	
0.139868956779	-0.7849424652	2.09683184383	44358.4225236	True	
-1.70663155826	-1.21685537307	1.97900170508	33105.7287642	True	
0.455311254065	0.120467438835	1.95379888302	34309.1098958	True	
-0.336279555946	0.907075178145	1.97180890593	35697.3777983	True	
2.76163642773	-1.59775851772	1.79426759966	58197.0880814	True	
-1.76897983874	0.28927315319	2.17602506358	39774.423251	True	
-2.13351069638	0.934785772605	2.19928108057	26777.5498099	True	
0.288675731097	-1.4597662061	2.32579816231	37582.9457241	True	
-0.759580558953	-1.52677244821	2.48208249162	45526.1740312	True	
0.202460971026	0.260529824223	1.73585563547	45479.1300658	True	
-0.717337404085	1.08917219656	1.71153318503	49608.7667183	True	
-2.57620769042	2.62384226158	2.282221864	54585.766239	False	
-1.99679049351	2.34175772091	2.13236642377	28503.6135024	True	
-0.73025848104	0.445802776044	2.02093032289	39867.5935127	True	
-0.00772422943924	2.02824504454	1.89149205899	32910.9251085	True	
1.86830918944	2.91438166444	1.88780912526	32971.7440324	True	
-0.282333579019	2.61654813792	1.60692873577	68368.7155073	True	
0.593157105098	-1.19772618237	1.79126016872	45324.5906783	True	
-2.39332702613	1.665856668	2.68605285357	38961.6185031	True	
1.6433175711	-0.988524369529	1.89320492612	33066.5249208	True	
-1.94770724877	2.10317609128	1.91152640285	36608.2769157	True	
-1.1388986369	1.24471002322	1.66619914895	58861.5408306	True	
-0.605509316107	-1.92275836841	2.3374909395	37275.4169756	True	
0.455550124721	2.3921285905	1.96623218484	35712.2274731	True	
-2.25400055527	2.3565714379	2.44711816072	29285.9669886	True	
-2.4744168449	1.27670664861	1.92738596629	71993.8284081	True	
0.641661161831	-0.517031001303	1.89299561923	32624.2045317	True	
-0.778752982227	2.33914754764	1.93796007329	33200.0747322	False	
-1.98275234576	-0.978172543249	2.12009781902	27695.6913936	True	
-1.05140875706	-1.47691635721	2.30853793981	31893.0230362	True	
2.72994531826	2.31403678828	1.61632496342	66088.5689806	True	
-2.09961636388	1.27780849849	2.19791341006	27305.3448603	True	
-1.84613350696	2.56925350032	1.89302168584	36164.430171	True	
-2.01952286972	-0.113778796447	2.39022920872	44127.3667937	True	
-2.29751383277	1.05090825891	2.50202906972	29996.1984904	True	
-1.70687310935	2.79664905439	2.13926830059	39117.3183923	True	
0.923926159999	1.68264724872	2.08100818259	54047.3699205	True	
-2.41630264695	-0.522067749062	2.51458084342	31419.7037081	True	
-1.83002645367	1.38818926015	2.15543386234	35242.497143	True	
1.18640907926	1.42735568986	1.88964168002	32950.7567099	True	
0.51647944485	-1.17312555291	1.95298136915	30973.0973772	True	
2.94317079851	-0.62165264684	1.97649859753	33589.3435679	False	
-2.16240770726	1.59618775459	2.42362125222	34207.1108079	True	
-2.10525955646	0.169291006523	2.32335537507	31183.1660677	True	
0.691404004791	-0.9479848071	2.03558921464	34056.3834789	True	
-1.50645485667	1.74589466644	2.06701137627	37257.4797921	True	
2.86752802731	-1.84479089245	2.31923433605	30742.2462059	True	
2.73370116454	1.09353323736	1.837828262	34706.7239932	True	
0.909017098664	0.75910821006	1.8959112341	32900.3746449	True	
-0.384434910453	-1.25488581115	2.16709327812	35523.7002007	True	
-0.142797873033	-1.55417657725	1.97990153792	34838.027582	True	
-2.29649220026	0.804393713803	2.37351711413	26301.8163947	True	
0.379362527639	-1.59185155994	2.30640012933	27963.482801	True	
1.49981334984	-1.87815499182	2.58626871878	35806.9518206	True	
1.26680031333	-0.647294663429	1.97276947145	33244.6400677	True	
-2.35630620774	-0.270122208936	2.31564281184	29053.0054886	True	
-0.114223847054	1.92388864925	1.96237804008	35215.2118422	True	
-1.95041111304	0.705934277099	1.91837695126	36127.9719897	True	
1.63872308452	2.01190492404	2.11731440688	63836.1931996	True	
-2.4192252327	1.78339358719	2.44295882352	30008.9556236	True	
-0.831241018731	-1.65501131627	2.02475708801	36047.2084018	False	
-1.61903821629	-1.86882140813	2.61521935127	39540.9701391	True	
-0.957447287004	-1.76823853423	2.31067634426	27838.0403363	True	
-2.31393404824	-0.108370491964	2.29344924285	27466.0013418	True	
-1.20823233154	2.63729622103	1.80855643961	38356.3958987	True	
1.99907890682	-1.53356044542	2.13525465656	27014.8000337	True	
-2.3901893049	0.199096877104	2.41231810062	28780.2714977	True	
-2.23236411499	0.503622627773	2.03536578549	36664.3442424	True	
-1.85501430132	-1.54237620367	2.56335155763	34786.4797064	False	
0.592352341876	-2.01605157923	2.25976216061	51182.5408765	True	
-2.23618475785	1.05398683722	2.31928911766	26155.8532049	True	
2.8244737001	0.169529345775	1.88074365931	33014.2110695	True	
1.12283839903	0.267315419128	1.90743526224	32868.6082489	True	
2.03095625313	1.21815702149	1.97861794974	36857.2211777	True	
-1.90372802936	0.998346737101	2.09186497526	29502.1784371	True	
1.42383515906	-1.08634391406	1.94838559391	31052.0538166	True	
-1.40658560058	2.08915814866	1.8517948697	35383.2314097	True	
-1.45692220241	1.473317051	1.73575588829	49533.7319667	True	
1.26774367753	1.9907672232	1.80530097741	37103.2292206	True	
-2.24779852934	-0.726586581041	2.54078033898	32605.3217138	False	
-1.72599269149	0.12489029342	1.80677493206	43676.7716094	True	
-1.93319956515	0.123445925539	1.86807790861	41030.9638535	True	
-1.55096968796	-1.48173007189	2.28942698033	27109.1874376	True	
1.82049109166	-0.779294123021	1.97290752861	32469.8200601	True	
-1.4273439664	0.470098203115	1.91922464573	32008.2296376	True	
-2.03624029905	-0.825701707194	2.07985314832	29296.6782962	True	
-2.30062979104	2.62619446995	2.41432476064	26864.041261	True	
-2.19875638304	-0.91391772022	2.06406891468	36449.8440953	True	
2.00625799837	-1.5747916162	2.16517106295	26598.363702	True	
2.71011167428	-0.0443227049609	1.85820801936	33765.2567238	True	
-2.24138316827	1.36546218901	2.21691759537	26990.0799113	True	
-1.81178419829	-0.223487228815	1.81344931978	45048.0467534	True	
1.64175185153	1.20739789988	1.88306597498	33019.4911657	True	
-0.0528298968242	0.418948107907	1.87286787658	33213.5062716	True	
-0.446675208239	-1.49222225156	2.21957882296	28377.4521893	True	
2.01210562673	-1.35507027404	2.12734329998	29832.2593569	True	
1.576135423	-0.431966012385	1.98832809237	35427.9436448	True	
1.3783886128	-1.62096540467	2.26491803384	26245.2409041	True	
-0.320336360225	-1.17688872737	2.11751358945	34473.0808114	True	
-2.05470313881	1.01717329975	2.22878172654	29502.5241712	True	
2.00284138183	-1.18946476336	2.07897906324	31974.9118658	True	
0.999102078818	1.24635938774	1.81386342074	36394.6844714	True	
0.0637081880039	-0.736051513458	1.88921713933	32793.635567	True	
0.0413889625713	0.403577037135	1.83691108547	34861.8787056	True	
-2.31157532298	-1.10560803855	2.28667506496	32085.2194083	True	
1.80484484578	1.7886141313	2.02393395031	42730.7062393	True	
-2.11344594177	1.19180029612	2.38896826871	35867.0826578	True	
-2.30746242181	-0.45072968092	2.12827483888	35517.7884909	True	
2.35706441246	-1.56501775072	2.071399509	29198.8901537	True	
1.83761806122	-1.36082282722	2.29764279973	43642.8541158	True	
-1.72900187116	2.17383648381	1.75690315082	50367.580946	True	
0.71405943116	-1.72190983696	2.20679407638	27957.4192398	True	
0.169259783839	0.160927244117	1.96305292687	34896.801474	True	
-1.155281483	1.73647925086	1.97606132201	33821.66751	True	
2.25971143423	1.60212981789	1.65988947816	57609.6673598	True	
2.83137271356	2.36319822148	1.86197680457	33548.87864	True	
1.16331470009	2.46463619225	1.87278424118	33223.1215565	False	
1.90266468006	-0.247196667339	1.93814894561	33117.7929824	True	
-1.6813184991	-0.561238914366	2.15973494602	37531.924867	True	
1.0038554929	-1.1521156599	2.18749003845	44284.5301296	True	
0.0530950871121	2.00654072094	1.87705739182	33119.3289038	True	
-0.775111652855	-0.0573565599666	1.8744413372	33234.1668337	True	
-1.42210570831	-1.5173317118	2.15963192716	26885.2035058	True	
-2.51177278093	2.1793488455	2.515706366	37563.6768464	True	
-0.779277889188	-1.91406819879	2.54877863202	36614.0629392	True	
-1.85719699883	-0.948813326661	2.26394796357	33275.7521521	True	
-2.0467026025	2.81288078672	2.16019032085	27916.6585333	True	
-0.387283559701	1.45884647661	1.93810887518	33608.8355397	True	
2.77610360317	-1.41164519476	2.04229924129	28754.4758197	True	
0.571330364928	-1.58189530816	2.26304639085	27042.1383944	True	
2.36974620906	-1.2727129046	1.96623272561	30779.7408352	True	
1.9902879846	-1.73699656683	2.49217691571	30735.9925363	True	
1.02592250151	-1.28656340558	1.96105456394	31091.3978627	True	
-0.740395120153	-1.66981609825	2.37232389649	27181.9701268	True	
-2.18985058214	1.14300384441	2.04853953006	33386.5395055	True	
-1.97285530233	2.18059601686	2.11062598572	28639.6069999	True	
1.71240325412	2.85764783203	1.98608665426	37684.5416243	True	
2.49918878045	2.56885441274	2.00084488094	39434.8953854	False	
2.22112683424	1.59917793132	1.99320874324	38469.2229543	False	
0.335274456958	2.81714441313	1.94978322367	34514.1170894	True	
1.19271929127	-1.46482290151	2.2936502529	34506.4064525	True	
-2.01206833302	1.54639791488	2.05485263636	28988.5863129	True	
-2.37111264123	2.57295972164	2.31016356603	29330.5574241	True	
-0.986844682957	-1.80693107352	2.40243565193	28816.3725155	True	
-2.37327726505	0.251114976356	2.36648485571	28401.2891313	True	
-2.07626381664	1.43668985351	2.11995538124	27685.1631842	True	
-1.45829661229	-1.34926774669	2.06882301134	28389.0508767	True	
-2.18393151056	-1.13431830295	2.50662023089	30164.5061536	True	
0.887056555336	-1.11817257833	1.89491654604	33645.7615911	True	
-0.655970773997	-1.68256099816	2.36014000021	26689.8655424	True	
-2.25120903609	1.7487057037	2.24208960061	26604.6254272	True	
2.08625933604	-0.125271258079	1.92734801128	32971.317624	True	
1.49395476114	-1.88278447839	2.58050848362	35690.8469775	True	
1.2372330809	1.68304425115	1.95392483299	34836.4572803	True	
1.43837587381	2.52559454978	1.77653497774	39978.7986115	True	
1.79237864848	2.89064936828	1.92894476899	33546.7485087	True	
2.80402696185	-0.948286286654	1.95768312105	31283.0200914	True	
2.76597864093	-1.48274563867	2.12268672946	27386.3456885	True	
0.451244137672	-1.66883783885	2.23399246121	26147.028282	True	
2.13457306639	-1.61666403966	2.02436616993	33524.5536082	True	
-0.436335069068	-1.68635261785	2.06400181408	34073.7258935	True	
-2.08027050701	-1.2795045992	2.2645212029	26600.6940676	True	
-2.18713824502	1.67464150451	2.29399887474	26744.0080654	True	
-2.16909095402	0.938245366408	2.20418452921	26539.6511789	True	
-2.09809218188	0.592130376161	2.42524200477	40694.7767963	True	
-0.76117608967	1.57105405566	1.91882360007	32758.6299727	True	
-1.98407684238	-0.377914697813	2.06709658351	28648.6733115	True	
0.649866478774	-1.53999153445	2.10446638068	27652.1057848	True	
-2.17700729229	1.77609783072	2.27960575036	26743.8019322	True	
-1.32246872022	2.15995262254	1.94948813643	32100.818543	True	
-1.59296034459	-1.44700602588	2.19717806913	26387.9396014	True	
-0.364094172034	-1.59682345384	2.11598670949	28099.7338253	True	
1.82910448138	-1.69008721711	2.17781125231	27902.4776994	True	
-1.22533667208	-1.59081739302	2.17369981411	26946.3647031	True	
-1.75886795861	0.847873338441	1.94313740934	31765.6847687	True	
-1.53576470298	-1.13359829769	2.17804462246	32321.9438132	True	
0.460095492192	-1.53768479706	2.05079668328	29673.6389698	True	
-0.283181380981	-1.66085535184	2.19434984494	26828.9679372	True	
2.83125409828	-1.15006908483	2.0428971091	31138.0063371	True	
2.80845299155	-0.597278539448	1.93840060586	32342.5128025	True	
1.99614465367	-0.191021565643	1.81621548919	36594.7119499	False	
1.16164990899	-0.40810676736	1.94791154587	33112.9760532	True	
1.32270264995	-1.77228266059	2.32120285937	27191.0951667	True	
-1.26973313241	0.640310304145	1.85213381721	34902.4781175	True	
-0.368189671936	0.713753610247	1.87405320248	33185.3640187	True	
-1.11076593086	-1.76262310846	2.39895534319	27612.4524234	True	
0.282921804239	1.49460059616	1.97364099102	36292.2113525	True	
2.40222582701	0.898676161043	1.90675619964	32968.833015	True	
0.0708979688046	1.18280808931	1.95305810415	34614.7218431	False	
-1.17111290481	1.24406231757	1.90215432739	32468.7292245	True	
-2.24109627054	2.61169804464	2.21729923487	26967.1573265	True	
-2.13692902602	-1.04495627687	2.34023314039	26226.2082967	True	
-0.926625794486	-1.18607161729	1.88930287578	35441.9589858	True	
-2.21793795543	0.00380364537976	2.2903542455	26051.8612172	True	
-1.58270673444	2.525746377	1.97411794881	31200.4561821	True	
1.4415392628	0.716882333251	1.89356745131	32907.1751843	True	
0.995576454871	2.79737357064	1.91223515547	33076.230203	True	
-1.17415715891	0.834006902356	1.98285867975	34038.5309765	False	
-2.13355172397	1.75893839257	2.24939849014	27331.3403666	True	
-1.24078611153	1.84515532809	1.90909601778	32309.6606469	True	
0.560846391642	-1.70315975137	2.19902708942	27607.3755169	True	
-1.43651755145	-1.76311422767	2.41041034305	28488.9122896	True	
-2.13614778533	0.0408681533147	2.12123734844	28142.3382565	True	
-1.06242408291	-1.54331681118	2.31632599961	28870.2933712	True	
-0.687662978766	-1.52043514152	2.11884458196	27306.6608886	True	
-2.17353242022	-0.249835218719	2.25970617628	26257.5257147	True	
-1.93041322641	1.87781591857	2.09516163045	29128.6407363	True	
-1.59491184659	0.414240468026	2.02307564214	32144.2880433	True	
0.35099151205	-1.50834225527	2.06917712861	28481.9314462	True	
-1.00380522641	-1.80267857438	2.30679377555	29623.3809419	True	
1.18755157575	-0.877784401387	1.94812144466	31531.2559778	True	
1.19921641675	-1.75252346945	2.29004980833	26964.1393936	True	
2.22952243048	-1.61517640722	2.21204308697	26140.8425262	True	
-2.06849814917	-1.43400585155	2.32951974311	27167.4284434	True	
-1.68895670254	-1.58249987258	2.34604083088	26218.2271489	True	
-2.02672617088	0.893911409689	2.19198717662	29152.4414484	True	
-2.21532289479	-0.568497763009	2.3316798075	26127.9037388	True	
-2.31375723427	0.0821881112638	2.30667037366	27064.446847	True	
1.05823167431	-1.76714260094	2.39936413493	27285.027288	True	
-1.35939756716	-0.939042609531	2.02274700458	30404.6013553	True	
-1.26041525054	-0.643322381305	1.94917810856	31328.612558	True	
-0.459853084498	2.94910532896	1.93753042932	33546.1772642	True	
-2.1618689004	1.65449581873	2.27034970979	26961.8843205	True	
-2.08943680741	1.57625940036	2.02620088646	31481.1369248	True	
-2.20688796393	2.42513329335	2.18944393206	27058.1132375	True	
-2.12368255953	1.77037892769	2.22521936683	27156.0111451	True	
-2.22094720547	0.692139104907	2.28979026517	26089.5396797	True	
-1.11736709836	-1.69687513892	2.26874878731	26626.8953625	True	
-2.20485464582	0.0160141979234	2.25641958961	26120.040787	True	
-2.21292563506	-0.771732491781	2.21472425308	27653.4571987	True	
-2.11304244689	1.13299986265	2.19708080438	27051.409541	True	
-2.28825068097	1.91628595765	2.25920007915	27097.3227765	True	
-1.10597458523	1.6570122794	1.90356987133	32475.6275346	True	
-2.18415200242	1.55062659719	2.22363075602	26363.3100989	True	
-2.21736057202	2.99424162708	2.24491057882	26206.4000159	True	
-2.15724959755	2.12339964242	2.13871477715	27746.8025516	True	
-2.14322917527	1.23715242188	2.28296021443	27853.9327793	True	
-1.92289646652	0.94391509284	2.02018428851	29651.1933866	True	
-2.2533454058	2.74817168889	2.28761858634	26042.6024953	True	
2.66531543231	1.90054558513	1.87945348208	33081.7125536	True	
2.8186097107	-1.62100904918	2.34718832511	28385.1448484	False	
2.73527882093	-1.706719696	2.38740293553	27175.4681429	False	
2.02381397898	-1.71592067799	2.28382689379	26211.0988148	True	
1.18528017428	-1.33673643333	2.10974649828	29696.0233693	True	
0.121522588342	-1.41129755313	2.12679242042	28392.811006	True	
0.0893858601295	-1.27140156377	2.02786156714	29392.8623567	True	
0.262780814093	-1.7829978595	2.34021689527	27418.2861415	True	
0.619761521247	-1.5190558105	2.11310440861	27364.2226398	True	
-0.260892777502	-1.75184971022	2.31898447466	26739.231938	True	
-0.665951653582	-1.80302664657	2.3667345451	28303.1463193	True	
2.29308772889	-1.6119040033	2.29380566067	26961.3249015	True	
2.97806045393	-1.49756797475	2.09572666579	27670.9476529	True	
2.8809469783	-1.70956744567	2.31638751177	26070.9628444	True	
1.56883511571	-1.43850804142	2.0812106685	27994.3395778	True	
-1.9607671166	-0.691097973992	2.10001935118	27964.5908259	True	
0.294748654073	-0.969427998677	1.90882995034	32272.2422472	True	
-0.376568998072	-1.3856487269	2.0800692295	28287.2002674	True	
0.69310076503	-1.58753513065	2.15212072743	26848.943597	True	
-1.78979390977	-1.21481389999	2.14651184476	27147.9584489	True	
-2.28885878599	-1.06772238298	2.48001928722	28706.8124188	True	
-1.98278938352	1.366830701	2.10354933691	28437.0713056	True	
-1.72687992477	-1.35104981428	2.16880773401	26703.5523767	True	
-1.82332202791	-1.53893320098	2.24173051071	27175.4249067	True	
-0.739848709027	-1.61417050655	2.20211805438	26266.4274316	True	
-1.93352131183	-0.113638393181	2.00861379445	30213.2722708	True	
-1.47210739715	-1.62743167433	2.22032805143	27086.1008092	True	
-2.22125451689	0.61782696277	2.22221586279	26567.7237688	True	
-2.11642302026	-0.941394608408	2.29777028288	26249.5829124	True	
-2.29652124098	-0.207308232505	2.41943680358	26916.1333579	True	
-1.70370317536	-1.16641620434	2.13066161085	27893.9890007	True	
-1.95744594861	0.565153290575	2.13466355821	29323.624468	True	
-2.08515848684	-0.757650192765	2.20152032134	26550.2963544	True	
-2.23982623117	-0.189886513244	2.14581613701	30100.8007785	True	
-2.32583776006	1.21682365211	2.38259511851	26607.9045066	True	
-2.4504056389	1.75117061607	2.51656513126	32240.4077495	True	
-2.13310650762	1.1314716261	2.20974285783	26816.3593475	True	
-1.85914151633	1.91738773581	2.00976447279	29853.0605132	True	
-2.19628926075	-0.287835607386	2.18524092897	27300.1889248	True	
-2.36904567702	0.406623541915	2.35800126335	28269.1622631	True	
-0.300886528564	-1.68613238515	2.20994622734	26963.0944105	True	
2.94492256117	-1.73960654587	2.30422059503	26479.2792564	True	
2.39251476898	-1.58354507839	2.2733433785	27271.847535	True	
2.26874661728	-1.76628630926	2.28280897307	27539.9880429	True	
0.284344551941	-1.63680728777	2.28172520956	26186.2099897	True	
-0.251402064537	-1.30952157054	1.99230291124	30000.0746085	True	
2.58502487214	-1.7336113929	2.3480878478	26390.0141691	True	
0.853253395592	-1.72609437102	2.39844362522	27216.4452449	True	
2.36167138505	-1.52181763152	2.07401274525	28432.6932859	True	
2.82059277529	-1.53831319445	2.1746532636	26778.3225182	True	
1.87263759658	-1.52128855503	2.19816871224	27303.8099319	True	
2.08509915072	-1.71060925735	2.25420147041	26473.1214888	True	
1.88685450689	-1.66640375714	2.17234815513	27455.2167534	True	
1.39875466759	-1.71686986649	2.37487022329	26757.1362831	True	
-2.26369014342	-0.721770398244	2.300331365	26764.8297355	True	
-2.15336286329	0.776482571784	2.24682865266	26759.901695	False	
-2.3440248665	2.06029372911	2.39188278304	26978.2559984	True	
-2.29143341944	2.47829752858	2.33665646915	26145.8449688	True	
-2.19117797397	1.74001953865	2.20806406865	26531.288488	True	
-2.26432617247	0.131808614401	2.40741203938	27199.9264096	True	
-2.2717439831	0.513794831046	2.3697227947	26347.429989	True	
-2.14128002908	2.88087240271	2.25072008191	27149.5194297	True	
-2.10577033047	0.458315093764	2.30983443726	30644.8991588	True	
-2.27108406656	2.2666677335	2.33027326332	26032.6794059	True	
-2.06338875473	-1.4801789681	2.35826128087	27555.0431886	True	
-2.03793449924	-0.0146598464702	2.13969113413	27668.0320157	True	
-2.21445691127	-1.12448299372	2.37594416795	26679.8337943	True	
-0.60873699785	-1.5842753967	2.21456119977	26235.3094975	True	
-0.723089871596	-1.54232335869	2.15876112642	26702.6582975	True	
-0.461034848904	-1.66135437872	2.21429752609	26448.5197407	True	
-1.55668569337	-1.33553198332	2.11337440025	27497.8333934	True	
-1.61353207063	-1.27144182369	2.16226742234	27833.7063325	True	
-1.52885508739	-1.35395570655	2.16731269473	27341.6426008	True	
-1.73673820675	-1.59320623229	2.41586484971	27379.222312	True	
-1.78779551707	-1.48893172926	2.30768186858	25998.6620055	True	
-1.67226900831	-1.64529053662	2.38390965701	26825.8048835	True	
-2.2154333836	-0.853928711759	2.31378694779	26089.2524437	True	
-2.08966458626	-1.02504957962	2.3360261515	27019.975803	True	
-0.162529736884	-1.28105044745	2.05648482926	29384.5563076	True	
-1.54679146462	-1.58793717182	2.25534117638	26099.8179206	True	
-1.8435545935	-1.3832947482	2.18140829422	26869.4393922	True	
-0.654037880693	-1.62215927016	2.19715058724	26370.1226187	True	
-1.99687147651	-0.807883246688	2.14376409134	27270.4653805	True	
-1.37478470716	-1.6149015452	2.30519878385	25998.8899981	True	
-1.31471818345	-1.54876969354	2.22547270741	26133.7391286	True	
-2.29780984313	-0.770189176709	2.37977648927	26981.3088264	False	
-0.540949910142	-1.67447124072	2.30055049471	25966.2410624	True	
-2.26119650393	-0.72401431911	2.4056126183	26715.2561699	True	
-2.0974899086	-0.955329635876	2.26366413091	26145.607256	True	
-1.97505991749	-1.21150535626	2.30306119817	26830.5369442	True	
-2.06658822562	0.478571840644	2.10373355591	27976.3153262	True	
-2.31241434898	2.71553182426	2.39688638806	26565.0372787	True	
-2.23491136354	2.60931712875	2.2364786575	26457.3179276	True	
-2.2628954446	1.61235775026	2.34067576259	26109.1407022	False	
-2.21512541593	1.92430413338	2.2710911826	26098.2913174	True	
-2.12653480843	1.05605954184	2.1197163037	27949.5208652	True	
-2.03495043246	-0.986577116143	2.31350270568	28203.2883766	True	
-2.25196165329	0.0221579181289	2.28764316581	26087.936058	True	
-2.35082021869	1.38338908676	2.40630141436	27172.6038269	True	
-2.15482971029	0.181881308666	2.27875706778	27125.3794101	True	
-2.00972521001	1.42878881413	2.08950765249	28269.8079789	True	
-2.30181700274	2.06757900194	2.34665487835	26245.8632358	True	
-2.30213310294	1.9638132257	2.32584847244	26350.5936402	True	
-2.29707670157	1.1690132611	2.3596388082	26219.6819205	True	
-2.28398622861	2.50909137491	2.34389481526	26100.0927888	True	
-2.31469272463	2.79912622191	2.33684709706	26515.8848506	True	
-2.16559929091	2.71516455727	2.23622739749	26499.0951055	True	
-2.0708582068	2.60292030846	2.16584671425	27538.24232	True	
-2.25056975007	1.83931360504	2.33031970557	26114.5557157	False	
-2.24508201578	0.946532876435	2.23073704479	26745.9844123	True	
-2.21632200845	0.507399538222	2.27422168751	26075.0916065	False	
-2.35151547208	0.72708828361	2.41427582487	27245.3894861	True	
-2.35884907309	1.10600848055	2.33946452775	28006.1326908	True	
-2.18127656186	1.16269401331	2.16568198272	27313.4090889	True	
-2.1346828057	1.45340679078	2.20709981191	26790.3735769	True	
-2.24065762281	1.05317996134	2.31306079052	26060.9170046	True	
-2.25428964567	1.04695177369	2.35930533562	26436.6896155	True	
-2.06059260683	0.868255994591	2.11267198636	27810.4332263	True	
-1.21836723996	-1.61780624332	2.28808895825	25977.097073	True	
-0.857178554307	-1.63110293382	2.23486732116	26019.1038696	True	
-1.96952064825	-1.4686774018	2.30988736862	26473.1797261	True	
-0.380127421988	-1.67404932742	2.23725754333	26225.6708617	True	
0.352181923706	-1.68740924698	2.26611605779	26012.3103919	True	
-1.44778612815	-1.56478420677	2.33898997056	27116.8169819	True	
-0.776162268152	-1.59524482552	2.25163512598	26231.7072131	True	
-0.512390258449	-1.71452760498	2.33651538806	26229.9852038	True	
-0.846407110418	-1.68773302115	2.29520568444	26019.3543115	True	
-0.589319773831	-1.4936831287	2.18631959038	27409.726232	True	
1.32341713286	-1.59877095174	2.18111853727	26419.9091481	True	
1.54402318657	-1.67279992645	2.24658933729	26037.9073019	True	
-0.670697514457	-1.63957751131	2.2305549324	26058.6274999	True	
0.591329359603	-1.68368907153	2.37913386193	27387.4702415	True	
1.16573907958	-1.65256858578	2.29353229125	26132.8111156	True	
0.972441030818	-1.60332189984	2.19829825529	26251.2228986	True	
2.27179763955	-1.70974814924	2.29414469703	26071.0761709	True	
2.85037198023	-1.6234068045	2.2319448528	26047.9880083	True	
2.54529018457	-1.72571701441	2.29803093826	26264.8190641	True	
2.00711049355	-1.75284401268	2.3387280913	26610.7255229	True	
2.65517438756	-1.71316940772	2.29774079025	26095.6954153	True	
1.58979071088	-1.70967303381	2.30751553988	26052.7537032	True	
-2.01773064405	-1.30185506028	2.34062160134	26253.4599013	True	
-2.20068876282	0.242075744147	2.20349039138	26724.7965292	True	
-2.23888998113	0.798755072207	2.28603857009	26010.7850764	False	
-2.23278526747	0.308882356681	2.25073409943	26264.7471784	True	
-2.27022249924	-0.430572096572	2.32778543063	26184.1117276	True	
-2.27241283988	0.39388798852	2.36285967329	26247.5004774	True	
-2.21456219434	0.475578352907	2.29626248586	26186.3738482	True	
-2.10278009682	-0.0273287871701	2.18446324874	26967.4770484	True	
-2.19871292594	0.514230376716	2.25129603707	26181.7282133	True	
-2.20938813434	0.269162263486	2.34010340896	26979.9489867	True	
-1.57975066225	-1.5836333817	2.28454089899	25938.6943351	True	
-0.492226624997	-1.66315150533	2.23853921972	26109.6504716	True	
-0.427843579436	-1.66685484019	2.38079102691	27724.0024688	True	
-1.08685521114	-1.62102344164	2.24142344948	25990.4614923	True	
-0.514755210021	-1.70355641811	2.38565994988	27051.7479207	True	
-0.223801720234	-1.66616783762	2.28811418557	25942.3894054	True	
-0.279967848954	-1.68336593193	2.27282523163	25970.2004223	True	
-1.03632993837	-1.69148069221	2.3057841471	26115.0258469	True	
-2.08244358732	-1.08667301728	2.25594977394	26043.9178166	True	
-1.79680965317	-1.45059783985	2.25570527396	25970.2853748	True	
-2.20730754908	-0.927085461109	2.41515124461	27179.6506903	True	
-0.925859433881	-1.677010373	2.3334363857	26192.0562419	True	
-0.69441321197	-1.63453174357	2.32347608809	26737.2091792	True	
-1.86189407604	-1.52516852149	2.33523968686	26187.52827	True	
-2.05044206856	-1.29660641291	2.27694656961	26185.2129828	True	
-1.97708343606	-1.39429557106	2.27779985224	26184.6568664	True	
-2.25747391451	-0.34462775855	2.31030050393	26085.6948203	True	
-2.21317093302	0.443362124666	2.27423519924	26090.013942	True	
-2.23907143717	-0.433405885671	2.33257151298	26047.0691632	True	
-2.18022098396	-1.09633280599	2.31595793687	26278.6608363	False	
-2.18840705325	-0.779978125403	2.25035358997	26334.4949659	True	
-2.16168417094	-0.0801750252588	2.2223264964	26396.7984807	True	
-2.11529124458	-1.01407562494	2.23034389458	26364.8698292	True	
-1.7716436239	-1.46004525847	2.29522626611	26116.5924207	True	
-0.146346056128	-1.65625589772	2.23039353204	26104.4976719	True	
0.0925555828316	-1.64892992584	2.27893342678	26010.1918849	True	
-0.0770171865152	-1.59472390372	2.20681504228	26229.0226087	True	
0.0372733025072	-1.72273645094	2.32401867636	26199.7213154	True	
-0.540798008733	-1.69258256082	2.34410592614	26324.0713771	True	
0.368268843509	-1.69029230168	2.22608520508	26598.3684993	True	
1.49997313776	-1.65718055654	2.19937648602	26569.7006098	True	
-0.00624616424972	-1.69931210114	2.25513751795	26295.859024	True	
-0.0485766440625	-1.6271572263	2.21782533382	26096.6991779	True	
-0.191731026877	-1.68964766096	2.28063496423	25975.6288997	True	
-1.04327620851	-1.62726048456	2.23842964544	26021.8991079	True	
-2.16580120938	-0.802108270651	2.26553422294	26042.4703975	True	
-2.15987316116	-0.811536998595	2.3427077755	26713.2342277	True	
-2.2568685862	-0.766721023701	2.36267578898	26306.3665673	True	
-2.15636425581	-1.19778514389	2.32982539259	26336.2489883	True	
-2.16703064564	-0.0714109564406	2.25568989456	26403.204189	True	
-2.24652690433	1.38126847826	2.35684289313	26541.0651662	True	
-2.25659846531	1.17462958167	2.25410790922	26479.81705	True	
-2.2483782505	2.1755039931	2.26575734585	26192.378675	True	
-2.25852215038	1.25760928023	2.26805130932	26288.8589156	True	
-2.29145340102	0.813580184855	2.32870426896	26183.6718257	False	
-2.24877013289	0.344592881476	2.31936134787	26023.6789134	True	
-2.29580332586	0.287439348154	2.38228085687	26385.8758483	False	
-2.27057476812	0.834487039759	2.3103741879	26050.6884839	True	
-2.22269744045	1.4658555455	2.2268158706	26481.639873	True	
-2.23327664799	0.600185620336	2.32961917236	26297.0746485	True	
-2.22491839081	0.49894293976	2.28618369212	26042.1534032	True	
-2.26139870094	0.113100066414	2.31509516371	26013.8757495	True	
-2.20444622657	1.47377828057	2.25956245219	26159.0752028	True	
-2.24276273828	1.47755290412	2.28994948233	26003.833134	True	
-2.21428150604	0.7189350971	2.33709027934	26866.3108969	True	
-2.24169564961	0.911724279959	2.28661074279	26011.0931625	True	
-2.24770057741	1.47471187517	2.31875990994	26048.6759046	True	
-2.22374152222	0.695644701267	2.26474251133	26082.1250001	True	
-2.26885332294	0.781323453697	2.35664521573	26216.1859391	True	
-2.26006619535	0.336753699334	2.37489152309	26569.9428007	True	
-2.32939686271	0.154352027921	2.38582890043	26766.8136903	True	
-2.24063989177	0.703530938723	2.31610782979	26072.7297036	True	
-2.27054528004	1.82822247191	2.36734794411	26350.5285403	True	
-2.25854284754	1.74557927561	2.34997144955	26246.5524957	True	
-2.28129796612	0.904573943813	2.3208728444	26099.8663028	True	
-2.21055399991	-0.368386633208	2.29847347382	26037.6898617	True	
-2.19928186794	-0.460056413965	2.28265869238	26025.2879749	True	
-1.84664498999	-1.27969799149	2.21787200184	26500.9070245	True	
-1.50638156093	-1.57978221248	2.28866251908	25936.8197773	True	
-0.701258374722	-1.58892785138	2.25319643957	26388.6893282	True	
-0.574035555535	-1.64239367485	2.25738664384	25927.9995564	True	
0.230613202068	-1.63294206106	2.25250443974	26003.7185611	True	
-1.40147753617	-1.60147103484	2.2666226279	25923.1094197	True	
-1.81982179112	-1.51267878173	2.28941739278	26052.5506518	True	
-2.00636030327	-1.24223478569	2.24940643479	26051.7829669	True	
-2.20566477873	-0.649103960322	2.29074703008	25986.0590556	True	
-2.25017945736	0.134848776278	2.33679291191	26120.1049566	True	
-2.21773102582	-0.115966382851	2.23839975436	26359.9730797	True	
-2.31204602099	0.135753544825	2.36178566175	26456.4772618	False	
-2.21538247007	-0.326104477538	2.30470120962	26050.2613435	True	
-1.51766914676	-1.62866771289	2.32798182343	26099.871694	True	
-1.37923396954	-1.58377441941	2.21134759755	26340.1419534	True	
-0.560958484794	-1.61039952989	2.20071432084	26244.5974795	True	
-0.746237616332	-1.67733565584	2.28419620279	25951.1963483	True	
0.0448639721694	-1.67793024617	2.27295887268	25926.0484157	True	
-0.198631693555	-1.64444458311	2.24001401393	25975.9519648	True	
-0.165801710778	-1.68371130621	2.27506619996	25955.5633551	True	
0.474999259309	-1.65088833199	2.2617998094	25931.0273511	True	
2.45129091379	-1.6825498449	2.26773246007	25957.5471068	True	
2.70099534208	-1.68920401548	2.27701379101	25959.8791924	True	
2.88263856136	-1.64358709297	2.21681376181	26149.5200614	True	
1.71901773569	-1.5929918459	2.19839763156	26284.3298655	True	
0.94500051658	-1.69724844706	2.31475790529	26034.9415159	True	
0.664430211437	-1.61750444512	2.24354586558	26110.3459906	True	
0.465727462826	-1.67061684103	2.29787476753	26000.2017002	True	
0.349530972783	-1.69446273568	2.33374908871	26221.5175831	True	
0.341681383464	-1.71032131607	2.27671926904	26202.8003904	True	
1.73528308566	-1.64249311563	2.19583655237	26454.9718909	False	
1.9504356015	-1.62282686815	2.27292066285	26316.6432953	True	
1.3807520214	-1.60565153716	2.21479983187	26166.6369072	True	
1.52360487784	-1.63786156181	2.20508763854	26264.4852747	True	
1.19669618285	-1.57706087503	2.21300074424	26436.6442998	True	
0.335591783764	-1.73336832852	2.34884476621	26400.6771914	True	
-0.68058484318	-1.69899945226	2.28564034475	26119.6281242	True	
-0.337952930333	-1.66016831752	2.27759202707	25917.8612602	True	
0.605998811369	-1.65469291498	2.25072810838	25936.1198759	True	
0.558803315446	-1.59633884126	2.16495972505	26657.7696684	True	
0.127479394827	-1.73706732026	2.30746461817	26438.5640998	True	
-1.73604680782	-1.47054933599	2.24596544446	26001.7335711	True	
-1.26318047412	-1.5622955692	2.24946555922	26152.0405506	True	
-0.267496812154	-1.64702522008	2.26047857794	25929.325486	True	
-0.0664747022242	-1.7196560665	2.30417351794	26184.8172598	True	
-0.465981598101	-1.67754954412	2.25256128323	26095.4615505	True	
0.248225253383	-1.64155087232	2.26641748734	25997.9716018	True	
1.00821505499	-1.61640317316	2.24293753303	26122.0463473	True	
0.436672862238	-1.61450571857	2.18888679059	26367.9362997	True	
0.155670824851	-1.70886829129	2.31715906392	26077.5135591	True	
0.311475138222	-1.65263561322	2.21120663997	26311.0219217	True	
-0.353924420089	-1.72039223448	2.32815785938	26215.4265008	True	
-0.156959259105	-1.7217955778	2.28785508382	26330.8538413	True	
-0.429185475903	-1.62263753224	2.25287259481	26040.6072763	True	
-0.775299299485	-1.66130286676	2.28228610243	25912.03227	False	
-0.769629376765	-1.66426233596	2.28925897467	25924.8983684	True	
-0.697380913498	-1.660366462	2.28682874207	25927.086559	True	
-0.854783640253	-1.64660952292	2.26087395734	25920.4446709	True	
-0.565183246288	-1.64226430972	2.27721441206	25989.0578686	True	
-0.847168829686	-1.65920900928	2.31111049272	26075.3293932	True	
-0.174802628241	-1.65964256932	2.24613147898	25983.1427455	True	
0.0912036949541	-1.63185716075	2.21930659362	26090.2391695	True	
0.253893422529	-1.69391738886	2.31098734281	26012.3093903	True	
1.37806310255	-1.61660595395	2.18816550988	26382.812809	True	
1.03843503668	-1.68862804108	2.31701859195	26071.7408525	True	
0.90854814951	-1.64427297933	2.26579007987	25982.9362677	True	
-0.22712786981	-1.63239908317	2.20680034131	26238.3854426	True	
-0.761625557106	-1.6748185988	2.28368496195	25942.2691617	True	
-0.32693580426	-1.6906323138	2.27588600614	26017.4119005	True	
-0.629048261561	-1.63849053277	2.26034840924	25936.9638017	True	
-0.653694540163	-1.6084294922	2.2628326227	26217.3476102	True	
-1.76119050935	-1.54288955104	2.29463290033	26028.1560156	True	
-2.2045268621	-0.2561403854	2.29597905859	26123.8256772	True	
-2.27505287258	-0.396351055301	2.33549072083	26193.0591496	True	
-2.26314301528	-0.0620766480198	2.30551519935	26081.8648602	True	
-2.23505768515	-0.0359802247863	2.26302034963	26183.2255725	True	
-2.05231482493	-1.23324831386	2.3044920179	25961.5698884	True	
-1.66343931027	-1.55317600173	2.28672824808	25924.1481433	True	
-1.32989109434	-1.61914251361	2.26071675178	25971.8842838	True	
-1.10425847127	-1.64054520813	2.27399540043	25909.6760845	True	
-0.593338823765	-1.64873034281	2.24699974903	25962.4260101	True	
-0.561575977848	-1.59514597882	2.17806188752	26492.3357002	True	
-0.553828070057	-1.65429440195	2.28659074914	25967.3423743	True	
-0.722209703163	-1.67538078089	2.27188600528	25979.2345387	False	
-0.685533435561	-1.61905545185	2.23721122939	26006.2329719	True	
-1.27020534085	-1.62643780568	2.28510423554	25914.9763815	True	
-0.876858323994	-1.65205490026	2.25893133855	25947.4210726	True	
0.360072223013	-1.67863708841	2.2747785132	25920.1746854	True	
0.0765393908015	-1.65733116472	2.29102115713	26033.6660758	True	
0.0753085471788	-1.6424813083	2.26822320384	25994.3609844	True	
-0.666806082927	-1.63918052471	2.23980724878	25985.4400588	True	
-1.19686739252	-1.62604613643	2.23430164103	26151.0645094	True	
-1.04861638819	-1.63877953457	2.25741569225	25944.1498291	True	
-1.52458822317	-1.512833869	2.23939893443	26102.0346328	True	
-1.67320293129	-1.49326304657	2.24038042348	26020.3230581	True	
-1.78963713398	-1.43331181516	2.28033020092	26101.0539215	True	
-2.12548455631	-1.04268747498	2.28532961936	25961.7693822	True	
-1.9804280501	-1.35162923651	2.29424502991	25935.4280759	True	
-2.0963205335	-1.0922172724	2.2696005408	25992.5327188	True	
-2.1294989763	-1.0642448622	2.312149621	25984.0262468	True	
-1.6200085085	-1.57022045865	2.2605788299	26074.6056758	True	
-2.03391703993	-1.17656919406	2.27216370137	26031.7629801	True	
-1.60683831474	-1.55363281681	2.25231676254	26015.8991471	True	
