Parameter 1	Parameter 2	Parameter 3	Potential	Equilibruim
-1.24839705727	2.99588897452	1.79752796006	39697.0611257	False	
2.47385994483	0.253523735399	1.88389968487	32963.9069343	True	
-3.66735720864	-1.66170973415	-3.34778699938	374136.88919	True	
-2.46882008404	-0.0604061614366	1.37666522266	162534.083355	False	
1.57033071402	-0.494047933278	1.97656812041	34262.3130954	False	
-0.988426281585	0.779012704318	1.72034930813	48980.0683493	False	
0.978609018613	1.39514131381	1.59645222881	70259.651722	True	
0.894651281821	-0.522148693606	1.80870937559	37835.2908584	True	
-1.66762712008	2.54219388525	2.08363073869	34863.3914329	True	
1.78519731737	-1.82886072471	1.48773159679	126618.886613	True	
-0.05388942885	-0.0537116473428	1.96647032337	34744.954126	True	
1.2877740211	-0.158924959284	2.11520642084	58991.6261214	True	
0.0497877466651	1.5967706728	1.69112117435	52227.7750946	True	
-2.31783478517	-0.504506365925	1.88634844572	61689.7702493	True	
0.287132985705	-1.60556956289	2.22861251086	26162.0326845	True	
1.10233847741	-0.619627686371	2.04665967095	40135.6551204	True	
1.1346577677	-0.542905023652	1.91578707559	32294.8171263	True	
-2.07851011059	-0.424129533899	2.04553531029	30854.6233821	True	
-1.15175177655	-1.68216182019	2.47988012872	30675.1519088	True	
2.28342477605	1.70519974692	1.74449736658	43941.8714587	False	
0.993871509312	-0.691327551582	1.92621884874	32026.2658562	True	
0.578733219268	2.85208088424	1.6536291827	58808.7582969	True	
-1.75149267564	-1.26373144129	2.36080654339	35139.4906474	True	
-0.730879752784	-0.880079676473	1.71596052726	52997.8138852	True	
0.519315098584	-1.55621159749	1.96232588386	36250.8586277	True	
1.39217997222	-1.93860309506	2.06123350076	54973.2909418	True	
1.3037171851	2.55646790487	2.06580245419	50643.5704632	False	
0.326773587175	-1.21054305401	2.22359277488	45630.1678059	True	
-1.13902992486	-0.602317959415	1.26671074991	151780.80679	True	
-2.650426261	-0.771976783984	2.24047414821	75419.3171671	True	
-1.74038021262	-0.214252850914	1.64073381042	72203.6743302	True	
1.17866186527	-1.9958796794	2.78652577594	56181.2337046	True	
-1.86503776001	-0.730941977924	1.80677599018	49376.8976436	True	
-0.307839770771	1.14038371712	1.92132359888	33083.9740326	True	
-2.54083043083	0.426670558732	2.64473813732	42628.9209874	True	
0.880772140887	-0.3050691142	1.99188160367	36302.9623726	True	
-0.547415055311	1.02876464248	1.75577056276	42959.6587711	True	
0.608464353427	2.18234461213	2.03608193573	44684.0811092	True	
-2.04864486766	-0.283534476785	1.69343845535	72978.8028683	False	
-0.853901920408	-0.808966413543	2.38402747818	119946.138571	True	
2.46818347053	2.08542724935	1.57413238956	75027.8172274	True	
-2.17251587729	1.2012749014	1.89955896903	47001.8306193	True	
-2.3680594451	2.22905993666	2.603833147	33503.6534714	True	
-0.82104075748	1.92809303111	1.94097736712	33234.7247607	True	
1.59083835021	-1.74089550601	2.1758354389	29928.5976955	True	
1.37458488795	-2.12729282125	2.01517040106	86251.2874825	True	
-1.99031649901	-1.41098016052	2.23959975469	27239.2484651	True	
1.13083639993	-1.66887655566	2.25005511854	25983.3457343	True	
-0.615195002567	-1.66832506491	1.74586269104	70576.7428609	True	
1.72462611061	1.53384779212	1.53446436881	83945.9907248	True	
1.35945360663	-0.882831570824	2.12632924863	46839.1442227	False	
2.60238795812	0.901923363314	1.7165587438	48032.6032688	True	
2.90968184448	1.31395113258	1.9519281049	34696.0564456	True	
2.03053424867	-0.59454931888	1.74409845074	45868.1799886	True	
1.54914553103	-1.45978993448	2.16646284221	28172.865073	True	
-2.45568876354	0.794541272898	2.37223695494	34113.3011562	True	
0.562020612736	-1.39472682503	2.21864352532	33170.8169931	True	
-0.383295485689	-1.73894721107	2.28845982954	26752.2072323	True	
-2.38531517361	-1.40903710656	2.85502713954	56936.2869263	True	
2.73333921939	-1.20785810581	2.34414576429	69210.1896189	True	
2.87342226329	0.527739385569	1.79617351001	38031.5483269	True	
-1.39868852048	-1.72838358214	2.34032032843	27314.6825639	True	
0.838198887724	2.41581256427	2.05885861511	49107.0779923	True	
-0.434699004494	-1.73774437501	2.31774046051	26480.1050799	True	
1.18158338838	0.248970562128	1.87646912307	33114.550381	True	
1.4601756062	1.30421035079	2.13963294026	70608.3318782	True	
-2.41232141577	-1.07319791099	2.83130867756	52768.6106103	True	
1.55141987828	-1.49333324299	2.04494740083	29229.2392651	True	
1.90790257083	-0.878171949868	1.80567173532	39712.5828833	True	
2.60746828426	-0.226622798575	2.11060206065	57179.1650656	True	
-0.642010127176	1.13024585835	1.96172878192	34565.8972448	True	
2.53644923946	-1.36174169403	2.42078943099	63191.9885233	True	
-1.41975355422	0.408270319983	2.04158590398	35961.0999078	True	
-2.69604386815	0.983515987056	2.36772548445	73701.7929518	False	
1.22599275969	1.5750371551	1.82686934171	35405.97533	True	
1.53554105097	-1.35897769771	1.64926714007	72902.2745433	True	
-0.116643463535	1.51124102417	1.87511932849	33160.9229951	True	
-0.517838097132	-1.11139846731	1.94062339834	31363.4670885	True	
1.92808979591	1.69803855558	1.60042658798	69393.0411745	True	
1.34833199929	-2.18583482809	2.64829608795	73543.3597767	True	
-2.25716106492	2.76583319355	1.87114129497	56504.0080387	True	
-2.4495548153	-1.58046568657	2.72985676019	56752.3945214	True	
2.76198611331	-0.682888062254	2.11363635327	50287.9820912	True	
0.804313413937	-1.34481418682	1.93899602401	32983.9816026	True	
-0.588724272394	1.82717854805	2.02869027837	41970.7975996	True	
-0.271923432158	0.823470870438	1.96633106635	35301.545737	True	
1.49683335213	0.637322841937	1.77739619128	39969.2235834	True	
0.50439416135	-0.326680158489	1.76564651297	42174.0233816	True	
1.62734353664	-0.67656425057	1.79450253348	39825.8504563	True	
0.544360923108	-0.583670458244	1.93165503488	32266.8320973	True	
2.73901847551	-1.63764341951	2.26369145239	26029.5686309	True	
-0.394269152534	1.71264468198	1.98377543545	36798.3576859	True	
-0.780449841166	-1.06131536073	1.74441213871	50746.732318	True	
-0.0156827036228	-1.63767421884	2.22547443563	26054.7584841	True	
-1.0840547801	-1.94132885837	2.46939933428	38437.2937094	True	
-2.38683444111	0.874343985497	2.62319892862	34387.8653665	True	
-0.191719765732	-1.76735758438	1.77645440811	72314.8173818	True	
-2.50426306072	-1.02582251422	2.49724124216	43005.9871436	False	
1.14706875668	-1.78591082943	2.44047053601	28305.0040798	True	
1.35163301517	-2.04123336462	2.82738508126	63215.2837019	True	
-0.157645336834	-1.87540580097	2.45504948524	31852.7047386	True	
0.230272812307	-1.58331092884	1.93018109609	40442.471563	True	
0.110499469067	2.55868718799	1.73940347058	44739.7939531	True	
1.83938676778	1.26229144177	1.88476102453	32997.8138557	True	
1.21146175337	-1.94227395988	2.36438927449	37974.1177134	True	
2.61418626686	-2.18958866398	2.21277196087	82889.670743	True	
2.36414647538	2.18423139328	1.72852054499	46181.2861561	True	
-2.44269479943	-0.824513442356	2.40734602137	35485.9941793	True	
0.533569552878	-0.491788297452	1.80835249632	37810.9104978	True	
2.22223574361	-1.08425729935	1.84928707504	37012.6615058	True	
1.65679795763	-1.72615392106	2.0951647158	33660.820932	True	
-1.05015749149	2.63513646059	2.03946322952	40821.4667816	True	
-0.405331616993	-1.56126850099	1.92069417938	40764.0596047	True	
-0.374275560622	-0.077837456022	1.86628053439	33485.2681301	True	
0.513413901812	0.485409590406	2.01118715477	40303.7814931	False	
1.77489041495	-0.9221506381	1.71202742829	53171.9338543	True	
-0.722227394336	-0.806099677622	1.59986740529	74179.7679608	True	
2.32232622942	-0.0883336056554	1.80849252118	37173.3170534	True	
2.48523538888	-0.629759331914	2.03621501767	38713.4188392	True	
-1.27213166385	1.85828372802	1.9151385798	32191.9609483	True	
0.631990960319	-0.120722522173	1.82852780678	35578.9246224	True	
-2.17465670965	-0.907147347701	2.56136309317	37303.6933128	True	
2.91887881447	-1.66173356868	2.69121310442	58996.8704212	True	
-1.70917406677	-1.403076488	2.24527680097	26503.2232201	True	
0.25878242092	1.49628046793	1.93107620577	33552.7302345	True	
2.25135023504	-0.929371868119	2.09488665632	40560.2501841	True	
1.34837046771	0.898717643944	1.71448025102	48360.3857414	True	
-2.36922271325	2.02751024954	1.97986894812	53016.8970344	True	
-0.175683684989	2.57349365218	1.93586065157	33645.7325427	False	
-1.67903081174	0.286407083199	2.12711015234	38149.4181694	True	
-1.56131226504	-1.82970897731	2.22735201203	38231.0065701	True	
2.74296018284	0.56600059679	1.79041598573	38593.8975943	True	
-1.27999765064	0.985162969929	1.69816948854	54107.6709685	True	
1.26453167153	0.122089230593	1.90913926503	32833.1318966	True	
-1.23165902178	2.49562713671	2.07075334804	43190.0661462	True	
2.75317572958	-1.12392359732	1.8512475137	37248.719131	True	
-0.688628335304	2.32892757598	1.6113496304	67991.5756162	True	
2.47739341822	-0.504288929143	2.05919233213	43437.1379065	True	
-1.91104967769	-1.3708434969	2.26669407242	25954.6441103	True	
1.08240630231	-0.147775628419	1.9650432807	34648.9433379	True	
2.35358755211	2.37589080963	1.9312990661	33638.3142003	True	
-0.499393788572	0.224680274516	1.91429635365	32729.4677958	True	
-1.53503564773	-0.447586140686	2.05106848787	32898.5904681	True	
0.422929810142	1.36000529052	1.73181408353	45776.6207638	True	
-0.748191004545	0.931981632753	1.68067927826	54866.670035	True	
-1.75033776916	-1.34581823245	2.11363997405	27948.0377846	True	
1.85467112733	-1.6804085371	2.69662415128	57096.6694981	True	
-1.58919780474	1.28197094355	1.85601116925	36223.3128879	True	
-2.22172226115	0.382516104807	2.20749210544	26913.2437299	True	
-0.318732109493	0.676786180698	1.86245283807	33575.4762917	True	
2.06555649171	1.34223760734	1.74708800069	43606.2651899	False	
2.2751415623	-1.74291893191	2.3590980202	26555.8091721	True	
1.52947027847	0.139928098222	1.72812113477	46598.1578516	True	
0.386657248984	-0.924854204221	1.88105669525	33556.9814995	True	
0.0741335794808	1.06023529059	1.82635170342	35505.138277	True	
-2.05040128332	-0.587417296109	2.14810374408	27211.9086408	True	
2.49967566458	-1.6834484625	2.60461077711	43828.7846168	True	
1.79696763255	-0.851137607203	2.02576158382	34801.9454014	True	
0.345133065276	0.674875157423	1.93952509467	33840.6726601	True	
2.14169358204	1.03834580815	1.93675988849	33831.4308944	True	
-0.0244765668268	-1.56804669135	2.34207880823	30669.4120015	True	
-2.26185902888	1.14058018225	2.35102846065	26219.115321	True	
-2.24000077594	1.97839218468	2.56604612962	38920.3453287	True	
-1.98158657623	0.743076359107	2.24793129778	34562.8202217	False	
-2.16830730974	2.77641761669	2.17811637082	26895.3789352	True	
-0.452089370184	-1.68311264259	2.51317396207	34335.9970688	True	
-0.859726129122	0.718968488788	1.87123428235	33334.9573045	True	
2.64026654529	-1.71728055621	2.45663255825	29522.7697937	True	
1.26876699462	2.41301100328	1.83282060263	35005.1003167	True	
1.10319031201	2.84761913769	2.07796468949	53394.3661987	True	
-0.593694631087	0.323890660822	1.92180295008	32809.856758	True	
-1.63357488236	1.20102650157	2.05545606886	33502.5612253	True	
-1.84153429352	-1.49142561378	2.19210757882	27953.2494725	True	
-1.09439456908	2.46444554343	1.98142498567	34489.4675445	True	
-2.25340501675	2.12335829901	2.09337150695	33259.6333862	True	
0.399325599497	-0.756288557283	1.91085379687	32121.5207758	True	
-0.0387684013954	-1.59107224675	2.13917667	27210.6752744	True	
1.17640709133	1.18381828173	1.8557676089	33794.720034	True	
-1.96359186784	2.50231772569	2.05963193333	28818.1929952	True	
-2.44724369319	1.86754451656	2.71999489564	41139.2921867	True	
2.73215060329	-1.63227009386	2.37165117208	28943.4596316	True	
0.468615607773	-0.834676490631	1.94717143722	31662.9674373	True	
-2.26830600076	2.99298486056	2.45427919688	28966.4363026	True	
-1.00055240179	-1.02141418327	2.05373212293	32165.6444949	True	
1.86601446438	-1.36110341867	1.79657956029	48360.5840263	True	
0.549587346128	-1.02876100639	1.94306769513	31216.0554803	True	
1.15094162032	-0.566841098988	1.88975324741	32704.5508115	True	
2.70910715054	-1.60383000141	2.1356175824	27428.3390284	True	
-2.22892908113	1.88799014959	2.50056690665	34258.6328956	True	
-1.84500577529	1.95960926559	2.15465901973	34541.7663973	True	
-2.33849935846	-1.3694161198	2.57119598198	35947.6558629	True	
-0.413305205352	-1.66209552628	2.360815055	27216.5711829	True	
-1.01708240829	-1.89915891671	2.40570119898	34641.2033781	True	
-2.1528239464	0.453217735425	2.37826495515	31544.1893215	True	
-2.41957167875	1.10652610799	2.56963437829	32018.2030766	True	
-2.15124618179	1.06405155312	2.35006629003	30234.4739165	True	
1.24942222837	1.3295850979	1.85013580868	34045.7944235	False	
-2.10012995991	0.845365969737	2.40446414224	38515.5893224	True	
-1.85439484971	-1.84697032354	2.62375097746	41382.1435581	True	
-2.02968210039	-0.651394526751	2.40180000074	39228.047379	True	
0.838699003747	-1.35181146382	1.99245486201	30142.3148138	True	
2.71565253908	-0.220918140131	1.81856830981	36427.2564038	True	
-0.274149332633	-1.7955008324	2.30768495229	28432.7124543	False	
1.73818923869	-1.30510216271	1.98047053871	30362.5721767	True	
2.01826473699	-0.473788963932	1.87176678951	33320.0716228	True	
-1.50999471088	-1.08933361861	1.88421614516	37421.2019261	True	
1.70208003032	-1.46336003831	2.06502947505	28300.031656	True	
2.50158649783	-0.856057621979	1.89672286622	32589.3676459	True	
-0.691313133019	-1.6593715739	2.20795261094	26632.8977419	True	
2.51453952163	-1.79595418644	2.35993876588	27729.2578342	True	
1.45845065388	-0.403295830616	1.83219442271	35575.0086362	True	
-1.83978690996	-0.399488760059	2.20403345721	36302.9688036	True	
-0.482880168791	-0.590136290206	1.80010358615	39230.5038633	True	
1.1368703919	-1.23731452143	2.00979417019	29719.9453825	True	
2.69878009464	0.049999463819	1.8488807104	34200.1640311	True	
-2.25832584216	2.49185397098	2.27940340324	26146.9063783	True	
1.05840845569	1.01404705213	1.85573976278	33798.5142571	True	
-0.0623292825728	-1.72820310491	2.29694457276	26360.5732768	True	
2.75091335615	-0.965932127736	2.04916874908	34823.0147264	False	
2.65040424294	-1.64443396592	2.38013278844	28781.7005571	True	
0.0990904743587	0.418599693823	1.89114500874	32871.1285361	True	
0.682805010437	1.75270100703	1.79754126675	37830.4262373	True	
-2.26345108788	1.94780109744	2.16532951176	29573.2016895	True	
0.142757515501	-1.68399698156	2.24494753488	26193.5706168	True	
1.27132358737	-1.20424096196	1.99250694818	30031.3059711	True	
2.01274979523	2.03588085942	2.01356186401	41163.1007573	True	
1.67015284034	-1.75013405979	2.34576238488	26572.946487	True	
0.345755080269	-1.51383081474	2.12055742105	27244.4567652	True	
-1.92043226496	1.89708078715	2.10665664808	29547.4133584	True	
-0.817745586017	-0.569588451605	2.04398303374	38223.2208436	True	
-0.0532435283703	-0.962529642172	2.0742285645	36896.083824	True	
0.0860482062015	-1.63797548278	2.16926286423	27027.1626883	True	
-0.414396406911	-0.430440494931	1.90037688683	32480.293117	True	
0.118381960922	-1.30169207092	2.04284619106	29134.9179025	True	
-2.19946485159	1.24673277941	2.4922444599	36262.7547284	True	
-1.64159690406	2.25311164577	1.92486372144	32070.8411757	True	
0.122051140279	-1.37446695535	2.16837728845	30886.8860549	True	
2.30387433931	2.35053379635	1.91729034265	33189.097742	True	
1.44946040931	0.0371782409703	1.77409438415	40614.9715234	True	
0.0621267722883	-1.28947065983	2.11503800282	31028.7290999	True	
-0.917665195828	-1.52168843345	2.10028392943	27892.5332173	True	
-1.22521275658	-1.31460972821	2.01770882017	29559.0213737	True	
0.444115864428	-1.5102581191	2.26967305283	30090.7095161	True	
1.74802806882	-1.01652121473	2.02973996593	32651.3247842	True	
-1.44308526237	0.313340118263	1.96185418445	31643.8915921	True	
-0.853224190878	-1.71311764753	2.4696921933	29748.1032041	True	
2.51145154934	-1.645639911	2.46517961172	33784.4189678	True	
0.956407171795	-1.7223758104	2.42114776369	27941.5242146	True	
2.89514576915	2.57114424868	1.79418033727	38129.0146567	True	
2.49004546042	-0.632596582066	1.93443157023	32196.0745467	False	
-0.385987138788	2.1746006643	1.79656933746	38136.9232153	True	
0.923538350608	-1.60132550178	2.35486802545	29652.0033034	True	
2.39828006352	-1.5680277615	2.13861392162	27009.5960857	True	
-0.824456930267	-1.1676928043	2.19406949247	41334.6952534	True	
-1.96071064984	1.40442735521	2.09909498916	28702.2695116	True	
-2.09754789153	1.88102259282	2.32533318967	32406.3741734	True	
-1.59713815044	2.36310923026	1.96226568259	31145.3060232	True	
-2.28565222167	1.15144184321	2.33414083444	26102.9677332	True	
-2.00649542069	-0.654440271379	2.29940707373	32362.620019	True	
-2.25107039978	2.75276672278	2.12548259211	31117.3473626	True	
-0.557421767419	-1.85542105146	2.50078355291	31816.7879238	True	
1.95652212073	-0.54837808103	2.02504297722	38247.9719486	True	
2.61609185772	-1.64442693187	2.43703779098	31892.9678071	True	
1.88818578354	-0.726627738846	1.81275810164	38118.4919816	True	
0.228639618382	-1.82242121175	2.21911966705	32760.6941981	True	
0.192423886703	-1.69838417186	2.15449719752	29159.6454339	True	
-1.63151120878	-0.0595403987701	2.03280299932	31657.2440203	True	
-1.01390693441	0.923281226385	1.9460981899	32955.1848287	True	
-2.05070313303	1.68723350467	2.03521607309	30181.5086538	True	
-2.33940323453	-1.28621121131	2.30219691955	36965.9617211	True	
-1.81682901253	2.54810158743	2.11616552904	32803.268635	True	
-2.13869602691	2.53624236597	2.11534826796	28239.4194189	True	
-0.715108754309	2.58508599962	1.96964388022	35016.1421876	True	
2.37901482883	2.09968418594	1.8303694335	35162.0908423	False	
1.68567609935	-1.86717984252	2.42203936611	31037.8398199	False	
2.06486737465	-1.67129226816	2.41845359838	29400.9161103	True	
0.199133264289	-1.83031736523	2.36889490201	29205.0214757	True	
-0.753685423719	-1.59749276062	2.21449015672	26138.8444835	True	
-0.0848872323614	-1.40269607897	2.12799863326	28549.4689263	True	
-1.71917486752	-1.45636914052	2.27560236279	26192.9536148	True	
-1.15440635157	-1.73332159536	2.39685754355	27160.9318061	True	
2.71075358509	-1.4472670501	2.08653813368	27894.1314828	True	
-1.58481109553	-1.35241665495	1.97170107461	34539.7731237	True	
1.20198113435	-1.78799166398	2.26685726079	28856.8270624	True	
-1.93878249755	0.219522594174	2.11895427463	29208.9568646	True	
-2.1493869647	-1.19791308889	2.27954259007	26845.1217489	True	
-1.29101169359	-0.626668756241	1.90660823218	32490.3337378	True	
-1.86179557856	-0.536329518666	2.10479981011	29226.1681281	True	
-2.31626043329	1.79757963663	2.356702447	26442.7456989	True	
-1.76922905137	0.989144723873	2.05691136495	30963.6327736	True	
-1.7598472398	2.91528495335	2.07707925272	32084.543339	True	
1.40652161436	2.78311754909	1.91809658671	33206.6839157	True	
1.94363748065	1.18646956613	1.96785948043	35870.0677709	True	
0.180365683444	0.887082059019	1.89083981813	32910.5011628	True	
-0.0197373809981	-1.71938709996	2.54832962798	35176.9486444	True	
1.0715370657	-1.54236607756	2.04393854434	30095.6810813	True	
-0.203574359579	1.64952140632	1.90513410121	32883.1867759	True	
2.19564411391	-1.58317352857	2.15806797423	26713.4258846	True	
1.18445773784	-1.30742301498	2.05267943473	29137.423014	True	
2.6144240971	-1.60994992805	2.24300538768	26199.5676954	True	
2.26022272568	-1.67883697944	2.30387386678	26006.2445177	True	
-1.08875409753	-0.188929502141	1.8123478318	38113.6269235	True	
-2.18723089973	0.401479416914	2.33905804932	27768.423736	True	
2.61636118117	-0.357059952211	1.96114443928	33876.4217963	True	
-0.567671736243	0.729225565464	1.9751753625	35603.8643979	True	
-1.27599771343	-1.75468297362	2.42676587011	28049.4720696	True	
-2.11126621219	-1.47963808091	2.4188244106	28346.1832196	True	
-2.06826648922	1.63303368408	2.16804446671	27594.7889869	True	
-0.322171169288	-1.34064908392	2.14933376444	30891.6846014	True	
0.934103425334	-1.59374659444	2.26735200614	26835.1394652	True	
0.38215945538	2.83283283272	1.88010622837	33065.0448434	True	
-2.19931526454	2.69009006575	2.18102429251	27158.2687008	False	
-2.06211316188	2.55070331781	2.20034918964	28316.786571	True	
-2.17081412245	-1.06815394469	2.32379491643	26067.4469607	True	
-2.13749343364	0.531552735416	2.14382815535	27423.8037094	True	
-2.2469925104	0.34896840334	2.22798070958	26906.4408495	True	
0.24821855876	-1.65495056243	2.35020097946	27240.1366597	True	
1.1064121246	-0.809714877547	1.95758616702	31894.4764388	True	
1.61120700789	-1.62535378035	2.3751384799	29437.5277846	True	
2.24693538983	-1.69635514251	2.30331057703	25981.6360392	True	
-0.206202118376	-1.25216692624	2.06476722178	29938.1957987	True	
2.20186999343	-1.54095902151	2.23128148775	27482.1003984	True	
1.06082372352	-1.64998279605	2.41329980881	30142.3999659	True	
-0.833932497055	-1.65121153688	2.1201179157	29684.8082323	True	
-0.0512850878534	-1.6275414347	2.16888332099	26894.7512969	True	
-0.140140637519	-1.55876058947	2.19024056576	26527.2215173	True	
2.38560598478	-1.67089493431	2.34145931504	26669.5733188	True	
-0.156091799689	-1.41886684881	2.03576542369	28995.6615233	True	
0.601718945277	-1.02052884157	2.06576819314	35004.7720185	True	
2.61687826617	-1.7235448899	2.32582313632	26193.8839265	True	
0.388879169976	-1.68808892783	2.06096428013	34072.3700209	True	
-2.14175647981	0.655355062863	2.25067094377	27067.8884211	True	
-2.34067380251	2.80431065884	2.34232233794	27199.5331383	True	
-1.13431346194	2.46354395123	1.96057425785	33159.8503565	False	
-1.91239853966	2.73121953186	2.04190459427	29223.7400075	True	
-2.20771614197	2.10734679127	2.21619864527	26513.4289228	True	
-1.50039963854	2.34614645009	1.88599414827	33491.6893283	True	
-1.98491580494	1.42633635708	2.05260156088	28949.2147924	True	
-1.0740539035	0.338046857341	2.02190913525	37841.461995	True	
-2.34579320152	1.01296193092	2.49598906093	28677.5070687	True	
-2.33786798581	1.73144108616	2.43922255054	27279.904455	True	
-2.26553771509	2.57248409845	2.30873668912	26017.5126331	True	
-2.11625290213	1.11198163616	2.21831622234	27207.7192987	True	
-2.12142290151	1.5982767835	2.20255023589	26962.8315135	True	
-2.21770147068	-0.148387346415	2.23529241388	26417.8366184	True	
-2.19899454752	-0.430366572745	2.38095201212	27828.3655945	True	
-1.6955439402	-1.65131173331	2.32933286419	26958.0779801	True	
-2.28261904678	-0.0571665830882	2.4442762484	27805.5377511	True	
-2.18572077718	2.82973505453	2.24142755387	26297.7928047	True	
-2.13326642035	1.95632796605	2.1815920195	26844.3187335	True	
-2.22685612534	2.32302478856	2.36607513381	27296.3945004	True	
-1.5753526588	-1.25281329841	2.14758781521	28141.6362906	True	
0.249846162022	-1.6808323361	2.23939413275	26221.3328773	True	
1.85797999413	-1.70947154861	2.312693581	26059.5190636	True	
-1.1796776069	-1.62829489205	2.25587901618	25956.6807458	True	
-1.05955807394	-0.84513793271	1.92157708012	31885.231075	True	
-0.947392488279	-1.67025177032	2.30287001591	25967.4212414	True	
-2.29877451206	1.0850536484	2.39916320703	26602.2256895	True	
-2.29782362488	-0.639847155115	2.35641881977	26781.9887154	True	
-1.62491219021	-1.48052153344	2.31427165581	27205.1725948	True	
-1.58663104974	-1.58371968473	2.37725857486	27087.5928863	True	
-0.942548151326	-1.72054210298	2.26675662483	26995.9573323	True	
0.0394803885281	0.691149118842	1.8450435106	34355.5239718	False	
0.543870335171	0.812782164798	1.89451912994	32900.3700641	True	
-2.22516055023	0.928903837728	2.21978002614	26652.3654365	False	
-1.42884287782	0.387844669066	1.94399518039	31645.7080697	True	
-1.69027543427	-0.311737411471	1.89598953634	34516.4501361	True	
-0.824359005535	-1.58965516921	2.26583358232	26459.0488038	True	
-0.602319296591	-1.6822036937	2.34875337425	26481.86303	True	
-0.772396175813	-1.68897980835	2.35143318217	26415.8259864	True	
-0.983036181472	-1.5382132086	2.23506037113	26815.4502736	True	
0.00277909685642	-1.70476916516	2.17506742666	28565.7941512	True	
0.538412015207	-1.66364334084	2.21044665307	26452.0721193	True	
-0.118003574214	-1.53608560354	2.15144400471	26828.4116515	True	
-0.996660740238	-1.64143380125	2.28367742156	25930.9241444	True	
-1.22737059526	-1.42809196533	2.12347867151	27330.9695252	True	
-0.318050862165	-1.65601209152	2.31274368508	26277.2635404	True	
-0.720285968735	-1.71702562451	2.18835695943	28894.5782218	True	
-0.188616343645	-1.64551097374	2.34854769604	27386.5709192	True	
-0.709121998691	-1.60985068469	2.19061506955	26401.5422894	True	
0.973478323505	-1.62556013992	2.20020491068	26261.9271182	True	
2.3819140366	-1.69261434344	2.32813367599	26170.2139533	True	
2.27990658426	-1.62023015444	2.18431847965	26463.386498	True	
0.211044391233	-1.56329107227	2.17570034002	26539.0927731	True	
-1.53154936235	-1.53009441928	2.29251544508	26367.7123656	True	
-2.1070789424	0.599265056185	2.17478974414	27044.7933211	True	
-2.20691012452	-1.17623782173	2.3045162521	27578.2374757	True	
-2.1174751068	-0.748517781473	2.28304527496	26671.1596348	True	
-2.10829996684	0.335739699585	2.16883690767	27032.6544847	True	
-1.47503136378	2.42419792892	1.89044053583	33163.0675091	True	
-2.28368896285	0.671400250675	2.31303994924	26179.0114631	True	
-2.23745493084	0.600839336536	2.24478357129	26379.021618	True	
-1.73230745131	-1.69308569507	2.40532052034	28097.5257446	True	
-2.14425377582	-1.05040992114	2.25917508802	26310.770127	True	
-2.17567305693	-0.960730912487	2.21917348239	27367.0310952	True	
-0.277588895137	-1.41018880842	2.01456456117	29732.2951003	True	
-2.18913221255	0.788299170381	2.29770979872	26723.9653074	True	
-2.26495111958	-0.51514546344	2.33364979642	26159.8422608	True	
-1.87661115643	-1.45734363089	2.33889506673	26193.2802264	True	
-2.28310053666	2.05722293362	2.35755143788	26169.3447874	True	
-2.24456397757	-0.0461373615467	2.28866089165	26037.6132649	True	
-2.15690884116	0.2639187655	2.20093324536	26576.9992611	False	
-1.63103678362	-1.47719862945	2.16351805835	27022.2305954	True	
1.21834942059	-1.6586415112	2.22327394155	26180.5194646	True	
-0.409270260948	-1.76441217983	2.35257777945	26965.833431	True	
-0.198371061244	-1.74736634679	2.25690266255	27540.7739463	True	
-0.988671593453	-1.59845062635	2.23695659709	26036.7455773	True	
-1.31440078712	-1.5860347025	2.21999036769	26157.1879018	True	
-1.99287024321	-0.907239567223	2.14465846706	27186.4143756	True	
-1.6631352506	-1.39005863565	2.17807182684	26602.834089	True	
-1.99585075869	-1.4803340688	2.33933531834	26675.6572761	True	
-1.09667757329	-1.58053504742	2.23285252908	26092.5791216	True	
-2.13012032534	-1.29674171748	2.31849912889	26739.9000891	True	
-1.83854180599	-1.54757941133	2.30349195728	26392.6057545	True	
-2.18761489321	-0.609081266446	2.24443860588	26233.7519663	True	
-0.928129296502	-1.64332108118	2.34904644076	26948.0302953	True	
-1.6070840592	-1.49334585935	2.1840527546	26611.4144725	True	
-2.10351182186	-0.529831283553	2.24666370328	26970.6540245	True	
-2.27344566136	-0.0409886182873	2.32488349064	26088.1348943	True	
-2.16969673159	0.9317912443	2.26470320369	26660.3402329	False	
-2.15682173838	1.46295191236	2.23861511998	26640.8951574	True	
-2.26359981945	0.524070499054	2.26791124285	26400.8992002	True	
-1.67176407923	-1.6490525608	2.35505915629	26695.7691268	True	
0.0825406168768	-1.62160211429	2.25467140362	26113.0431233	True	
-0.840962032383	-1.67441575774	2.2027969215	27180.9423676	True	
-1.65988022724	-1.59905687223	2.39417077495	27025.2362954	True	
-2.00061115475	-1.00787205077	2.20753765007	26639.284848	True	
-2.10880735569	-0.397264724524	2.23943866745	26994.7333297	True	
-2.27294018486	0.699915153501	2.30457257242	26107.1133218	True	
-2.26851568249	-0.933014068889	2.31783078727	27417.7960477	True	
-0.915035632241	-1.57425267616	2.21986549303	26220.6866153	True	
-1.74810797541	-1.55385186409	2.33316401017	26098.3518114	True	
-2.14789672776	-1.16457015075	2.3248319664	26132.1203885	True	
-1.85921452856	-1.23804890654	2.18968899042	26622.7676649	True	
-2.29461620455	0.591810394262	2.36352713977	26232.1914957	True	
-2.24357534658	-0.0353225866222	2.34814354989	26288.3462468	True	
-2.18260227987	2.76674578341	2.26739749355	26466.4483339	True	
-1.92401938896	2.09172813203	2.0370792594	29264.9190334	True	
-2.23624776938	0.693354705641	2.2568565283	26199.3056503	False	
-1.82829668366	-1.23885038105	2.21057164857	26930.1328301	True	
-1.26695035645	-1.57806168485	2.28140633689	26262.584785	True	
-2.12152326402	-0.0653393640176	2.22997454865	26955.0858303	True	
-2.29057927484	1.15850063515	2.3780867916	26348.375811	True	
-2.23357421669	0.755738738032	2.2845986713	26016.9942719	True	
-2.22536442452	0.331399062944	2.29954934116	26077.1348635	True	
-1.00596816293	-1.48557070813	2.1930838479	27198.9190374	True	
0.380825968036	-1.80084605471	2.39447345795	27963.0248208	True	
0.474294322369	-1.57328295857	2.16373576869	26616.5848643	True	
1.87653408094	-1.7928095709	2.36546396682	27613.016877	True	
2.00186096536	-1.58470709499	2.2679696055	27101.1972991	True	
2.72891381986	-1.66349141396	2.22264261865	26235.7165127	True	
2.46057806085	-1.71765866269	2.34987839789	26350.272883	True	
2.43169674578	-1.51965504229	2.10870530818	27448.1762723	True	
1.80523250546	-1.69499921286	2.27843031391	25997.0353682	True	
1.50427241489	-1.67811961173	2.29223182499	25938.8709053	True	
1.41866434973	-1.6903089929	2.26555224243	26033.9791879	True	
0.83648905088	-1.69735812898	2.25684092731	26209.704998	True	
0.770313355253	-1.70148499563	2.2784998041	26063.302058	True	
1.2192289205	-1.6742196347	2.29231486986	25949.8312204	True	
1.12608068387	-1.57458450755	2.18939995592	26424.1336262	True	
1.95618455367	-1.67349560023	2.25646930697	25966.15132	False	
0.957822727224	-1.73761390722	2.30338443841	26449.5513712	True	
1.91103293047	-1.78877344342	2.41768987658	27896.9004472	True	
2.42733215015	-1.61533196616	2.19428150489	26296.6055042	True	
2.30764962546	-1.60678113642	2.26813610725	26553.6835229	True	
1.95850749437	-1.6764598909	2.20890177939	26679.9583516	True	
0.940030261177	-1.69149268857	2.27917211865	25969.0916952	True	
1.10100164903	-1.65373028521	2.23065065302	26060.8569469	True	
1.37463441767	-1.67333796728	2.21111090351	26578.5941023	True	
2.1299455605	-1.74644737007	2.31992741922	26527.2231066	True	
2.63137142358	-1.62148737864	2.23757238956	26061.9673096	True	
1.86629545892	-1.65574171432	2.29568200478	26121.3824287	False	
1.67186691418	-1.69463130976	2.35460366534	26572.062258	True	
1.58246955882	-1.67659972	2.31840038622	26174.6028115	True	
1.94196655854	-1.69729983612	2.32569107639	26122.814257	True	
2.4455444386	-1.6754040607	2.28128127188	25911.4992055	True	
1.52875140855	-1.53015559335	2.19914033357	27120.6398307	True	
2.06022924146	-1.72800622826	2.33967703468	26292.0889368	True	
2.73152600675	-1.63041638658	2.23657476806	26011.4846977	True	
2.34100538814	-1.6283039703	2.26384427206	26132.8855883	True	
1.96275572801	-1.69206982975	2.30792571329	25996.7145489	True	
2.31524784012	-1.6337309027	2.25920264814	26039.6248474	True	
2.47252174664	-1.54962706927	2.10907469087	27594.4144054	True	
2.7660451064	-1.74314284716	2.30333806067	26562.889459	True	
2.49423845136	-1.63254493591	2.26282830323	26075.0424704	True	
1.52297687524	-1.67125760036	2.26519911034	25917.7831271	True	
2.7883318981	-1.65326059942	2.21975075614	26179.5686024	True	
1.59593488381	-1.69036907321	2.28031237784	25956.6900455	True	
1.99188820338	-1.61371785213	2.2137615368	26135.7084114	True	
1.4358118003	-1.67064744074	2.26492627281	25917.0262659	True	
1.98268580794	-1.70948084217	2.32206654112	26096.1331176	True	
1.88022101074	-1.69122270223	2.30289372546	25972.6530683	True	
2.93755674703	-1.67985204512	2.28562652479	25918.6334894	True	
1.4726241611	-1.71028198257	2.29216416856	26085.1240764	True	
1.12226309083	-1.63090603281	2.19899277708	26306.4441201	True	
