Parameter 1	Parameter 2	Parameter 3	Potential	Equilibruim
0.518043054973	-1.56235906376	2.40310891476	35547.3752773	False	
2.03091824792	1.41442394757	1.46061713605	101413.487758	True	
-1.90207784043	-0.200452904529	1.71161297229	63487.6871111	True	
-0.97639181729	-1.83066830136	2.24895301313	33246.6919514	True	
1.87496475729	-0.72590573357	1.91081675324	32146.2116381	True	
2.77880021442	2.56634547663	1.43316810516	108071.736353	True	
-1.52326096446	-0.769946093804	1.27749192711	152344.701354	True	
-1.72178544233	0.375491411639	2.05987494184	31770.9062507	True	
2.41068296485	-0.592916419782	1.81569117771	37354.5643332	True	
0.944389994127	-0.273411624912	1.56796216319	77478.5408612	True	
-0.730428654166	1.68355782982	1.81142041783	37033.5775365	True	
-0.158837831421	2.38145610795	1.84775969333	34207.9897978	True	
-2.35416092053	-0.546243436835	2.34387925973	28876.4952947	True	
-0.980297959209	0.0758383873138	1.14168009083	178621.806214	True	
2.34023171136	1.55417376594	1.66097345746	57410.9337022	True	
-0.399976926226	0.358445257339	1.95524704848	34245.0957124	False	
-2.06349832913	-3.06940181302	2.50790263579	247482.400382	True	
1.00608718289	-0.943273837029	1.87837731214	33771.7028027	True	
1.28975428333	1.59459085502	2.09725374391	58173.826306	True	
2.75702336668	-1.18215891535	1.44193994196	113245.839744	True	
0.146916691045	-0.241947103992	2.12951045792	61444.0779511	False	
-1.41440996937	0.228923959603	1.51528423524	93292.0452742	True	
-0.98046998146	1.2381724184	1.90002655026	32587.0490602	True	
1.76488291004	-0.276747485218	2.12146329171	59395.4265789	True	
-0.41900174311	-1.30453650134	1.87631551709	37806.3673739	True	
-2.73268464534	1.20215300834	2.28690813122	86643.0742236	True	
0.721834521702	-1.36199852739	1.86980697541	39396.480846	True	
-0.426621320111	-1.25202343104	2.1428872085	33598.0241392	True	
-0.930449579662	1.61890454308	2.05504858102	44282.1484851	True	
0.48525920863	0.637495427811	1.99980099553	38936.2822914	True	
2.18996726437	-1.53847334074	1.77497569575	58135.4603804	True	
-0.123311966782	2.50315552016	1.54779628074	81129.1935585	True	
0.0832062372273	-1.50172773459	1.9053272055	39818.3564724	True	
-1.21441354742	-0.567317291499	1.93654433212	31593.9419659	True	
-2.37134971568	-3.60671719637	-2.01408759611	318181.014015	True	
-1.91425858588	2.71698511467	2.00221480804	30186.5710974	True	
2.18435217362	-1.83996740864	1.70518714179	89175.6722804	True	
-0.669593265997	1.83897015508	1.86200571774	33640.9557017	True	
1.12147170619	0.868864207619	1.52629522574	85897.7087265	True	
-0.0267778018522	-1.89505199999	2.40925316869	33103.3791151	False	
2.04743056721	-1.25763751078	2.01215333367	29599.6283648	True	
2.76109223293	-0.884487922825	1.91357648098	32014.9645451	True	
-2.18730737437	0.55672414521	2.24296438334	26262.102271	True	
-1.39736401193	-1.62372079899	2.0200458279	37519.7679076	True	
2.40200929984	-1.18215113757	2.01112603187	30098.6667241	False	
-2.3179064672	2.48501372616	1.74863951296	80455.1421811	True	
1.0112738316	1.91731926957	1.91949995483	33233.5031213	True	
-1.01214110946	-1.21224642474	2.69677922363	162510.84381	True	
-2.12484823606	0.0853515738637	2.46780819416	41223.8385108	True	
0.0628555189134	-1.73093372845	2.02621207834	39340.3032534	True	
1.23797624973	-2.29297726476	2.23811721721	102208.275976	True	
1.20190638559	0.134740310119	2.05350985496	46670.6498677	True	
0.464182494382	-1.28356500239	1.81077694744	44525.4266709	True	
0.916657698033	-0.45905292943	1.7592243561	43310.0198965	True	
-1.1197073433	0.82462733268	2.02458681858	38102.6234193	True	
1.60958599796	-0.965210117703	1.96602186629	31236.8532844	True	
2.14311025625	-1.48753471107	1.87775320927	42195.0592013	True	
0.601711976544	2.20159601653	1.80644279631	37018.7819079	True	
-2.03647036127	-1.5300797356	2.3876486553	27873.5940084	True	
-2.86968303133	1.34351209881	1.75384715777	164986.27889	True	
1.05716182584	0.581544186866	1.69885075617	50936.0623615	True	
-1.58672288933	-1.31515474405	2.02510514033	30396.0442857	True	
1.7361041427	-0.542672745264	1.76202257104	43209.8878817	False	
1.82650059196	-0.75942550242	2.16131988839	58583.1683233	True	
-2.37858289551	-0.554108403278	2.61194332508	33772.0337991	True	
-2.36212852802	1.80742182228	2.56557763954	31426.377549	True	
0.655818597488	1.82099394659	1.69458817165	51530.8625933	True	
-0.883851084569	-0.550101076402	2.17299210957	62091.4275125	True	
-1.10784966612	2.09846404583	1.8070643802	38157.0780305	True	
0.343808018245	-1.65822189313	1.46020388819	122897.688521	True	
-1.12693177825	0.175692653509	2.12171179871	53480.1839736	True	
0.0523144313361	-1.54037038517	2.26750833766	28531.9164325	True	
2.60009626546	0.220343117478	1.84370941871	34444.1140542	True	
1.10261384798	1.83250418213	1.8611238191	33581.1871499	True	
-1.66957449267	1.67455212446	1.85393546511	37212.885843	True	
0.70366942893	-1.33098377959	2.18498552318	33992.9853672	True	
0.51659816998	2.25365121896	1.89269684883	32929.9478842	True	
1.04311559961	1.17604353756	2.28842002461	134536.904954	True	
2.02819322888	-0.339453564627	1.92289699243	32620.151181	True	
-1.17633293577	-1.03983878031	1.90069422005	33824.8074712	True	
1.54864008675	0.579444110792	1.8426361086	34457.9403436	True	
2.15432430574	0.892474029281	1.82060369919	35878.0189031	True	
-2.005258973	1.88086773874	2.49772138949	66237.0679134	True	
-1.11072130743	0.510041266904	1.97182620158	33632.2208979	True	
-1.70260431376	-1.1971420603	2.11590602677	27685.941216	True	
-0.960595822149	-0.782548908187	2.11595232673	43632.1563699	True	
0.873138940979	-1.87913819689	2.52296326064	33282.9003406	True	
1.20955572407	-1.57669513848	2.54543488018	49639.8334905	True	
-1.82286730198	-0.28637579707	1.77719880526	50565.2422677	True	
-1.67390034821	2.38260418014	1.99086470676	30768.2054964	True	
2.768406577	-2.01264551629	1.99802032423	70505.3427442	True	
0.413514481216	1.62268110621	1.70645861357	49623.353335	True	
0.811393092928	-1.73269962125	2.12542293997	32145.9685839	False	
1.0527787447	1.77421688633	1.86381833129	33486.2783099	True	
2.21028195427	-0.848666735491	2.23594946109	74386.5787468	True	
-1.18698660701	-0.190187274856	1.6424248293	64548.6080683	True	
-0.111164181737	0.771381018531	1.56541018418	77274.8675596	True	
0.256405378605	-1.89990502818	2.43080088632	33334.8337646	True	
-2.30920203846	-0.902112577707	2.16276869881	36031.4583823	True	
-2.26623222093	1.40266535391	2.10767553512	33002.7270071	True	
-0.899038466807	2.57716314985	1.53132078501	86072.2140867	True	
1.03391906477	0.785898816903	1.74644077565	43758.2981309	True	
-0.937160178373	-1.42919655304	2.20554096268	29229.5817351	True	
-0.270580917143	-0.987949326787	2.15096200962	46057.59501	True	
-2.31996579744	2.34921179132	2.45146665677	27551.0290348	True	
2.6328585531	-1.0243086176	1.60770897792	74012.4215482	True	
-0.506595823504	0.706106500146	1.98069293767	36176.0758462	True	
0.979651880244	-1.35885615639	2.28408467134	42084.6532708	True	
-1.35264251405	-1.44617462486	1.89742828859	41988.7499776	True	
-0.553775873294	2.50575477596	1.78955848726	38963.6103207	False	
1.79405565231	0.155185150767	1.84403510903	34440.2532246	True	
0.538369985718	-1.47112302423	2.04180745803	29121.3281766	True	
2.82032279128	-0.403847233875	1.89176031587	32685.4184783	True	
-1.7072176737	0.578947645697	1.9920099142	30531.8475494	True	
-1.25051092993	-0.542468691513	1.99343063267	32238.2237868	True	
-0.369500796017	-1.09593944594	2.09205804356	34790.7808704	True	
-2.42197763249	0.678671624394	2.47199891471	30253.6920316	True	
1.13888874293	-1.1862754556	2.21896577195	46866.7070671	True	
-1.99439335791	1.86832772892	1.85517820775	44150.912876	True	
-0.925276644226	-0.390914096949	1.84103854532	35511.8864628	False	
-0.435439605768	1.79795933088	1.95108050429	34223.4616788	True	
0.33051836355	-1.67984846337	1.89197632327	49926.3914732	True	
1.4697515772	1.79519221347	1.749179988	43318.8477751	True	
1.21940861069	-0.364861265336	1.62539931693	65608.0409332	True	
2.49524783655	-0.752702281146	1.81532612231	37979.479188	True	
-0.079701422888	0.311927396756	1.923557841	33067.7358696	True	
0.149440048142	-1.25469327556	1.93784266607	32089.9858684	True	
0.495287577454	2.83435201146	1.82233829949	35741.6392032	True	
-0.721837420244	-0.576312080674	1.95808540416	32374.1102245	True	
-1.94270582644	-0.596764625016	2.34507198851	41961.3755279	True	
1.37152378348	-1.16508249056	1.82572406773	40470.3955669	True	
-1.13649622195	-1.91254096822	2.37934145539	36697.2416552	True	
-2.43803124522	0.991345569075	2.23716569672	38248.1449164	True	
1.0437538796	1.55982987336	2.05885713996	49087.7347707	True	
2.18755293504	-1.64143049718	2.13700172361	28097.4633071	False	
-1.52875817263	-1.82925072946	2.32074032252	33924.8244217	True	
-0.5634840856	0.341800349706	1.91196004014	32713.6940388	True	
1.20531213337	-0.292403416786	1.84121507534	34823.6040123	True	
-0.547417204848	-1.04308498119	2.06746502038	33876.2220702	True	
0.515057933932	1.71505612132	1.73226985024	45688.7631257	True	
-1.12573690743	1.83838405545	1.95249248141	32880.3093577	True	
1.89890861978	0.614573856817	2.06028012765	48987.1184837	True	
-1.26233910888	-0.581560504262	2.0333753364	34125.3785254	True	
1.59153278536	-1.48005985713	1.91933108917	37594.9774345	True	
-0.639424674548	-1.73075636747	1.82269487047	63280.0028172	True	
-1.60808292525	0.0359348687606	1.8240952812	39925.0331978	True	
0.920127333395	-1.69244916223	2.18678007257	27675.0983868	True	
-1.31524082315	-1.88408856809	2.36009150433	35504.4487592	True	
1.49066466353	0.43272186438	1.71658540871	48157.8504289	True	
0.375804851057	-0.559143747805	1.97404420099	33724.35483	True	
-1.95213046602	1.87464816695	2.17807858024	31482.437858	False	
0.986956765442	2.66365957536	1.91239576624	33078.802738	True	
-1.65056445401	-0.66759328155	2.03439350014	30084.886137	True	
0.794697233379	-0.818647358293	2.10366579891	44875.9724451	True	
-0.409520278827	0.440237147247	1.92095307819	32934.9642619	True	
1.68317519498	2.62746328189	1.98548527328	37618.1153245	True	
-2.27623833081	-0.0123743307298	2.43451106979	27663.0840508	True	
-2.3222409573	-0.981111453696	2.47748338861	28983.2809617	True	
2.99124554831	-1.44960832493	2.20736927378	29926.5466667	True	
1.54669939387	-1.7867394082	2.35664217215	27434.7844032	True	
0.989271976429	-0.683342333956	1.76697679812	43189.626494	True	
-1.03224150763	2.05320177561	2.05289187791	42992.4735715	True	
-0.40668826333	0.92329513723	1.72508291313	47124.2190336	True	
-2.40114657887	2.21769092944	2.6018261264	33093.5862804	True	
2.00628300199	-0.882183139185	2.05799624717	37268.3155201	True	
-1.88974235789	-1.45162591354	2.38630382301	27111.0638826	True	
-2.42718622888	2.55675105743	2.28120174179	34767.1545101	True	
2.52865436676	0.824728789652	1.75976349839	42016.1410831	True	
-2.54102760253	0.478474301094	2.25764048482	50603.2236113	True	
-1.78650329958	1.47601170639	2.12921295172	34810.9128156	True	
2.60357366611	2.31876274968	1.85921831553	33650.9285279	True	
2.07108415342	2.01556265462	1.93922505001	33991.367942	False	
-1.95318915291	1.78570803814	2.1092817934	28954.3748959	True	
2.83398446678	-1.40357998784	2.16714252407	29898.1070678	True	
2.2213833015	1.78344521155	1.69379943598	51628.2837048	True	
1.60282958272	-1.71309511843	2.42840926508	28408.5417245	True	
0.547377923437	2.6364290799	1.71431278344	48359.4567031	True	
-1.14635962966	-1.58482010439	2.28957253668	26513.8099792	True	
-0.034449096061	0.666658021527	2.07294259137	51158.8175754	True	
-2.23514367293	2.60166122991	2.44464885316	30173.0562969	True	
1.93476812427	0.719034495199	1.97865471745	36740.2019741	True	
2.44361169065	1.40563138769	1.65859741282	57856.8875833	True	
2.85154002978	-1.31396797242	1.86395876341	38920.7407284	False	
0.648198429989	-0.686453759022	1.82005844951	37275.6508242	True	
-1.54731250663	-1.48159569023	1.98658357205	36233.9350479	True	
-2.32672771981	1.38532118038	2.54977047465	31466.3829589	True	
1.41710443018	-1.23086255939	1.98849934667	30026.9499442	True	
1.78074857935	-0.880189647244	1.81674469535	38543.5013364	True	
-1.75977185992	0.782320376633	1.9037127246	34127.6093238	True	
-0.701654594698	-1.47864315532	1.90647961356	39511.7175428	True	
-1.56595998669	1.23313086637	1.95659545791	31268.6309459	True	
-2.0731022196	2.65217230957	2.17654745485	27597.709575	True	
1.24702520059	-0.782575759402	1.84064927496	35830.9090663	True	
2.34593752118	-0.282284782542	1.96987039875	34640.6533264	True	
2.40004602616	1.00968668076	1.96253398395	35415.0842858	True	
2.05016959562	0.349173325236	1.85074367066	34054.7286207	True	
1.7997592924	-1.87219812616	2.67979453204	42123.3973896	True	
0.14168370466	-1.70463201791	2.09171698389	32851.1520425	True	
-2.00614792645	-1.34629170629	2.41362593948	27802.8125229	True	
-0.983898054726	-1.57541585745	2.3259476702	28206.7102972	True	
1.15783519471	1.16116108129	1.7491435517	43352.3433993	True	
-1.85065070546	0.377413038429	2.0081325786	29878.2615843	True	
-2.47068009629	2.7592518174	2.30545485756	38164.4279044	True	
2.02051130623	-1.16276275963	2.01955300954	30368.1145332	True	
-1.92612455405	0.151735312677	1.9432361647	33760.7091542	True	
0.435986576961	-0.451895435229	1.9345138009	32594.3353139	True	
-1.6150486779	2.40576333411	1.8261870162	39389.7454603	True	
-1.96211371169	2.00599016977	1.95634023725	33268.7505608	True	
-0.191443697353	-1.5561396664	2.28021789544	28281.3441656	True	
-2.02501559903	2.66007402715	2.0963702184	28131.7849478	True	
2.64282438559	-1.56307077575	2.27509132689	28027.5444483	True	
1.97016049122	-1.65143133953	2.19473608032	26585.005501	True	
-2.41438621265	-0.411588623045	2.60226652935	33673.0072147	True	
-2.18966930857	-0.00306571701252	2.1098831687	29930.684097	True	
0.241263342362	1.2720508477	1.86938606834	33314.3559797	True	
-1.6799601028	2.0202283451	1.95752508388	31065.3441189	False	
-2.09239091606	0.936554747012	2.00624507165	32908.7323025	True	
-2.04833182103	1.30783464701	2.41418483348	45916.3789011	True	
-1.09572807245	-1.27280335344	2.03126295699	29072.6310412	True	
-2.13505038601	2.10406207584	2.14145065473	27440.6785525	True	
-1.5187999875	-1.07467895391	2.1822398016	34613.1635882	True	
1.15043768343	-1.7332457226	2.38845966974	26946.2723556	True	
0.482933812561	0.22546250031	1.95260977653	34341.1763452	True	
0.323991341072	0.0685784762053	1.79413079965	38467.6119846	True	
1.40916719842	-1.19734744629	1.98315497047	30189.0452395	True	
-1.87601443782	-1.33209245424	2.34538192586	28106.1380773	True	
1.18067443017	-1.68183630312	2.41796556381	28943.9310636	True	
2.67803052605	2.81438160335	1.86901200059	33323.4447243	True	
0.431996848429	-1.29285270778	2.20055796644	37396.3002772	True	
0.440251958703	-1.37234767114	2.13059327167	29431.9093919	True	
1.46379471828	0.735363344645	1.83334538482	35002.6252084	True	
2.09024285986	0.513658539371	1.97960234527	36727.0904537	True	
2.60831464186	2.32079748154	1.81034141854	36663.5991043	True	
1.18119026325	-1.55918392057	2.34894930755	31844.980184	False	
0.888168628532	-1.59267296389	2.31805753225	28404.6294132	True	
-1.8969895148	1.60820775718	2.07203763407	29324.1900626	True	
0.354708245874	-0.693562702748	1.87814368558	33219.5613642	True	
2.82840484688	-1.06587167932	1.89877319907	33079.050301	True	
1.5576079296	-0.974561444879	1.98552716742	31451.1780549	True	
2.01140602119	-0.344497724002	1.87991407639	32995.5153919	True	
1.89233205237	-0.658566947432	1.82213753803	36967.881283	True	
1.08241505274	-1.66452959846	2.29659456595	26039.3497364	True	
2.87857352003	2.31902644926	2.05866255853	49141.0687968	True	
-2.33225682114	1.87921427994	2.29699263411	27731.8871359	True	
-1.34849233933	2.79754834257	1.95579520319	32106.3497466	True	
-1.3299961517	2.40335386991	1.82140676866	37637.8233331	True	
0.274811086601	0.149870547225	1.80410051023	37463.5443048	True	
-2.30428074	-0.250614372468	2.27522038452	27701.1523232	False	
-1.887059212	2.03622791768	1.97652838534	31058.0881369	True	
-2.03287682801	1.79612854354	1.96945310634	33909.5092459	True	
-1.78615393951	-1.35961792158	2.1542629689	27065.863172	True	
-2.18671108975	-1.15985810154	2.47548905897	28586.6319438	True	
-0.031630298984	-0.77858201811	1.71105610375	52207.9235065	True	
-1.60205770826	-0.0857094041476	2.02654822383	31754.9657856	True	
0.111050299604	-1.14542306704	2.00068757052	30285.6581301	True	
0.703946046389	-0.911219135206	2.01962074516	33522.143923	True	
1.83205445846	-1.80641949912	2.37297892647	28080.2696356	True	
2.09374662601	-0.737269443304	1.99301359947	33739.8121225	True	
0.842316373589	0.0062816798563	1.89033710392	32827.8610923	True	
0.177204417356	1.60018947288	1.95570535441	34847.383824	True	
1.93349779496	-1.29812323949	2.112646662	30814.8871645	True	
1.42845162969	-1.44192355753	2.16299210232	28557.2693741	True	
1.48370515848	2.13412367898	1.9046262423	32974.8307089	True	
2.44986864432	-0.728584573633	1.80729458038	38681.8073128	True	
-2.19745350377	-1.28205010842	2.34091417894	27866.0021519	False	
-2.11005567831	1.44605836326	2.21861957001	27370.2339351	True	
-0.816802037156	0.470769488399	1.9246358994	32698.8368314	True	
-2.24159613784	-1.14428869302	2.44504294895	27714.2782689	True	
-1.03926665744	-1.71818091141	2.44269812313	28326.2865187	True	
-0.0842119704134	2.46473019046	1.87693476251	33119.9325582	True	
-1.9865332682	1.02567435492	2.07536469075	28525.0572112	True	
-0.659849805824	-1.71351991419	2.39623586063	27166.4499228	True	
-1.94948240338	0.654084163005	2.03367374332	29354.0284801	True	
-0.928063760651	-1.60795482729	2.092659862	29878.3805943	True	
-0.641261591483	-0.619687299727	1.90378747669	32325.4012705	True	
0.846229135188	-1.36301884992	2.00180616961	29844.3398114	True	
-2.10418507782	1.05609040362	2.10526338718	28152.6765522	True	
-2.23804959353	0.841237932428	2.22872569147	26669.25177	True	
2.11785601717	2.246709968	1.86728834341	33374.0469257	True	
-1.52150621306	-1.3837253901	2.17826853425	27101.7803496	True	
2.19819518936	-0.432802412414	1.97098703391	34183.305029	True	
0.453610948361	-1.4588680792	2.01170903584	30329.8849254	True	
1.67007820342	-0.78618995776	1.98771562548	33048.5563108	True	
-1.8685411353	-1.00160283632	2.18740562484	28358.4990762	True	
-2.26675712577	2.6824334947	2.32058173068	26010.2394915	True	
-1.85061323769	2.50782192675	2.13990918937	33202.8217885	True	
-0.684908406403	-1.29995296481	2.14592971404	31581.5436831	True	
-1.5473549429	-1.59745487518	2.48272156879	31790.8962206	True	
-2.15543170513	-0.560616925378	2.3534375339	28135.2243204	True	
1.29221286418	-0.388524904709	2.00976912334	37716.4266291	True	
0.55185087064	-1.91152120486	2.45207134749	34230.829425	True	
1.89063231563	-1.55269585174	2.18140644416	26626.6741481	True	
0.382490967825	-1.46334309768	2.28756132009	34033.6088976	True	
-2.31772945292	-0.00262595787463	2.3440689802	26712.0763772	True	
-2.07102362125	1.59615416842	2.28811889553	31785.0811094	True	
-0.838701160861	-1.59960408171	2.31187571276	27203.1083861	True	
0.749302778228	-1.41393793637	2.09434011876	28094.7818444	True	
0.677108458707	-1.03633695108	1.95969312964	30946.3590431	True	
2.47174786874	-1.22599064888	2.00124488796	29849.6135897	True	
-1.30703187541	-1.75730016471	2.48500021468	29603.0504423	True	
2.52959503738	-1.8927053279	2.27527969803	35933.377238	True	
-0.808857909035	-1.65430275871	2.28987937998	25947.1067228	True	
-2.36269788526	0.202112171401	2.43092251222	27705.2907041	True	
-2.07345242823	-0.290501210474	2.21433809604	27559.2913228	True	
-1.88778950342	2.42547530999	2.07076991807	29439.8113052	True	
-1.83258750598	1.64428085991	2.0049884838	29976.6467635	True	
-2.09974572273	0.451292316644	2.15645442176	27174.9141291	True	
-1.88581220047	2.12612670126	2.11132352359	30518.3017151	True	
-2.38678135779	2.05225336144	2.52350799063	29768.4662532	False	
-0.714700956962	-0.770766618012	1.98272335351	32258.9088095	True	
-1.23461101399	1.65522414463	1.94112555109	32258.7687873	True	
-0.482072567204	-1.39016576586	2.10150327193	28258.7090121	False	
0.755516373741	-1.4634200816	2.08519096936	27867.1241315	True	
2.5350094615	-1.73619163209	2.37152313401	26655.3874618	True	
-0.757405153747	-1.65763629715	2.2058182116	26688.4983923	True	
-2.18550028771	2.84282584057	2.15368057818	27727.1649468	True	
-2.32426154572	-0.921579363984	2.3407732168	29210.6292124	True	
1.22035051748	-1.70526903077	2.33495984481	26196.321651	True	
2.43367447215	-1.48381496059	2.09243105117	27725.0380489	True	
1.4847522007	-1.69292248028	2.24082317791	26360.7323383	True	
2.20548715649	-1.77099023531	2.42140406409	27723.495013	True	
-2.10989121909	-0.0840139209545	2.23100303396	27213.0575915	True	
-0.433772732343	-1.42961180419	2.1837246054	29256.1345107	True	
-1.11643321178	-1.13457788076	1.98300078797	30207.6085636	True	
-1.08406014617	-1.39824886713	2.08093774382	28001.0660172	True	
1.30434222669	-1.59724708129	2.35236485227	29753.1246198	True	
2.05333829919	-1.67087586546	2.28410599033	25924.6353152	True	
1.3741697348	-1.36790746118	2.127559198	29491.6215348	True	
-1.83599384971	-0.800907448752	2.07254839702	28574.6366495	True	
-2.23498789079	1.16572338795	2.37218592986	27190.7764397	True	
-2.28818615747	2.80011056325	2.38851856556	26506.0870966	True	
-2.30606268968	1.41386899794	2.31300052426	26574.3359225	True	
-1.87995649761	-0.300830090669	2.09930023075	29353.5330043	True	
-1.92798431832	-0.137863076338	2.05606937455	28875.3598507	True	
-1.12241084462	-1.71741410433	2.29043911458	26805.1652575	True	
-1.31730763715	-1.58600035923	2.3019669405	26339.1291888	True	
-1.85355777549	-0.767678400192	2.11792747503	28728.4467243	True	
-2.14314976887	-0.24698149902	2.23694680394	26521.4241493	True	
-2.29992675885	0.298458311056	2.38596063155	26428.6625336	True	
1.37316747871	-1.71255485183	2.35063787539	26368.2521138	True	
0.0780275795597	-1.49561628361	2.12413087954	27267.5589546	True	
2.29979680419	-1.65763392137	2.45671685209	32359.2362812	True	
2.48947323958	-0.358987348321	1.90648228328	32525.91715	True	
-1.0670232902	-1.91384433394	2.32955907905	37787.6624965	True	
-2.1366557732	-1.35760264195	2.31109309477	27772.9054495	True	
-0.00297056896203	-1.75964934188	2.27315132524	27570.9269973	True	
1.85872711757	-1.7206293661	2.38450916819	26934.0295816	True	
2.70193735168	-1.15873206544	1.98274718088	30308.7879112	True	
2.21668007135	-1.30151129423	2.08986650285	29879.7024482	True	
0.981180571803	-1.68545362185	2.16935280516	28074.6583003	True	
2.26099687049	-1.71904039694	2.12483939158	31472.7417406	True	
0.993438742391	-1.58533706345	2.19574135572	26334.3448725	True	
-1.50221569068	-1.60566597004	2.19767486581	27386.3383607	True	
0.878235193795	-1.66842574595	2.22898445175	26202.6273697	True	
2.09641984938	-1.63030197055	2.30712960117	26792.2239972	True	
1.89226691733	-1.71899422446	2.43359254032	28471.7251944	True	
-0.151680412584	-1.4653158355	2.23774875149	30462.4794198	False	
-2.25780644155	-0.832840441668	2.28618290862	27241.8852253	True	
1.37825300584	-1.75289518537	2.26700838456	27387.8839287	True	
1.87190922978	-1.33236174536	1.99120113434	30081.6728944	True	
2.32863017465	-1.66686750767	2.20296332076	26642.3584087	True	
-0.921909665517	-1.66419389126	2.2542756262	26088.2297647	True	
0.33347174629	-0.983305855197	1.98878125579	31414.0199063	True	
-1.90984131554	-1.45030682928	2.25977105032	26363.2350363	True	
-2.08121595653	-1.18390347789	2.30152811464	25948.895931	True	
-0.938064259375	-1.69083799531	2.23447871485	26887.7704924	True	
0.805059618707	-1.47609323683	2.23409523354	30008.4619096	True	
-1.79363326017	-1.51973096899	2.31813980486	26001.0832894	False	
-2.17610635986	0.6256376623	2.18225560298	26885.6875809	True	
-2.29549559468	0.39737103283	2.37455234428	26313.0847199	True	
-1.80153396783	0.702982777253	2.04346532261	30116.8785215	True	
-2.03395395541	-1.51604808964	2.59168065616	34225.4169	True	
-1.81494690257	-1.11409865883	2.23678853145	29767.1767786	True	
-2.0162756025	-0.494002346958	2.20190456359	28321.4353716	True	
-2.05323163194	-1.20437115741	2.24254269498	26236.4582743	True	
-2.37834467717	-0.0902811321349	2.50396959757	29270.971365	True	
-2.21210458536	-0.544294441645	2.29882873445	25980.8210852	True	
-1.782875303	2.70158021357	2.02777447055	30180.7350919	True	
-1.91261615883	2.03757180357	2.08873061738	29323.0541572	True	
-2.2711717318	0.159110812704	2.33952171035	26067.8096686	True	
-1.79354827496	-1.4351284874	2.27373763663	26028.3272804	True	
-0.385601528709	-1.54482132574	2.23068585254	27141.6900965	True	
1.47546761998	-1.4377248408	2.10597119877	27850.9399289	True	
1.28293939951	-1.60133690569	2.3602191556	29937.0453546	True	
1.34354113566	-1.48951956665	2.14985346829	27332.3572985	True	
2.27750312772	-1.68062915579	2.27992033857	25916.5728168	True	
2.17389649439	-1.62217431609	2.20624746929	26183.5581698	True	
2.87446077983	-1.80405435323	2.41054274373	28166.322869	True	
0.258397109346	-1.65437733272	2.29474468435	26109.5855785	True	
2.54528481433	-1.65553411859	2.35874574907	27538.1943459	True	
2.75509414524	-1.80294598161	2.36634924392	27962.9537688	True	
2.58263529757	-1.57821060108	2.295088395	28143.9509095	True	
1.87467805	-1.73525358568	2.37849131201	26760.6836919	True	
1.13272261156	-1.55931092054	2.22484415286	26877.2586851	False	
2.16691166801	-1.51980653489	2.1036764504	27556.1244813	True	
1.83701190638	-1.68231986798	2.30227513668	25980.9912381	True	
1.5640668322	-1.6749925755	2.30706799646	26057.7820526	True	
0.531071234681	-1.65684958404	2.3469378262	27112.9188206	True	
1.11491777439	-1.69044080921	2.21915630529	26730.5120179	True	
0.634591028843	-1.59027644471	2.25596128785	26691.7414015	True	
1.67236603736	-1.65228439555	2.29895265212	26207.5997848	True	
2.00431170974	-1.73962583447	2.3170896407	26408.8294552	True	
1.31332859027	-1.59191321163	2.16163287223	26689.8217919	True	
1.07832050482	-1.61987065725	2.26635632804	26277.6720931	False	
1.39430083774	-1.7931003226	2.4023131819	27792.384234	True	
2.40561277073	-1.58587974692	2.19209447777	26347.3226531	True	
1.50949184394	-1.70465210382	2.4061584507	27790.5094081	True	
2.00576402573	-1.69651453099	2.30636545882	25992.1798306	True	
1.81506048619	-1.70441518598	2.27334504203	26133.2319168	True	
2.53143037019	-1.66924029742	2.28155089067	25920.4702581	True	
1.31100222472	-1.58834052252	2.25268128103	26691.0027982	True	
-0.974818904205	-1.58618332551	2.28336183084	26662.2108734	True	
-1.46829187204	-1.66054709795	2.29597931649	26386.048771	True	
-1.88132889583	-1.31899067401	2.25426344764	26215.2953944	True	
-0.313613863245	-1.67663319799	2.30844910301	26026.8816623	True	
1.21362712944	-1.54185509816	2.23090784352	27441.7458342	True	
2.70561650402	-1.6387123605	2.33381280297	27270.5217854	True	
0.532798794117	-1.68693893495	2.31612503075	26068.5565875	True	
-1.66836743438	-1.59240079753	2.30828804559	26080.4217789	True	
-0.781163379926	-1.76342754761	2.35761129666	27112.5923346	True	
-0.70969793195	-1.66709413025	2.23494883433	26263.2619505	True	
-0.517879640752	-1.67183737753	2.30285992405	25990.2363241	True	
-1.36463310656	-1.47530669978	2.18592258719	26611.2150966	True	
-2.0885896964	-1.30564705523	2.26740161028	26926.8745565	True	
-2.27167973896	0.37405258357	2.30722231761	26096.0969167	True	
-2.25243513672	-0.46330151783	2.34359645627	26085.1840407	True	
-1.8547334854	-1.32699903068	2.21382687756	26264.3868215	False	
0.148619032105	-1.61575109863	2.20523799813	26188.8758827	True	
-0.0648501458022	-1.74157711275	2.33422798655	26456.4566521	True	
-1.21143065544	-1.52813773394	2.15929922784	26733.0978084	True	
-0.0669594594098	-1.56077965817	2.18529722188	26514.7196107	True	
-0.597570051765	-1.76963321597	2.36529406176	27172.2302827	True	
-0.492082225143	-1.62425504331	2.23549135914	26007.5105576	True	
-1.07607003672	-1.65749670872	2.33100191181	26223.3835082	True	
0.211528747857	-1.70869861901	2.26990542041	26252.2854485	True	
-0.0432456779134	-1.6269849975	2.25367554239	26044.7551674	True	
1.57456607057	-1.72542810312	2.29328151744	26293.2378122	True	
0.775958045477	-1.60264682915	2.2091421392	26195.3826562	True	
1.58658751802	-1.73066148296	2.27698014723	26571.5283467	True	
2.56252270396	-1.65942581799	2.28816569124	26010.5828114	True	
1.28343696838	-1.67681592231	2.31523593098	26132.0153054	True	
0.943530886723	-1.74021154595	2.39780004534	27123.7941787	True	
-0.890690152956	-1.68133562528	2.29509799615	25987.8117556	True	
-1.26312030608	-1.63117649219	2.29720075207	25949.3304501	True	
-1.89909716067	-1.43121760192	2.27502435701	25998.8286979	True	
-1.06220445079	-1.67750634956	2.41394462677	27993.2553879	True	
0.235211375007	-1.64230881642	2.23010118533	26027.3234456	True	
-1.96777188218	-1.40002016853	2.33592760079	26085.201197	True	
-1.24660173485	-1.5482068241	2.2222483103	26197.8425642	True	
-1.59896947579	-1.51505871106	2.23673666033	26030.9311892	True	
-1.33667793141	-1.66949752506	2.26995389048	26493.7836109	True	
-2.2585499744	0.41329501872	2.25942632308	26466.589348	True	
-1.95937019817	-1.24411563803	2.28573141738	26424.9716289	False	
-2.13790689542	-0.938219573318	2.27157413014	26003.0611406	True	
0.200797478916	-1.57562883899	2.25649369453	27034.7452767	True	
2.09656972207	-1.68590683622	2.26313155718	26010.5703112	True	
2.87886303414	-1.71515089127	2.29683398228	26121.6687969	True	
1.02150981223	-1.55636672427	2.17246000154	26607.1103406	True	
2.78306112505	-1.65551275743	2.28155062375	25992.3210345	True	
1.16680438825	-1.72330207337	2.34410515702	26300.1043376	True	
0.910131500996	-1.57338013852	2.14751895244	26863.236846	True	
1.50339661264	-1.64657631424	2.28637345714	26126.6819971	True	
-0.92956675416	-1.62333535649	2.25588791474	25946.7393465	True	
0.972432163744	-1.58883338	2.19577114096	26314.7794562	True	
-1.76274040346	-1.45565889835	2.20592277696	26457.9466869	True	
0.680975744071	-1.6655356816	2.27103587524	25906.751575	True	
0.803087553084	-1.66856612399	2.26779558528	25908.1705923	True	
2.58342842232	-1.72942942544	2.31236985119	26259.0586183	False	
1.68887997556	-1.71481051433	2.23416894455	26962.8808222	True	
2.8674536159	-1.6231432225	2.26218812937	26185.9829471	True	
2.64373997159	-1.66646124409	2.34834207876	26931.4064572	True	
1.25576488208	-1.62262693692	2.31191189948	27120.4156361	True	
1.24453098924	-1.59952838074	2.20145042152	26242.0377225	True	
0.801560232333	-1.61501572221	2.1760444602	26574.9868259	True	
0.0763984131899	-1.64658240991	2.20390122176	26379.8529646	True	
-0.187894560774	-1.63446925206	2.24160008348	25977.4238603	True	
-2.02123684854	-1.30352477726	2.32595931747	26057.7304225	True	
-0.536922727061	-1.60234883388	2.17611942691	26560.3543626	True	
-0.831627046736	-1.71188725799	2.30520701893	26251.927246	True	
-0.594261647028	-1.53746251011	2.1202754119	27331.5409235	True	
-1.47970415315	-1.65114932297	2.34863945209	26291.2121099	True	
-0.0349068130409	-1.7259248913	2.33718874033	26278.663029	True	
-1.1298063389	-1.5499616885	2.14288015282	27141.1182588	True	
-1.22859771642	-1.62682040119	2.26078967559	25945.8115564	True	
-0.379013594295	-1.63482285331	2.25132737447	25962.9914188	True	
-1.86109913449	-1.57810505859	2.36385224613	26723.6361368	True	
-1.78717333026	-1.36713948957	2.22626075495	26276.6836946	True	
-1.92667220326	-0.941006861842	2.14817832309	27410.0095755	True	
-2.22378181573	-0.0473543187387	2.2577475247	26155.5443187	True	
-2.19564723273	1.65206417851	2.24087945289	26239.7802785	False	
-2.23229136195	1.25027936098	2.32805577675	26322.2820757	True	
-2.31806836974	1.59399809197	2.3634680241	26462.65821	True	
-2.1657051615	1.75346976847	2.22747341291	26471.4364841	True	
-2.25338889001	2.90950406938	2.2971084111	26002.4222636	True	
-2.16536531798	2.75763814549	2.25319917466	26633.958801	True	
-2.14509577504	2.06172321429	2.19498483195	26700.6689533	True	
-2.24655111473	1.79083728614	2.30169480119	25995.1080437	True	
-2.16458514283	2.77875648694	2.18245531859	26803.5157942	True	
-2.16776118758	2.19445728169	2.28011429725	26996.3676031	True	
-2.17693568446	1.29875038923	2.22538834694	26382.5038465	True	
-1.91620735168	-0.591045135551	2.08639190466	28370.8160225	True	
-1.72448621033	-1.44739257832	2.22596614856	26118.4090674	True	
-1.50756408299	-1.59751152516	2.23526842674	26376.6965302	True	
-0.819704746504	-1.70997375571	2.42598683155	28031.5046335	True	
0.676917350472	-1.55313189245	2.1415926554	26915.6571624	True	
-0.286469371903	-1.64989953434	2.21769325249	26226.1856143	True	
-0.0334293157943	-1.64412857885	2.29602853856	26243.8300366	False	
0.70923337035	-1.68667918505	2.28134778722	25937.0509924	True	
0.336676488423	-1.6274192172	2.33698690022	27702.2723398	True	
1.05014626123	-1.72899117066	2.28184553504	26475.529698	True	
2.10818629153	-1.59447642027	2.22872266077	26302.8632395	True	
2.20798462903	-1.72610849958	2.3079107814	26224.8966346	True	
1.49040553578	-1.64249736926	2.23396837288	26000.3794782	True	
1.64034752963	-1.68825157547	2.29751885674	25951.4967954	True	
1.44097657005	-1.63269687276	2.25656769179	26034.2143746	True	
0.00648128675675	-1.68161993788	2.3054526633	25995.7187432	True	
0.543156097385	-1.6234765287	2.25340757303	26100.6758247	True	
0.686896615317	-1.62575090674	2.20954416063	26160.2737867	True	
-0.153518232845	-1.60317707511	2.26868236245	26550.3871389	True	
-0.223392411791	-1.65288443441	2.27356824368	25937.8275746	True	
-0.948296619351	-1.66927596169	2.30060377989	25959.0573419	True	
-1.03307322135	-1.59224567846	2.26737708156	26230.1757391	True	
0.0528368277482	-1.67704888108	2.24722342556	26090.7976995	True	
0.03469039976	-1.79351578957	2.36707011785	27691.1812463	True	
-1.83156170005	-1.38230558862	2.22154440581	26174.7649753	True	
-1.37018082446	-1.59699975439	2.2373229622	26078.3660418	True	
-1.22223165559	-1.68225271552	2.31650506883	26149.8858478	True	
-1.77159595739	-1.59856692837	2.33233541548	26476.7841838	True	
-2.26064119576	-0.452151102198	2.31780047041	26133.6596599	True	
-2.16470153952	-1.07163002576	2.33728717224	26062.488926	True	
-1.58342399633	-1.44172833177	2.16474410116	26706.7977118	True	
-0.758346119366	-1.64241626604	2.23355684133	26061.7980233	True	
-0.0144749887829	-1.53866131693	2.17496738846	26736.1910837	True	
1.04757373305	-1.60178537564	2.24939682857	26376.1769332	True	
0.981631112731	-1.64782395568	2.2449104692	25953.91668	True	
0.517925433069	-1.68366120369	2.2900348891	25929.4743868	True	
-0.725688368877	-1.67679778452	2.2664534931	26026.237326	True	
-0.137694137293	-1.62110793753	2.24831990147	26066.5274498	True	
0.365179207194	-1.67838517485	2.26346048333	25960.8058444	False	
0.368738221846	-1.66194156805	2.26631815659	25908.5751789	True	
0.357092688141	-1.66878145138	2.28441370181	25928.5180977	True	
-0.439438601157	-1.70096312668	2.27106071232	26199.3957357	True	
-0.469155602062	-1.64786154979	2.30680866524	26270.0361361	True	
-0.286710265312	-1.65423428476	2.24871425968	25952.2465664	True	
-0.788989039724	-1.64502123493	2.22770476694	26155.1243169	True	
-1.14450994661	-1.60474505664	2.22571882467	26081.2835324	True	
-2.13708398138	-1.00091488923	2.28488762344	25966.2972562	True	
-2.22101796319	-0.0290206721007	2.31191799282	26152.4490826	True	
-2.0850511817	-1.10765176185	2.31563606172	26219.6254536	True	
-1.48099357122	-1.58310020315	2.26135592762	25938.7344406	True	
-0.67370161467	-1.68666405413	2.27553868709	26043.5455523	True	
-0.400170570951	-1.69723166747	2.32453093142	26099.5527345	True	
0.465072062907	-1.67434837029	2.2897881915	25935.2432884	True	
-1.53022088383	-1.55117596487	2.26981931395	25957.3920973	True	
-1.66264928241	-1.5233448239	2.26079990502	25940.861569	True	
-1.9582725738	-1.41182537443	2.30662410247	25994.6404597	True	
-1.65095400545	-1.52816787153	2.2607150463	25940.6046414	True	
-1.47851680973	-1.56069728635	2.271846292	25979.8559764	True	
-0.313679947414	-1.63155126262	2.24518861219	25979.0217268	True	
-0.0953073718558	-1.72167716911	2.29523298688	26262.8823257	True	
-0.55091493895	-1.667416424	2.26696398204	25930.659824	False	
0.983830965295	-1.66323005461	2.24564871702	25985.126341	True	
1.21315348072	-1.6790479484	2.25082783093	26053.00321	True	
0.9145773235	-1.6827577681	2.32589552349	26213.9074959	True	
-0.572084159676	-1.64540735469	2.26376714479	25922.511236	True	
-0.704572916364	-1.61972628609	2.2119778694	26166.2558784	True	
-0.0736491899972	-1.59426433228	2.17686708339	26475.4111817	True	
-2.02765321847	-1.33913893734	2.34038519688	26100.9637062	True	
-1.40460873144	-1.67707337934	2.3681102234	26547.0941038	True	
-2.1425184482	-0.842026703112	2.23880195371	26202.0639842	True	
-2.22511137635	-0.401047215552	2.27400147516	26093.4217164	True	
-2.17587283857	-0.134580370303	2.24614831414	26250.7061642	True	
-2.27514629218	0.838778977934	2.32429886473	26045.7910025	True	
-2.25429225781	0.807968662658	2.32791795713	26058.2914734	False	
-2.19611661328	0.655969804086	2.2660043164	26227.8422301	True	
-2.23958312966	1.1920715341	2.2914821402	26003.9637852	False	
-2.22304385422	1.03486317348	2.26103169029	26101.1074814	True	
-2.24820860182	0.935445806586	2.30122097949	25991.5036274	True	
-2.30333668305	0.519541760855	2.35033965939	26290.281214	True	
-2.20755221733	-0.145850499685	2.25337416792	26135.9994155	True	
-2.2236104558	0.814819816714	2.1981587639	27145.5123658	True	
-2.28079272613	0.411415511	2.32910301407	26091.4281474	True	
-2.22091730527	1.00313048335	2.26363035041	26088.4214026	True	
-2.26454582839	0.347043236046	2.2823646712	26234.9940733	True	
-2.24039814077	-0.383152948781	2.3000603133	26018.9901242	True	
-1.43580582277	-1.61804128528	2.26133203129	26089.1963265	True	
-0.93754656895	-1.6365330861	2.25744485572	25924.2594361	True	
-0.805486448538	-1.69620508825	2.28415677105	26143.4487186	True	
0.00882320782633	-1.67422370592	2.26959499359	25922.1936305	True	
1.30089357855	-1.67181590911	2.29093862116	25951.7771334	True	
1.56780267654	-1.69247624929	2.28187800313	25965.3367194	True	
2.67258790979	-1.64962084029	2.25025736215	25938.9140297	True	
2.79452052326	-1.64418331048	2.22059552376	26111.1073738	True	
2.79316889716	-1.67744456891	2.26284908476	25952.0568962	True	
2.33226199564	-1.69569170538	2.29756541782	25967.8402829	True	
2.36993933101	-1.70674618514	2.26941127574	26203.5729824	True	
2.80783059246	-1.71298469909	2.3175879094	26093.0878121	True	
2.16639594528	-1.66403009512	2.27663151806	25920.6820852	True	
1.38344070326	-1.64594209581	2.26796190822	25982.8957456	True	
1.43164170572	-1.59217877113	2.2180184125	26278.0279281	True	
1.17876518222	-1.72257897068	2.3362708645	26237.2832635	True	
1.29029487857	-1.63492344936	2.24323982522	25987.3118199	True	
0.640169412491	-1.60204666176	2.20300273498	26223.7153621	True	
1.09794880595	-1.67315086871	2.25865308296	25952.5586147	True	
1.00034328078	-1.60968029556	2.23519924113	26155.9995353	True	
1.25367576227	-1.64786948603	2.26947625928	25976.1473169	False	
1.14110612453	-1.68547250929	2.32758891504	26213.8362542	True	
1.49687057461	-1.68231104581	2.3221041604	26169.6631459	True	
1.33415093666	-1.66749429065	2.23003984393	26175.8568601	True	
1.54611996458	-1.6872520338	2.31463033788	26056.7292012	True	
1.6257625264	-1.69339257308	2.26875687752	26040.4662762	True	
0.842205879873	-1.66342800535	2.26007038009	25916.9633925	True	
0.462049213995	-1.68723028456	2.30617862281	25990.9837195	True	
-0.138955756994	-1.64477932242	2.22678178678	26071.8492447	True	
-1.07355371353	-1.6035667648	2.23669455441	26002.5183556	True	
-0.943318067046	-1.63676518103	2.22440541536	26192.9984696	True	
-1.71730267472	-1.54120784018	2.23318042993	26556.5376745	True	
-2.046030354	-1.27960075457	2.28971189922	25986.4766688	True	
-1.76047099202	-1.53628514276	2.28306927567	26044.6743437	True	
-1.59411682957	-1.49866948596	2.23535312622	26072.0393823	True	
-1.49615984066	-1.62306478764	2.32565296885	26072.2440666	True	
-0.976425752289	-1.61637402523	2.21806913627	26146.4560335	True	
-1.65563628215	-1.53501752074	2.25580579343	25984.985112	True	
-1.00629261033	-1.66564667367	2.31814956765	26061.0324184	True	
-1.45410906428	-1.62001780661	2.29749956687	25953.6865418	True	
-1.68899677302	-1.49087991032	2.23130026678	26091.814909	True	
-2.20314110693	-0.275472115113	2.26108780107	26086.5623948	True	
-2.24269938819	0.500604793001	2.28613637369	26016.5920538	True	
-2.245579814	-0.011011392074	2.31998466083	26016.7776357	False	
-2.21108352168	0.361136100157	2.26632952033	26095.6887229	True	
-2.23697518488	0.554261695658	2.30723521563	26041.4463003	True	
-2.23578534236	0.971833175028	2.25962556297	26160.6292226	True	
-2.25158026074	1.1589523362	2.31268079089	26002.1992468	True	
-2.25223950669	1.00322718614	2.29441347316	26009.4888341	False	
-2.27832989495	0.572799562761	2.31859520929	26091.5522283	True	
-2.20561888894	0.626665093144	2.26020901314	26138.4927374	True	
-2.26052502138	0.35786812319	2.32665854254	26020.972193	True	
-2.2335022158	0.495190204323	2.32357720408	26207.5955364	True	
-2.26716548097	0.536827974161	2.29162456125	26153.9226046	True	
-2.25463639601	0.463773656527	2.31976985005	26009.168292	True	
-2.26340023439	0.530665076487	2.32657950632	26019.8785685	True	
-2.23101903808	-0.303544109462	2.29409602944	25991.7771544	True	
-2.2650598264	0.0520184483205	2.31446695153	26040.2649095	True	
-2.24545170793	0.183927788084	2.29981648525	25990.4608549	True	
-2.24752112369	0.574668578589	2.28760598486	26024.7047849	True	
-2.25418487665	0.30783026074	2.28133508349	26127.3242163	True	
-2.22500890407	0.504154657038	2.28380684881	26038.8437393	True	
-2.30046017242	0.29316340839	2.34813693485	26277.535142	True	
-2.26222394517	0.846882224047	2.31867340704	26003.3142478	True	
-2.23406248959	0.718946576911	2.27960219674	26026.9126115	True	
-2.24829817373	0.441833478558	2.33251303222	26126.1935519	True	
-2.22686309399	0.430514173012	2.25797719437	26137.9996987	True	
-2.25752063868	0.257143947088	2.33083206552	26043.8679994	False	
-2.22307007545	-0.515419911972	2.2667640841	26210.6943824	True	
-2.20581221445	-0.608243616342	2.27045005023	26085.4448111	True	
-1.91004037437	-1.39604650797	2.29416579785	25945.0536131	True	
-2.0576467439	-1.32295163705	2.3097879727	26113.1013291	True	
-1.92519082044	-1.31725176459	2.24932295604	26038.9851438	True	
-2.04169252792	-1.26720703024	2.298663886	25939.7179484	True	
-1.81148014459	-1.50505596978	2.27141147153	26104.6480351	True	
-0.705213235854	-1.6437625037	2.267253287	25921.3917088	True	
-1.05057406762	-1.67303149448	2.27749517105	26060.2059326	True	
-0.586079705368	-1.67914539444	2.30337682465	25972.3528539	True	
-0.326061173691	-1.68184888437	2.28703975482	25931.7561142	True	
-0.190587525402	-1.67196922943	2.26877122544	25921.9278568	True	
-0.840678417137	-1.63418352626	2.26392849545	25931.6004588	True	
-0.305646577464	-1.67721035377	2.29343612827	25937.0992796	True	
