Parameter 1	Parameter 2	Parameter 3	Potential	Equilibruim
1.44363322575	0.305077534421	1.86634155267	33410.276212	False	
-1.7466562465	0.3315205666	1.67120949943	65753.2022109	True	
1.06922043932	1.07742550486	2.04318261986	45903.9648533	True	
2.46234773807	0.100935576086	1.84611598783	34336.5885479	True	
1.90141990047	-0.0512339864528	1.48252233242	96715.1561291	True	
1.18395785722	-3.22461274717	-4.59630708939	318643.642357	True	
0.0802691587006	-0.48079381172	2.0544867543	42615.7135686	False	
-0.208093466684	0.397314554217	2.14296004549	68970.3559682	True	
-0.482111776911	0.384727158848	2.03830662052	43215.64775	True	
-1.2407400869	1.70303048925	1.88073685033	33178.1947387	True	
1.85427259082	2.34692998917	1.73715516759	44946.7059705	False	
-1.4011896434	2.0925476578	2.05398400838	37951.4096458	True	
-0.779952287015	2.07051559583	1.95257668471	33817.0918071	False	
-1.99951192571	0.356857140071	1.82443426052	48608.8754944	True	
-1.18294923402	-1.65587595107	1.74051141383	72727.2708304	True	
-2.0143305306	0.271605243016	2.23386153697	31340.0919598	True	
0.456077513384	0.549031250779	2.09487568956	56664.0873319	False	
2.69900633792	1.21872633849	1.79222433707	38340.6602704	True	
-0.23552956658	1.85540226281	1.56737542561	76828.7669577	False	
-2.16025649376	2.21325430537	1.60766425717	94402.8353767	True	
-2.33653136295	1.59563525628	1.84959095101	66541.8622558	True	
0.551320541497	0.462312975235	1.93136173759	33456.1660175	True	
-1.40164386797	2.5302278486	1.97168617797	32209.4705578	True	
2.88925514045	-1.10791804333	2.03654078273	31562.4338847	True	
0.626889071986	1.03003184726	1.84986904375	34069.0230634	True	
1.3444386844	-1.48187742709	2.3995894926	43463.9140358	True	
0.386136554524	1.81119580438	2.13844495671	69995.0660546	False	
0.222037623728	-6.59803100479	0.990987315499	320499.2518	True	
-1.58434361255	2.3626202016	1.91901974195	32155.9843297	True	
1.41065577449	-0.894846570557	2.20003237265	61878.672609	True	
-1.86062349857	-0.548163069652	1.66284584701	72297.3956324	True	
-2.75559527987	2.12444019555	2.82803377498	82260.7861455	True	
1.41522718238	-2.19745869803	2.64456666992	75590.3231317	True	
0.125030607118	1.27809872516	1.87103522874	33267.7671312	True	
-0.718232146412	1.80642073556	1.78493355845	39644.835997	True	
1.63161393349	-0.290735306672	1.89925739048	32622.1121056	False	
-0.86852040758	0.636147744448	2.02607454121	40033.6834037	True	
-1.17169664873	1.42114555987	2.12255731897	54282.5340737	True	
-0.0904611356047	-1.38181684666	2.01504839738	29498.6743814	True	
-1.06671635263	-0.47484884336	1.94668042988	31898.8545582	True	
0.584009821214	-1.3798254854	2.40929868242	58173.8038144	True	
-2.35196372058	-0.920552833181	2.34452186856	30700.3827906	True	
-1.51957471433	-1.40756185173	2.02979061642	31012.16177	True	
2.22266000096	-0.099943634325	1.78048397667	40017.4895041	True	
0.984302191038	-2.23596910937	2.55703067515	82232.6922031	True	
-2.22117993735	0.806469960444	1.21963952885	177970.590245	True	
-3.2444468901	-6.36332255812	2.14704037931	333482.893945	True	
-1.9014050219	-1.3406750319	2.34540922723	27454.3246419	True	
-1.19849112636	1.70000292458	1.39988453536	118719.250357	True	
0.300234232253	-1.68581351398	2.31750180008	26084.6065549	True	
-1.69123747741	1.52567328544	1.37683815142	129280.381969	True	
2.33530087896	-1.51236930832	2.11973524438	27260.0306823	True	
-1.15796329978	-1.63523602558	2.26101079836	25948.486477	True	
-1.7628444548	-0.353580178227	2.46314717948	94505.0432806	True	
-2.05937443166	2.48060856188	2.01919387922	31196.4224736	True	
2.09708937617	-1.06228361921	2.03783298892	32353.5661244	True	
0.135504465389	0.037735700324	1.64407945114	61236.3878036	True	
-1.22597057088	-0.828196969911	1.63291606362	69737.342393	True	
0.314882535171	1.66043610734	2.03721145637	44752.1024579	True	
2.2901234847	2.44944841153	1.51805931272	87724.5127021	False	
1.74061114592	2.1937979355	1.64711324658	60003.6544509	True	
0.750163927396	-1.63333733054	2.20861813695	26195.3443087	True	
2.03692539363	1.18010471451	2.08412937114	54762.6791674	True	
-0.126454960308	-0.954514567136	1.92170140015	31798.6498249	True	
1.09628890235	2.57735899324	1.93871840644	33960.2483309	True	
-1.93418393205	-2.17527103799	2.94544578457	96128.3390429	True	
0.45301072634	-1.26131845565	2.17973281745	37057.4000417	True	
-0.473063827628	2.93788262439	1.90509333556	32812.8392405	True	
-1.26561780602	-1.2361780713	2.06956018242	28851.6677489	True	
0.155214517063	-1.48234028193	2.60323903601	76338.3857786	True	
1.40466307238	0.0875457619511	1.51285910749	89391.4844207	True	
1.30228029096	-0.647143411754	2.0317063206	37970.552541	True	
-2.17020412539	1.46576771135	2.55844115461	46959.0324518	True	
-1.066963641	1.44182002222	2.1904596204	75857.9067672	True	
-0.374757838386	-1.64811296078	1.98447006109	38531.0761274	True	
0.754631363853	0.584820915121	1.48172804106	96477.9767218	True	
2.42339656003	-1.1221974031	1.97477223432	30522.5823519	True	
-1.30146561475	-1.64957775456	2.54490706903	36090.3122139	True	
-2.20282187295	-0.493878454014	2.64229952946	48719.1377337	False	
0.299141799548	-1.42063769591	1.94858386486	33631.1825893	True	
-0.460627946509	-0.195222055648	1.99819683891	36649.403358	True	
-1.8597592158	1.33906930977	2.0981160469	30637.5141903	True	
-0.0686730349569	-0.756718263155	1.98802756413	33121.0963057	True	
-1.87098876674	1.99242577451	1.95573306064	31968.4580155	True	
2.432141509	1.15245788402	2.22033083769	101561.568635	True	
2.07042020307	-0.677835571464	2.23669265207	84237.3847666	True	
-1.51335795981	-2.00060551456	2.47151906045	48380.2658162	True	
1.40596412708	-0.274010398849	1.92801164421	32798.2572373	True	
2.15565822472	-0.277939508991	2.13663598447	63525.3640938	True	
-1.0987694039	-0.724351530545	2.00711301861	32586.0603705	False	
2.37987911931	-1.36203174109	2.11651986598	29308.4500079	True	
-0.405986159345	-1.64989848529	2.39266469503	28809.9685904	True	
-0.510577945092	-0.539049724985	1.92706988748	32154.8844552	True	
-0.510127678714	-1.68871820899	2.68239997646	52651.4916154	True	
-2.56000672117	2.10434282295	2.73549365941	48044.5395874	True	
-2.18479144807	-0.113834788684	2.47395427893	34920.2982354	True	
2.06959715648	-0.180191028791	1.99901028644	37536.2150155	True	
-0.769675178092	-1.57259074048	2.2380579798	26441.9570604	True	
2.11780173246	1.88444112275	1.86962254335	33306.117127	True	
1.66117817242	2.91948589225	1.97886996402	36934.165902	True	
0.272001874751	-1.88686205647	1.866885442	70356.1662023	True	
1.02878857149	0.414561718755	1.93648249337	33663.8991359	True	
-2.28206269469	2.63898460125	2.33077065976	26075.7008689	True	
-1.0515006994	-1.69033008511	2.07432927727	34681.2260398	True	
2.50444457272	1.30316367941	1.95460974111	34873.0102493	False	
-2.34816489738	-0.518840198648	2.05018819958	45676.9124755	True	
0.322908002417	-0.781631018636	1.9204878319	31920.3051396	True	
-0.98321611762	0.977130743474	2.06490973533	45348.0065618	True	
1.53612721408	-1.26358388124	2.01619720322	29533.9316071	True	
-2.2361514962	-1.51640826272	2.1767802988	44338.8097236	True	
-0.973955232751	1.87119158154	2.16089421759	68762.2163938	True	
-0.882763578007	-0.523350268168	1.90727444697	32256.8301058	True	
1.06721911432	0.622460781785	1.89696816264	32889.5213879	True	
0.847666920309	0.211802135257	1.82569778492	35620.476817	True	
0.499338245697	-1.4408514118	2.1764658407	28964.6501784	True	
2.4146510588	-0.2257537952	1.74450326942	44718.9596394	True	
-1.77740686469	-1.4195778859	2.55328372534	43318.3097983	True	
0.99895303193	-0.824309011303	2.17648329369	59559.567552	True	
-1.4668769236	-1.35023213071	2.20044948138	28499.8471121	True	
-1.5604332915	-0.138911543657	1.99305981896	31162.24393	True	
-0.979534858164	1.88734228113	1.83589055158	35388.9757557	True	
-2.45962747022	0.42309569332	2.68744158073	39068.7957597	True	
0.51221962136	0.417661827289	1.94238762981	33909.31168	True	
1.48610739225	-1.98791631958	2.46769546457	41697.2021738	True	
0.859756886272	0.563673610102	1.8649741941	33453.1462585	True	
0.985439586461	2.74087029484	1.90935918052	33028.9703119	True	
2.31450765469	0.321786151225	1.80718068051	37068.5310068	True	
-1.86491708557	2.36315073211	2.09840476838	30548.0768095	True	
-1.0175755479	-1.96613948659	2.02543109606	63620.1991601	True	
1.16459721876	-1.77831641017	2.07645530365	38326.0557623	True	
2.57878787009	2.30513278722	1.73777527937	44858.5375231	True	
1.00015564999	0.50156985365	1.88987604883	32911.0581345	False	
-0.281236423934	1.98669877613	1.83541484228	34943.743239	True	
-2.17665628197	-1.4884281917	2.18055232639	39008.9361779	True	
2.5439829913	0.545705901799	1.95571190297	34790.1620513	True	
-2.30219916627	2.06675246464	2.36847168067	26287.6961236	True	
-2.11527529167	-0.0346789602262	2.11780815084	28000.788473	True	
1.73448978123	-1.39617668117	2.14115818494	29173.3832892	True	
-2.33606828429	-0.817816397325	2.46791297302	28571.1677307	True	
1.51418211296	-0.226507755406	1.82899126168	35614.368018	True	
-0.181655859836	-1.6875589404	2.44718724472	29995.240174	True	
-0.612439048782	-0.843299882317	2.16584614924	53569.1964558	True	
1.42223641255	0.337807214286	1.90310074279	32860.4950807	True	
1.34887309057	2.94079490267	1.98882847293	37980.5496831	True	
2.83874619948	1.94332370822	2.07603833208	52966.2660463	False	
-2.29186927924	-1.53777044455	2.07075106249	58673.5031689	True	
-1.04644394238	2.14849303648	1.99862465198	36126.8638676	True	
-2.14103121543	-0.513235918675	2.33424664004	28183.1533821	True	
-1.5926951748	-0.632967993139	1.89275064253	34560.5578748	True	
-2.24255983725	2.91544118696	2.2723522476	26085.1229926	True	
-0.958972689323	0.560150236044	1.95942242444	33576.0023942	True	
2.5356382016	1.62545388061	1.82085542284	35834.721769	True	
-0.449459442412	-0.770800835336	1.94040907391	31713.7222899	True	
2.11190760466	-0.86706452581	1.93144523594	31654.4573252	True	
-1.76031735481	1.71597760163	2.03840011309	30608.4691408	True	
-0.590784767656	-1.50367911196	2.26609419448	29606.9623459	True	
-1.5790235356	-1.10442476932	2.10402469095	29130.8130675	True	
-1.28399024636	2.77405949192	1.99109989449	33898.4461613	True	
1.87939708153	-1.64996082285	2.11205137339	29411.566011	True	
0.438486930062	-1.64206287802	2.27252427433	26037.7324927	True	
-2.25757548451	0.937089225943	2.42403723124	28111.4510514	True	
-0.274170161533	-1.66718987031	2.52042485291	36243.9772777	True	
0.514678240724	-0.0465287534975	1.83204599612	35286.5971597	True	
-1.90560863065	2.29325042199	2.06816867314	29191.7766134	False	
-2.4449798113	-0.331201955917	2.22002612329	41327.4387179	True	
2.46909984476	-1.44127113672	1.94205025378	34537.3848448	True	
2.23327567559	-0.482643497702	1.97845670259	34445.2344979	True	
2.18275210761	-2.01610113728	2.6777196795	50043.4190569	True	
-0.271690484922	1.67566893077	1.94164463282	33849.1341214	True	
-2.04149217514	2.65039020269	2.09544471554	28110.3325218	True	
-2.39628763346	0.364439670472	2.40670577629	29071.3870666	True	
0.224774145324	0.604337852228	1.95822682649	34880.5849187	True	
-0.433826082533	-0.0767715913781	1.77448597259	41006.6299067	True	
-2.35949565788	2.1278780279	2.26367683911	30223.4619708	True	
-1.7721973153	-1.63968475741	2.43897310748	27899.7501809	True	
-0.79565272464	0.320814692907	1.8122518162	37175.6513177	True	
-1.01962825909	2.96504561591	2.00445388783	36855.2918976	True	
-1.66066186689	-0.59442610029	1.82228615003	42216.8413456	True	
-2.15016679605	0.0372401630781	2.21874960037	26511.9987893	True	
-1.51189380714	0.884172111805	2.03880315628	34483.7596355	True	
0.147383125967	1.30518736749	1.99325989888	38246.0761576	True	
1.65772113328	-1.74210192837	2.45188355879	28737.2569418	True	
1.7681835623	-1.83342298547	2.41671413009	29271.7203037	True	
-1.17459618701	1.45377955927	1.74628591663	45838.8235368	False	
2.19806311278	-0.668609494122	1.92782025975	32075.3976735	True	
0.476819559686	0.206018735291	1.76237871185	41935.4242967	True	
0.00479782387781	-1.5051271666	2.09529839715	27712.3206051	True	
-0.558857769306	-0.657049088917	1.99689885283	33963.1557484	True	
1.55982020726	0.316987883184	1.68320553268	53689.831412	True	
-0.383731965422	-1.73835454209	2.41622095862	27544.4030515	True	
2.35763246216	-0.260916374885	1.82898975521	35645.1584529	True	
2.74463855512	-1.15958159407	2.00107815165	30229.2142761	True	
0.657884597665	-1.46780060066	2.05067130349	28764.1951255	False	
2.82708683776	-0.309417861842	1.88502156553	32858.2911419	True	
2.62340187805	0.607925913273	1.88881533786	32932.0929878	True	
-2.35812696505	1.3349231224	2.29333503976	29108.7698326	True	
0.702050888253	-0.210400812011	1.87164572909	33258.6388679	True	
-2.34475517936	-0.856367333348	2.55722970466	31220.271812	True	
1.35212755315	1.69639355366	1.84353136774	34377.2140206	True	
-1.05379725446	0.182079316641	1.9285661164	32339.9238609	True	
-1.887166376	1.01857572402	1.90026560223	36324.2818426	True	
2.87991853635	2.09810438607	1.96146137278	35399.8835382	True	
2.53923410279	2.02261848014	2.07186913568	52008.8945314	True	
-1.06334946893	1.01485813782	1.88245608204	32994.965255	True	
1.59976986991	0.820808391024	1.71952863946	47595.39092	True	
1.0636719701	1.09844563049	1.87318243595	33210.8176044	True	
2.39432765167	2.50179718977	1.8475082134	34167.6022525	True	
-1.05023436162	1.12172329956	1.78494085255	40368.6181402	True	
-1.47858567587	-0.316905044841	2.17171750239	50187.8768626	True	
-1.76158066508	0.0923708641829	1.71915357256	57681.9318391	True	
-0.905119322069	1.62497565371	1.90723047115	32577.9472362	True	
1.61879751241	0.00496708155011	1.67199640868	55950.5970682	True	
1.43447321882	1.58123083389	1.80005710311	37580.9908005	False	
2.22693126369	-1.40050034693	2.17000133766	30130.5666134	True	
2.3049178793	0.965554782488	1.79648614526	37940.6959462	True	
-2.27690954927	0.396805059703	2.40315735153	26891.349251	True	
0.144618027584	2.68387045841	1.97720155055	36603.9492418	True	
1.38647521217	-1.7038119493	2.43973418877	29158.9168556	True	
1.00757066268	-0.199575673371	1.88549554001	32865.6827688	True	
-2.05406069552	-1.51070675206	2.49758130675	29458.9784969	True	
2.31274911015	-0.374681219678	1.80093455355	38259.8738615	True	
-1.05163261834	-1.44899968233	2.05593979349	28853.1208063	True	
0.675552432515	-1.61264396215	2.18302050978	26442.7306547	True	
-1.84561561418	-1.69120580339	2.59026778797	34347.361034	True	
-0.732067277251	0.92728710021	1.95970031761	34242.3247979	True	
-1.50880331081	-0.239918787662	1.96109344167	31151.2347299	True	
-2.20084327412	1.16596598849	2.18545845233	27076.3146464	True	
-1.17587701459	-1.09238473597	1.9758365247	30400.0420921	True	
0.188148757053	-1.64939988702	2.33919597736	27068.2727607	True	
-2.32096485227	1.147986141	2.33161170928	26735.3941888	True	
2.32456341147	-1.59029067773	2.3165437304	28463.1203047	True	
2.7638923353	1.55529443322	1.9741143915	36458.1070658	True	
1.71554466234	-1.54213441139	2.20117993155	26906.1656327	True	
1.27562410625	-1.67607863701	2.40320949712	28513.1610982	True	
0.691802494995	1.23357226421	1.9367665914	33822.7697467	True	
-2.19815210447	1.29073725429	2.09950726373	30461.3959034	True	
-1.32452130832	2.61588525157	1.94619846241	32051.1869937	True	
-1.67273347573	-1.4171853855	2.22181814371	26366.7998475	True	
1.7225328464	-1.66696883915	2.39413468954	28470.670192	True	
1.17025349811	1.09867293958	1.94600024787	34305.1643353	True	
0.570669664598	-0.490250948684	2.01611640686	37658.930044	False	
-0.402412960287	-1.16676889533	1.98473426042	30203.7171286	True	
-0.18010319323	-0.318625323152	1.93336152673	32720.5353082	True	
2.05213410705	-1.53071285768	2.36596117243	35246.8309838	True	
1.89471763894	-1.56693320185	2.02877911312	31569.7486784	True	
2.23235800813	2.14927871501	1.77278071582	40401.2918418	True	
1.15559001494	1.97346462124	1.89482075069	32932.5739173	True	
0.220974563562	-1.95152964639	2.33066218758	40010.4617443	False	
1.49498266885	-1.73210630674	2.30793258455	26317.7127083	True	
1.29131558055	-1.51830487289	2.29659722655	31192.5261313	True	
0.654836286799	2.91736676746	1.98036704572	37034.4056857	True	
-1.68582611438	0.977999865484	2.0334148711	31456.6433889	True	
-2.23250604493	-1.35701948187	2.56321654568	32114.7137359	True	
-1.43894389053	-1.46416388135	2.23570266683	26991.7900177	True	
-2.04719186339	2.72593050351	2.11827044463	27806.8449638	True	
-1.73024519516	0.164621055115	2.0699452831	31922.5093062	True	
-2.16487260962	2.04417820997	2.13782583885	27890.3687009	True	
0.155746339389	-1.50011138618	2.21503189652	28231.7641526	True	
2.75069274628	-1.54136103019	2.0543046962	29548.3267505	True	
0.884336718584	-1.45155211937	2.08507078435	27895.7720793	True	
2.1809033784	-1.6921328291	2.34297565948	26386.9203226	True	
-1.84168138937	-1.62126079953	2.10262785362	37543.396292	True	
-1.51564235316	-0.810939080416	2.03005002721	30418.3149329	True	
1.8530614808	-1.74393887152	2.4371375763	28180.0872696	True	
0.994223229367	-1.74183547395	2.33052429958	26424.5248792	True	
1.90521724982	-1.01775542702	1.93380162924	31447.1061194	True	
-1.14450277254	-1.61376632662	2.20874933844	26362.9765416	True	
-0.906715535534	0.177111382508	1.93670433575	32706.700785	True	
-1.02673515468	-1.55795222359	2.45909251222	37881.4726227	True	
1.73193137127	0.185401773898	1.88857695106	32887.5526539	True	
2.7553612664	1.30983808056	1.86638819123	33401.9089869	False	
0.724163749237	2.64906905572	1.85532579189	33812.147116	True	
1.79959009754	-1.12387913315	1.98500663009	30446.7339907	True	
1.46285391055	-1.4623993108	1.88287636545	40771.1502172	True	
1.78032127117	-0.839357278415	1.9191202053	31892.5044205	True	
2.25774930933	0.439299398505	1.90998874492	32945.365528	True	
0.0105837201113	-1.41272858938	2.00067377119	30332.980389	True	
-0.480122669868	-0.415161538352	1.94735912797	32752.4349727	True	
-2.29378578438	0.783467834065	2.40720718936	26775.4357138	True	
-0.342241202954	2.76130823149	1.95497117275	34551.0016833	True	
-1.18217423884	-1.56408679805	2.05027259371	31672.2665931	True	
-1.80941027147	1.40018416947	2.01080193757	29973.0249904	True	
-1.22688960755	-1.56921888239	2.26006593422	26210.3851294	True	
-2.23718774105	2.73889802151	2.04096580188	36316.6012725	True	
-2.201851666	1.78759217433	2.32449640967	26981.7547726	True	
-1.89101247289	0.851330893786	2.14476185672	31884.6027326	True	
-0.770192413271	2.36588565526	1.90126464631	32686.5645411	True	
-0.897980368846	-1.03426773586	1.99824798209	30594.2377358	True	
2.3559980993	2.78949420539	1.88710906877	32978.3681359	True	
1.77957061059	1.70040814509	1.85713350595	33734.2367989	True	
0.716997387638	2.15781329268	1.93421106856	33735.719385	True	
1.23701224045	-1.04748666659	1.93069792643	31553.2812862	False	
2.57087768731	-1.43291220524	2.11496764231	27940.961616	True	
2.83124166235	-1.09752450071	2.01362548524	30959.9557868	True	
1.48858156207	-1.68887731355	2.24203220773	26277.8295403	True	
0.984261134923	0.321075231307	1.90764697161	32884.004547	True	
1.30979560099	-1.47679930434	1.99971305053	31266.9652026	True	
2.13735748417	1.49364295775	1.874872946	33172.9023788	True	
1.91014966856	1.37737378897	1.95555211926	34941.3885877	True	
-0.368961922951	-1.76082755484	2.24841918051	28356.4724003	True	
-2.36876117877	0.237245683314	2.33417133608	28788.5757321	True	
0.987182465355	-1.79047343356	2.42308670844	28020.8255715	True	
-2.20766465664	2.79987967508	2.19036392394	27046.6232783	True	
-2.14050044702	2.33787854671	2.16630778108	26991.5202719	True	
0.678289683314	-1.75356733161	2.4239228816	27724.1755892	True	
-0.235424803374	-1.01773698101	1.91887750806	31983.0905083	True	
-1.87406762717	0.846787493769	2.06012401792	29462.9529234	True	
-2.22918938742	-0.168825954612	2.53380001477	35733.547721	True	
-2.17254974774	0.147409906769	2.23887872628	26337.5604101	True	
-2.36003564987	2.24070710196	2.4756479443	28175.635609	True	
-2.30439166685	-0.284909525719	2.3252088207	26750.9832841	True	
-0.863982929078	-1.71470789384	2.27484058221	26622.2845825	True	
1.94860898611	-1.59534949625	2.08162814424	29379.6639467	True	
2.10686714703	-0.574620917037	1.90312468312	32392.5356872	True	
1.87578979938	-1.70544795673	2.23220490399	26773.3961924	True	
1.00411184274	-1.67377038004	2.28831363488	25932.3192088	True	
1.63296778415	-1.65298756781	2.31926207812	26542.9422963	True	
1.3634123424	-1.48009072467	2.04904770465	28920.4652092	True	
-0.164115435921	-1.85461741229	2.51083092385	31939.2498753	True	
1.81914430327	-1.58913604729	2.18434218379	26387.2937722	True	
2.39734109955	-1.43929100343	2.17321348368	28946.6804601	True	
1.01999814862	-1.62950843874	2.19819125721	26309.6768449	True	
2.8463194364	-0.926587714088	1.91924372404	31853.7971851	True	
1.05499506298	-1.53220287618	2.10507904884	27581.4618665	True	
1.504541091	-1.42160435229	2.16604861908	29253.5645728	True	
1.03728181495	-1.63864335022	2.27382949413	26093.7503928	True	
-1.06363154353	-1.67195986656	2.26816786229	26134.9243862	True	
1.71634096199	-0.371745512567	1.9496492436	33282.4068195	True	
2.12557054859	-1.60650471447	2.16169626048	26787.2643843	True	
2.30868964483	-1.35726340842	2.13918869239	30235.1679422	False	
2.4375067269	-1.81474188196	2.41383780782	28531.356359	True	
-0.130848343588	-1.69301386356	2.37063176798	26903.347279	True	
-0.683607625958	-1.56796790033	2.09920997483	28379.6105948	True	
0.0579697571185	-1.19852125223	2.00731172049	29928.7890898	True	
1.98480883694	-0.0153747833864	1.86432592504	33503.1893622	True	
1.61067691429	-1.61520264532	2.11082444915	28532.8127785	True	
-0.0247896278747	2.22541292396	1.84633035226	34267.6867147	True	
-0.771112028658	1.88075439172	1.93249783881	33036.7764742	True	
1.84697453745	2.55752130012	1.86858582996	33335.7010286	False	
0.279096694927	1.67112667536	1.99508803208	38544.4475557	True	
0.509897971613	2.41971653667	1.96153027847	35348.2918249	True	
-2.22591871405	-0.762097675917	2.3210842162	26047.8547754	True	
0.338194992414	-1.4408967516	2.13298701166	27949.8067569	True	
-1.03901517397	1.28846299876	1.88859208972	32804.0699971	True	
1.55238131651	2.76767445543	1.8840327773	33012.1945687	True	
2.6501245491	1.22147997272	1.94158389584	34085.0577091	True	
2.32905910261	2.74087741539	1.88016693349	33070.1413356	True	
0.980429231617	1.47891940312	1.88211358126	33034.5731925	True	
2.74571664746	1.36896838417	1.88882322552	32958.2024464	False	
2.52802687444	2.59849737817	1.96923487326	36040.8588156	True	
1.10429771302	2.42809964374	1.88969134789	32954.6243265	True	
0.477380842801	1.02383163253	1.8568543791	33757.4023382	True	
-2.22411003073	-0.333661798347	2.22711169388	26770.7234735	True	
-1.77560362334	-0.452229163271	2.05804429879	29790.1262915	True	
-0.551115239646	-1.53705276815	2.19077906235	26706.1725885	True	
-0.402403727745	-1.39675084406	2.16250546331	29552.2629729	True	
-2.19488841942	-0.53183344927	2.21058844643	26850.8013656	True	
-1.74578562517	1.77989418363	1.97501103017	30650.6668015	True	
-2.13507701187	-0.694396442841	2.13566085275	28381.9178016	True	
-2.2917439566	-0.673744926763	2.44567295325	27428.8298225	True	
-1.71933486202	-1.45247940845	2.25059778644	26065.1308248	True	
-1.33836631924	-1.54716097818	2.38515307755	30474.3520617	True	
-1.84564798898	-0.621514619803	1.95807238295	32513.5081448	True	
-2.1740171923	0.333669972203	2.30847482736	27313.5388154	True	
-1.77800360756	-1.54506521389	2.23340541304	27056.7072386	True	
-1.65446459841	-1.41244278433	2.38613284163	32722.3221473	True	
-0.575237671884	-1.52167816719	2.17135729678	26819.6047116	True	
-2.13435761956	0.0190715658308	2.19639658428	26681.3973983	True	
-2.24107364938	0.734639628807	2.31099646423	26039.2656388	True	
-2.24338007184	2.64572672058	2.38317551791	27264.6325332	True	
-2.19446211748	2.13643163698	2.29116342901	26530.6621181	True	
-2.23763441831	-0.374596351429	2.34109008614	26140.7217941	True	
-0.510497829334	-1.57477710283	2.22139720644	26387.6445798	True	
-1.41575993899	-1.66196185027	2.34340028508	26256.8532714	True	
0.260939735513	-1.65048005416	2.32401805848	26667.2818715	True	
0.0982838378005	-1.3967439001	2.12405331303	28634.7277323	True	
-1.06347990989	-1.70340860364	2.37250746556	26629.914653	True	
0.39257124917	-1.6968212153	2.2990564653	25977.6640416	True	
1.97444430929	-1.43517567293	2.15100895503	28431.8625891	True	
2.22390701133	-1.73391628288	2.28409922392	26553.3852832	True	
-0.797307670242	-1.60142051268	2.31363041263	27255.6533272	True	
-1.28276373161	-1.37683465956	1.9759628583	32647.5804581	True	
-2.05486111208	-0.747744352375	2.19640658127	26797.2108401	True	
-1.17811601724	-1.58668985602	2.29779235634	26566.7798574	True	
-1.7697940824	-1.40050367022	2.11948853557	28458.3696941	True	
-2.24212429268	0.560384676456	2.26362381711	26178.6535036	True	
-2.18164460903	0.542405304764	2.27105106298	26466.2346832	True	
-2.33327392843	0.966120836081	2.39109020359	26764.6021934	True	
-2.36065038853	0.563038849225	2.43905984001	27650.5544666	True	
-2.27442137413	0.517620432517	2.31505907233	26073.1848567	False	
-2.21702740595	-0.428906868815	2.34352128272	26388.9402697	True	
-0.039128099243	-1.72858140575	2.33132158634	26279.5237662	True	
2.36578856448	-1.70972905859	2.30766669085	26052.9263114	True	
0.808719823263	-1.60072107085	2.2761826199	26841.3477201	True	
1.73541719685	-1.57099089851	2.22395596394	26631.6867873	True	
-1.76758102463	-1.63834778662	2.35920544352	27040.8881741	True	
-2.17556333425	-0.687718724648	2.33709374117	26633.7100164	True	
-1.92906144937	-1.281860729	2.24370455607	26121.3411601	True	
-2.3751742128	-0.0989684988526	2.51258023368	29430.8544465	True	
-2.17425429565	-0.510859246699	2.19168494411	26973.3484727	True	
-1.29905259164	-1.68437307959	2.30371270201	26319.3206121	True	
-2.14886257124	-1.03801575974	2.24683121618	26537.0002182	True	
-1.92266825921	-0.834627719261	2.13267287356	27765.9961322	True	
-1.31744232144	-1.54422655738	2.2212541005	26160.4525092	True	
-1.01004420507	-1.50395124022	2.22418657013	27345.7022356	True	
-2.28776758949	1.55795902225	2.30801037281	26259.3194197	True	
-2.15963288275	0.546605646368	2.20903378868	26528.0593359	True	
-2.19588817195	0.251018867238	2.20182800338	26705.6409004	False	
-1.91167035275	-1.19435679285	2.3500106917	30671.885823	True	
-1.9122196797	-1.43272857051	2.36066654747	26513.564246	True	
0.616252734166	-1.78960078737	2.24591065354	29607.547925	True	
-2.18536180314	-0.614302118103	2.28123910065	26022.7219429	True	
-2.20291978845	-0.90357465048	2.3148419023	26051.1718256	True	
-2.14743124298	-0.301530355004	2.21391488078	26451.2757319	True	
-2.23504699365	0.0974208235652	2.29912276544	25998.9341878	True	
-1.19490343746	-1.70754172049	2.32365359098	26436.5435692	True	
-2.21274529801	-0.425318295782	2.19907037045	27373.0348456	True	
-2.28961840806	1.09994336213	2.28681056827	26580.3866599	True	
-2.01405586909	2.52165275618	2.13294952076	28199.7064741	True	
-2.2322369436	1.3454334081	2.23568440932	26442.180249	True	
-1.84913066568	2.53015742594	2.01020765799	29858.7244955	True	
-2.10574892078	1.95611066889	2.14128611855	27345.9900082	True	
-2.24549346652	1.51092245646	2.35347368497	26500.2350473	True	
-2.20364543326	0.85124528064	2.33517042604	27155.0674224	True	
-2.16564490552	0.385182980557	2.24257687682	26465.4624158	True	
-2.11479450997	-1.2175971391	2.25486928745	26852.7556563	True	
-2.06350217554	-0.726737199949	2.245726074	27263.0695577	True	
-1.95144265919	-0.0762947641212	2.09070957482	28517.8584401	True	
-2.15401072728	1.26967278135	2.14086989308	27646.0693751	True	
-2.09937742895	2.13804996443	2.20368293568	27397.3595638	True	
-2.30807796548	2.06244509818	2.39840721592	26573.588965	True	
-2.22412836591	2.53039513687	2.37503211826	27675.1130355	True	
-2.26264880292	2.04815115237	2.37525373994	26599.9465821	False	
-2.1534155318	2.62845141882	2.21000968633	26592.4650811	True	
-2.19817833271	2.17725519837	2.19691345389	26775.3486825	True	
-2.19769037382	1.78965297261	2.20845141316	26563.0853718	True	
-2.14059559542	0.631117577712	2.10760710007	28598.1898208	True	
-2.33226840168	1.76557386016	2.42838391431	27071.3975051	True	
-2.24146581792	2.37059867784	2.38130713292	27269.1220191	True	
-2.29860325866	2.29403175921	2.30073682562	26559.3843292	True	
-2.25746469347	2.62272993954	2.32028030859	26012.3726652	True	
-2.27362802844	0.143846918332	2.25574591153	26930.8838592	True	
-2.14776353195	2.14072524487	2.1960671369	26679.3147595	True	
-2.31120924581	1.43713063407	2.4558073645	27773.8727334	True	
-2.29303433826	0.943326036701	2.33488560877	26176.4728682	False	
-2.20428451385	2.66002292025	2.1930796178	26931.5721742	True	
-2.38574927296	2.7253355084	2.51171239485	29422.2943574	True	
-2.26355435196	1.49487600272	2.30079595346	26036.7195856	True	
-2.20776344505	2.80102260464	2.22291270088	26412.7504781	True	
-2.22017394383	2.19977454194	2.24373727584	26229.0788509	True	
-2.23519029526	0.995237135513	2.30312343708	26046.3568597	True	
-2.21904239126	-0.251624687668	2.26322551747	26110.2595541	True	
-2.27766832391	-0.933642415671	2.42038832855	27194.1186482	True	
-2.14298492273	-0.215540423334	2.26787508705	26918.2019562	True	
-2.30647348215	-0.0942860450228	2.41785656583	26866.6128226	True	
-2.25187569843	0.471230331646	2.37301125466	26706.7402296	True	
-2.17353743361	0.751781049177	2.2361649931	26384.2878116	True	
-2.16620265282	-0.761511411292	2.29296603227	26059.2530584	True	
-2.30353641601	2.86941335764	2.42833149563	27141.1263201	True	
-2.17911627333	2.47478373168	2.24904177616	26381.9660868	True	
-2.28794696432	2.62278760009	2.30266073491	26313.9627304	False	
-2.28513621649	2.76266726873	2.40298041337	26808.5733966	True	
-2.22565044481	1.97445026324	2.19938809736	27127.1828312	True	
-2.16352538177	-0.613699167789	2.23305755621	26249.1979258	True	
-1.08066039658	-1.56988787042	2.25642661054	26382.5337928	True	
-1.31884864476	-1.6080289656	2.27586899921	25915.4461339	True	
-2.19778147625	-0.505292950863	2.28376664609	26017.7259569	True	
-2.14879945794	1.5689607903	2.14832852499	27388.176623	True	
-2.28777219354	1.67840440649	2.33753203853	26114.2894486	True	
-2.21222908741	1.79141323541	2.27257865608	26119.4779553	True	
-2.21542464964	1.79293227378	2.27487594523	26100.6855325	True	
-2.10596038941	2.0094010626	2.2363574312	27872.2606621	True	
-2.2949052602	2.85792083876	2.40915858818	26815.395349	True	
-2.10434558434	0.68112352554	2.15635642445	27164.1041445	True	
-2.27491239232	0.456544386055	2.32213202578	26058.153142	True	
-2.2360659134	0.61267524464	2.35523353047	26695.2486919	True	
-2.27663144129	0.750185292544	2.33066593684	26053.1987446	True	
-2.30733170563	1.81390620991	2.43120939327	27167.0430549	True	
-2.28237221176	1.90911402904	2.39713891178	26724.4205219	True	
-2.20574814212	1.55018845365	2.28372159259	26243.9793502	True	
-2.19392546844	2.58165612049	2.23784217121	26259.2345095	True	
-2.25025544521	2.54814407681	2.25613797041	26341.5068416	True	
-2.25150931205	1.79568582725	2.29082013343	26018.4491289	True	
-2.16626158862	1.00676711968	2.25838970474	26654.8735851	True	
-2.23800653294	1.51804302372	2.28121857219	26023.9696525	True	
-2.23871131613	1.37617416106	2.30383931443	26030.1300598	False	
-2.25246545743	0.603845171513	2.26397195831	26285.1640114	True	
-2.28411814916	0.357365323106	2.39516171795	26624.30648	True	
-2.29069087005	1.77414644538	2.38823040145	26483.0889271	True	
-2.28679486733	2.68047454549	2.33692430042	26105.9857456	True	
-2.25929984715	1.0926849843	2.23898504038	26845.5404285	True	
-2.30301626183	1.39731640027	2.38500141234	26416.0444266	True	
-2.18051471097	1.87175075695	2.28439437287	26740.4824771	True	
-2.27494232204	1.56864987977	2.33431973321	26049.1848112	True	
-2.31648774852	2.84229101781	2.31449529373	26823.3256631	True	
-2.30117850676	2.91019785413	2.35432701694	26235.9724441	True	
-2.17889076501	1.68691013563	2.33113278177	28007.5382723	True	
-2.26198678523	0.052214870234	2.33793921701	26062.541293	True	
-2.13710915347	-0.292896305209	2.15945651976	27188.7699825	True	
-2.14417685131	0.441041966871	2.21966345598	26656.2885046	True	
-2.23474333257	0.219189361078	2.28512575297	26010.4789824	True	
-2.25587279517	1.28745269318	2.32837052269	26057.7272401	False	
-2.23816173096	1.70706841247	2.2254313734	26723.3263877	True	
-2.21481530738	1.41369097381	2.23671159094	26280.5302927	True	
-2.16924447883	-0.847710910102	2.31104817748	26042.6329325	True	
-2.18710871023	-0.913876201616	2.34332080347	26121.5863574	True	
-1.1139809431	-1.70572237672	2.33385380175	26320.4954122	True	
-1.37111381276	-1.5774575335	2.18349957619	26820.5622954	True	
-2.10408556279	-1.10193067105	2.23039032939	26520.8216388	True	
-1.4854941352	-1.45574294437	2.20872371485	26595.4761984	True	
-1.88595087323	-1.40467082132	2.28903715408	25954.614241	True	
-1.96613778436	-1.27635235995	2.25418671196	26026.101019	True	
-2.1370666351	-0.76779939886	2.27368239139	26206.5249986	True	
-2.20827894735	-0.801471690951	2.30432066852	26018.2976628	True	
0.415930974426	-1.59884714666	2.18433195597	26383.9194778	True	
0.686818146812	-1.5996617401	2.24626807606	26370.5735048	True	
0.095503150512	-1.72575256773	2.33985717711	26288.6876248	True	
0.636605172494	-1.67819851335	2.28263945912	25914.2001919	True	
-1.32991955739	-1.64716771795	2.23500013209	26662.9712779	True	
-1.04635842555	-1.68431428419	2.24310497727	26698.4896314	True	
