Parameter 1	Parameter 2	Parameter 3	Potential	Equilibruim
-1.66032167111	-1.69126454333	1.14963681241	190675.324694	False	
-1.69474261654	2.25157101298	2.01087717202	30810.5453161	True	
2.15316137447	0.665767008937	1.89284343435	32907.6962514	True	
2.39131936985	-1.90028663054	1.66801893597	100536.71937	True	
2.10342194196	-1.37355304732	1.96767713924	31551.8456154	True	
-2.26071937501	0.731285530042	2.04470650329	37518.4632467	True	
-0.398170904871	2.60185121779	2.25396467807	113446.965616	False	
-2.46114317491	-1.04935521735	2.61852483297	39877.2175185	True	
-0.325002503883	0.346100601415	1.99222356683	37331.9952686	False	
2.16127642271	0.0973984703056	1.57736769331	74779.2844333	True	
0.31526555073	-1.7240249837	2.17054855755	29458.0998462	True	
0.920082238578	-1.46285512089	-5.1398155061	318672.227694	True	
-0.334422824287	-0.454295454458	1.97851245162	34195.2766872	True	
-1.71414075438	-1.44394645301	2.45264086811	34374.6638487	True	
-2.28201580007	0.133240322876	2.47722748614	29210.5203014	True	
-0.768359273231	-1.68940266106	2.80802994073	74155.3335072	True	
-0.796486417409	-0.00584160633002	2.29724314311	120652.978704	True	
1.85857659113	-1.33449571886	1.96606210174	31217.6959623	True	
0.940401016847	-1.43892314329	2.20493253325	30238.7394352	True	
-0.127845655148	0.310368374104	1.40323848427	115846.818596	True	
0.990301486998	-0.963109752296	1.83519633034	37306.4634231	True	
2.58501710327	0.104137609292	1.59431253952	71128.7025311	True	
2.01402759124	-0.711272976361	1.94977466982	32174.1883222	True	
-1.31186976396	-1.11173415057	2.07089868621	30088.9734286	True	
1.98162226016	2.6493687377	1.8883699101	32966.9409379	True	
2.05545932664	0.116735308384	1.85785028623	33753.7075753	True	
0.78978101545	0.594810334451	1.65116687125	59400.2756564	True	
1.29408891509	0.647314569259	1.78867242947	38760.83586	False	
-2.34017680078	2.06938999254	2.02994880539	44873.698373	True	
-0.525746441009	1.93733102895	1.29492082506	142396.093343	True	
-2.60058885023	2.345752776	2.59581112429	49421.5540238	True	
-1.27986364627	2.10249697123	2.06987439025	42215.6294882	True	
-1.88924171891	-1.25645212753	1.99289855989	35765.7307572	False	
-2.47680826937	-1.42233256235	1.95380819483	86049.2340108	True	
2.1716275495	-2.37580894524	2.42699966186	113681.456711	True	
1.86356725999	2.44775242898	1.8015153249	37437.7097548	True	
0.382114626738	1.5346113653	1.97136780041	36115.1200821	True	
0.106747819296	-1.13217347607	2.02871391957	30853.308126	True	
2.07395617104	0.0145935062813	1.75536205187	42933.8643343	True	
0.676424929644	-1.61581275705	2.11684041649	28314.0395974	True	
-0.660451622104	-0.889244530073	2.08159864681	38302.1350696	True	
0.989551719181	-1.11102055972	2.03071912531	31283.6899472	True	
-2.22744030337	0.0778032457213	2.41103599346	28564.2084245	True	
1.15461212564	1.29147126302	1.4676193089	99738.9684722	True	
1.50322819765	0.659727083527	1.92389945796	33286.0753071	True	
2.16510980141	-1.37963232633	2.18591498639	31809.2733376	True	
-0.724349722721	-1.26861902581	1.90839770977	34633.968375	True	
-2.07760821005	-1.45283607308	2.68769684843	42888.1835116	True	
-1.59707669798	-0.871792027745	1.98019366396	30439.4025024	True	
1.8323765664	2.60444936191	1.77033348192	40682.9823569	True	
-2.29683906628	0.689564890668	1.80232573993	70040.8236258	True	
2.86632379703	0.784997860339	0.494987988835	274570.76864	True	
-2.2781048485	0.682554899286	2.34506731411	26094.3230819	True	
-1.03929809999	0.726219161162	1.89227835761	32706.8509184	True	
0.426839208904	2.84978478905	2.02772258046	43221.2216779	True	
1.80630523636	2.8182753113	1.80967308827	36720.0247526	True	
0.483678687591	0.563479695281	2.05934533742	48567.5456897	True	
-0.455304595933	-0.848854802832	1.86860365885	34223.0297632	True	
1.78997079323	-1.05951457898	2.09604118992	36861.1194792	False	
2.29948018312	0.123398553723	1.88815312054	32882.9830838	True	
-0.536043720712	-1.84686176341	2.51386267758	31863.3789414	True	
-2.16193212689	1.13403106084	2.34839220865	29529.581692	True	
1.8518427411	2.42002823666	1.88945660574	32958.339225	True	
-0.669873157237	-0.555980670628	1.82995403888	36414.130465	True	
-0.937208634901	-1.3840715405	2.24056578873	33167.2339293	True	
2.02588807388	-1.80719983786	2.30396797309	28898.4950824	True	
-0.637831331969	1.01035008325	1.80899933728	37180.1350522	True	
-0.442130291969	2.60501201228	1.9203269547	33021.8130033	True	
-2.03792393827	1.30258958207	1.73178021658	64495.4444473	True	
-1.95159104888	0.399688575632	2.39750093394	56006.8347269	True	
-2.26873734557	1.34639109229	1.98314387961	43854.7699121	True	
1.05970500907	1.83984287892	1.95980423395	35252.8878588	True	
0.0706084971038	1.54518820703	1.39442338097	117723.150262	True	
-1.56174000307	-0.527235998623	2.46973382754	122490.455331	True	
0.986753594776	1.33184506729	1.83343778557	34976.0998045	True	
-0.852318882973	0.976133200736	1.82624811061	35962.5153496	True	
0.144746392294	-1.71583187581	2.48766411657	31166.8011313	True	
0.610142726274	-0.43148068713	2.16859052502	70057.5187293	True	
-2.25441114618	2.13653682263	2.05008599138	36582.3119294	True	
1.45682429697	1.31193500696	2.02764209745	43272.9321581	False	
2.05484311552	-1.02813970613	2.02078021645	32053.0900638	True	
1.79208482478	0.222299765785	1.80771846715	37057.8176177	True	
-2.3900500342	1.27108258233	2.51923150432	29714.9500388	True	
-2.19763623592	2.52243090351	2.44033627866	32483.1583938	True	
2.39292562923	-0.432798686635	1.52736455446	87067.0543737	True	
1.45139410252	-1.67226792189	2.06703738623	32860.1719422	False	
0.86819731113	-2.04398490337	2.42402309033	49507.2899896	True	
1.64068958661	1.37483782104	1.84402198876	34352.830158	True	
2.16352225229	-0.403316054441	2.00415632292	37045.1248598	True	
-0.672410034991	-1.7517192523	2.9478334935	96503.2507169	True	
-0.559707749429	1.22058768408	2.168265267	76633.3921358	True	
-1.55043055442	1.90562185222	1.89222404706	33340.7875614	True	
-1.52392367217	-1.22532031989	2.02045803033	29618.8711139	True	
0.743634905829	-1.55643170309	2.17642432967	26591.8974249	True	
-0.689032499403	-1.36680832901	2.02896437958	29089.3633081	True	
-1.91964481699	-1.19880665019	2.53095439978	46414.5575554	True	
-2.48166986828	-0.62759280813	2.55722544045	37014.3268651	True	
1.37762001901	-0.244026663044	1.9467457386	33447.245244	True	
-2.40062881899	0.824730880606	2.55525144755	31067.7672075	True	
1.63423791151	-1.6323482163	2.20073386451	26289.6268346	True	
-1.05080586668	1.4599889892	1.85009262057	34540.9864443	True	
0.0279797474552	1.51304776364	1.91462076765	33046.3645588	True	
1.66775114929	1.64189247445	1.73800780887	44837.1873123	True	
2.17317547263	-1.64991446129	2.33885287254	27092.5125433	True	
1.38900625148	-0.643454205837	1.81513396348	37569.5994293	False	
-0.411134563281	-1.73857447208	2.5820414877	36722.9631579	True	
-1.59564915813	-1.82993492034	2.3387744079	34252.8520772	True	
-0.120883191433	0.526360351986	2.13888169903	68316.2175931	True	
-1.81537185396	-0.204372058474	2.10980349017	31316.0358165	True	
-2.30322290414	-0.209516398512	2.07444892417	38711.4440476	True	
1.2788170892	0.466061216092	1.7344370457	45498.1927143	True	
1.49605654608	-0.0714050414205	1.96919694144	35112.908762	True	
-2.2830859157	0.59760507657	1.89246494836	55901.6109931	True	
2.28842785219	-1.46874615846	1.89593067263	39576.4073792	True	
1.57889484408	-1.00536795369	1.91186872285	32200.4914622	True	
-1.95256740658	-1.02385979641	2.2934853865	29742.4985674	True	
1.86272571013	-1.44562997206	2.30744369325	37207.0048869	True	
2.05667788012	-1.61539018659	2.17269640312	26637.9630027	True	
-1.75098793329	2.01165122823	2.20014522856	44948.9381523	True	
2.83210686837	1.08455595722	1.83652852606	34784.9846787	True	
1.71762646844	2.73394563325	1.75696313153	42305.8417181	True	
0.380243791359	1.55690485857	1.8766511286	33130.956044	True	
-1.9837309303	1.52225857529	2.17591103233	30117.5691961	True	
-2.12077168574	-1.12647562701	2.18083080146	28474.6395961	True	
-1.04934136589	-1.39224857593	1.94659109197	34310.2916836	True	
-0.474661948479	0.767659433058	2.11163555406	59466.2707766	True	
1.00887942621	-1.62835131258	2.41383197996	31412.250942	True	
-2.07904840611	0.48812918164	2.06252133015	29437.8837207	True	
-2.24645606609	2.79188970673	2.57676710836	39302.7355994	True	
2.11106179561	-0.242331446835	1.89561740307	32685.5268301	True	
-2.18118304976	1.19535892269	2.19593758277	26665.5147505	True	
-0.761957022339	-1.51415322998	2.3856036058	36596.8573665	False	
-2.03070247484	-0.77332175168	2.34352638366	32558.1720487	True	
-0.650488257846	-1.49890829742	1.86314323508	45036.1788654	True	
0.162361388255	-1.88238242834	2.51773092566	33337.1409171	True	
0.324849917683	-0.686706325798	1.75448335957	44934.088284	True	
1.95556577353	0.772742132191	1.77781864714	39896.2448921	True	
-1.50321055988	-1.25524655993	2.40264973287	51182.1879479	False	
0.133985578414	1.32955605478	1.82217135228	35792.9972367	True	
0.09037689855	0.108022093631	1.88133345372	32989.428968	True	
-2.2124957874	-0.497341465293	2.38803174048	27453.7275389	True	
-0.685797391478	-1.53067055415	2.13463482905	27034.2138231	True	
0.0918450680874	-1.8806329773	2.50657077083	32964.0144388	True	
-1.17086329957	-2.0084166187	2.14884411713	59688.4134024	True	
-1.1410251305	-1.77751730611	2.24000124645	30699.5922253	True	
-1.83598109342	-1.17336473032	2.53475879207	56197.423613	True	
-0.441600761207	-0.558852051005	1.98074827276	33729.5080401	True	
-1.73141629915	1.87776499242	2.30314020709	66558.8862591	True	
0.191156413329	1.85446330267	1.83213062306	35084.6621484	True	
-2.27024902074	-0.640416792314	2.32437043974	26432.9922379	True	
2.24748319052	-1.59467657153	2.27225650413	26925.3864134	True	
-0.354621910471	1.75668729545	1.84415437137	34438.2827976	True	
-0.884358131407	-1.54409143015	2.38183145344	33384.078919	True	
0.193867629934	0.101519657784	1.81881103174	36227.4115852	True	
-0.667169422197	-1.44478297239	2.09284238873	27767.7170483	True	
-0.598488196611	0.838475286278	1.72950054198	46693.3117721	True	
0.512297100916	1.66090366567	1.85886587777	33671.2470496	True	
-0.903103109904	0.42375915463	2.03216021002	40453.1797257	True	
-0.803265322338	-1.58247614609	2.31446729944	27908.4786118	True	
-0.963647946877	1.12845088226	1.83005836054	35816.0771214	True	
1.10621519273	-1.53718152142	2.29741675343	30164.9968369	True	
1.97834070092	1.33491394383	1.99474212284	38626.4730309	True	
-2.23786033455	-1.09680099812	2.32877881928	27354.8273499	True	
-2.45010465259	1.34132817092	2.55311965076	32841.9329903	True	
-2.10987602206	-0.161880357111	2.16899722163	26951.7197752	True	
0.684973499059	-0.274615259494	1.74637968518	44583.7858209	True	
2.19822602649	1.06168702048	1.74599757335	43770.7413138	True	
0.0684804415359	-0.746432145064	1.96690094881	32365.2693381	True	
0.755567983925	-0.819591578242	1.78928101714	41216.1593345	True	
1.4943946448	1.33142670296	1.97093331433	36146.6503381	True	
-0.550612539318	1.36862306548	1.94002954102	33547.7120962	False	
0.064030087826	-1.74489707203	2.14171334113	31953.1969078	True	
2.12518337077	-0.786177293793	2.04695501233	37783.632042	True	
0.542045077702	1.30984537054	1.97517785861	36472.3790454	True	
-2.10136297633	2.10322432938	2.01274381587	32683.8990877	True	
-2.05628745368	1.90537430895	2.08390857931	28401.1250339	True	
2.79894455497	0.39045162838	1.7235954906	47107.5896379	True	
-2.67872947501	2.39775321919	2.32468661117	72064.1555146	True	
-0.904636991964	1.05874225101	1.95284470839	33510.9952705	True	
-1.71755768174	0.595516455862	1.80102271226	44020.3098607	True	
-1.69312744337	0.671952745743	2.0360957505	31393.8564311	True	
-2.32271470157	2.00853693327	2.54130685783	31140.4151945	True	
-2.45332504132	0.901349240037	2.23082685615	40335.5486947	True	
-1.5252071182	0.86674264709	1.94794908845	31431.926229	True	
2.18937106095	-1.6975822119	2.44679949041	29727.2427915	True	
-2.32551629534	-0.623271292939	2.43197415576	27481.0692749	True	
-0.984552390562	0.869163824184	1.89424513591	32675.3069769	True	
-2.25237541261	2.58088994843	2.26808282965	26206.6656176	True	
1.00580815265	-1.95761623008	2.40709668801	38804.7473896	False	
2.75643529911	0.884259854637	1.9915002577	38158.006567	True	
-1.39118007357	-1.92548105252	2.34388999677	40595.195287	True	
1.73199456456	-1.64347987031	2.44961184788	32802.5612405	True	
-0.921319895468	-1.69000131276	2.31770037276	26069.2381422	True	
-2.46769350809	2.95418952235	2.42032748843	34031.8178188	True	
-1.69855781112	1.97463668608	2.04513145723	31768.2122083	True	
2.26446496677	2.65568212741	1.87293722438	33219.6047579	True	
-2.28303484929	0.862199281505	2.48168076109	29569.2383225	False	
-2.150618674	0.902476964276	2.28545538709	27626.9586793	True	
-2.20647391716	0.126588415062	2.43945878969	31238.9910248	True	
-2.14978198465	1.28688021967	2.49309637784	42002.3899974	True	
-0.858384010311	0.855554680752	1.83596215283	35255.0140733	True	
1.41973842753	-1.4042423895	2.18976696098	30951.014179	True	
1.01839003723	0.803877019054	1.96120294574	35252.0320922	True	
-2.07888039011	0.593467346904	2.12266772692	27636.2809133	True	
-1.39960216438	2.4371223356	2.03344106243	35891.4946231	True	
0.0858020888198	-0.103090251447	1.9520904294	33846.5901466	True	
0.424501975222	-1.47835760955	2.18535312692	28097.9556695	True	
-2.25401904954	-0.0866902703396	2.54929347528	35131.553197	True	
1.93826369609	0.187055733716	1.99895422654	38453.7288396	True	
1.60859816702	-0.16125576716	1.71491215849	48975.0665594	True	
0.290253791088	-1.49893297049	1.99481584606	32075.9367182	True	
2.56907361781	-1.47299590674	2.03962870346	29213.9112488	True	
0.0374098976021	-0.411926785358	1.75309848073	44098.1574229	True	
-0.471398495323	1.15722512929	1.90837558883	32817.4126168	True	
-1.04157019906	-0.125332758178	1.92971126893	32208.278014	True	
1.12341672365	-1.65840868718	2.13466389218	28646.6046404	True	
-0.623247698351	-1.32313133893	2.04828491712	28830.2873603	True	
-2.22694853662	-0.0857040417567	2.25413780255	26225.1551748	True	
0.12515809581	0.313675917702	1.94193164375	33773.533826	True	
0.791338774847	2.19994499049	1.88858014776	32960.1124856	True	
-0.178997259516	2.90207696781	1.8269436684	35488.3760582	True	
-2.36349137946	1.64934000501	2.45515945971	27863.1598548	True	
1.96787435321	-1.80412357241	2.63804644043	39183.4524466	True	
2.98272824479	-0.578094608637	1.92533361545	32249.0114843	True	
-1.600988049	-1.18717160781	2.10127955662	28190.6117846	True	
1.37244053849	-0.783023109661	2.02922430021	36016.9570441	True	
-0.619252416931	-0.292435629264	1.90128709001	32499.0557274	True	
2.90228507697	-1.53225701133	1.98195605336	33814.7885392	True	
-1.4204531385	-1.34776784195	2.20154961049	28999.041669	True	
2.07212788491	0.205693725193	1.90614963251	32843.3752756	True	
-1.1879502748	-0.034381733216	1.91788824369	32120.8629644	True	
-0.52553423374	-1.85820093373	2.3604425832	31233.2478576	True	
0.159095172484	-1.6533948026	2.39829624365	29136.7275761	True	
2.8730429725	-1.67855180763	2.20934243132	26708.8596989	True	
0.409323714055	0.0326506321613	1.80067220824	37841.5851313	True	
2.67862154374	2.75056515836	1.93515539102	33803.9033143	True	
-2.11730072589	1.23550938583	2.11533189994	27978.943685	False	
-2.28463462549	2.94132155789	2.36442294098	26224.0489751	True	
2.57748347494	-1.76096144184	2.15973028808	31753.5297785	True	
2.03242739203	-1.54914371761	2.22100330533	27049.949205	True	
-0.605594269771	-1.44260015244	2.03660182093	29220.8787707	True	
-0.781628659874	-0.716084289578	1.78413612912	41994.4036227	True	
-1.82578651537	1.72382976824	1.99748837575	30127.4038673	True	
-2.07122878954	-1.29541285998	2.37106176105	26404.5682531	True	
-0.619830696919	-0.493759453721	1.93356850608	32219.5587936	True	
-0.619296852386	1.43315539719	1.85651630622	33874.7813453	True	
0.143993208292	-1.64604709624	2.19924221504	26453.6716162	True	
0.591788726075	-1.71779136636	2.0924184871	33421.564116	True	
-2.21222470501	1.27668260316	2.51723196489	37186.0204979	True	
-1.97340777546	-0.55175254637	2.0885569377	28178.7173792	True	
-1.86642124899	1.61870645064	2.11936067104	31412.3749714	True	
-2.03915837834	-1.61445241025	2.54815669668	32306.2014895	True	
-1.05674548791	-1.16849401387	1.91667251196	33420.4697019	True	
2.83868739741	-1.57133974762	2.16906590806	26561.7300128	True	
0.519857177471	-1.63805679044	2.4898425401	36326.541027	True	
0.160395587512	-1.63527890505	2.35170252448	27917.8491462	True	
-1.13579120924	-1.17651343452	1.96586599888	30871.1225064	True	
-2.55959271328	0.720762111944	2.63475756743	44387.8626428	True	
-1.76297834548	-1.08674387367	2.16173753647	28564.659001	True	
-1.61556148446	1.94567817947	1.91536346411	32405.096364	True	
-2.32612296097	2.19682276604	2.3210861297	27018.7210393	True	
-2.17769671344	2.84658514519	2.16265478565	27337.6120213	False	
-1.77310374667	0.962654768556	2.05099738809	30711.7647998	True	
-1.948900617	-1.11804082904	2.07118427531	29864.5364834	True	
-0.0527223940565	-1.72410407838	2.28874788935	26352.3556497	True	
2.14579192676	1.7173600634	1.94383119011	34227.6558422	True	
-2.25796931111	2.59418791853	2.37239624048	26630.4250032	True	
-1.96551824253	0.58753822822	2.15666284384	29824.8135412	False	
-2.29741443935	-0.38920761	2.3064738992	26951.359282	True	
2.12397576425	-1.64419621281	2.36401672174	28120.6165896	True	
2.49733435985	-1.47688332048	2.08798523381	27807.8576975	True	
0.0746937751228	-1.62045922386	2.30593304193	26959.7582956	True	
2.03404867517	-1.63660651629	2.22641485493	26040.5912961	True	
1.19448368889	-0.428388178133	1.95471924907	33331.5755732	True	
2.856819796	1.38324881497	1.91659541172	33160.6442754	True	
2.55948857167	1.97105523642	1.9502417762	34612.2370814	False	
0.743247074449	-1.77196180713	2.18460916807	31141.5503366	True	
-2.36388198622	2.05667508394	2.49069191228	28569.9023056	True	
-2.08790905123	-0.304237927558	2.19340951354	27013.6345626	True	
-1.66921071211	-1.07874718439	2.12637155548	29017.8878518	True	
-1.98046079421	2.20913562633	2.14193186319	29061.8767992	True	
-2.03299417482	0.727199583482	2.15877120585	28117.8776018	True	
-1.62300071804	-0.758748229482	1.99131530729	30168.0487319	True	
-1.85179999148	-1.42376579105	2.34807784929	26877.4068295	True	
-1.58544175353	0.719360135486	2.05581796786	34391.6657691	True	
-2.22527926423	0.363010475638	2.4079709189	28708.683052	True	
-2.19591778298	0.377957176779	2.26770011678	26213.9481944	True	
-2.18441152154	1.31739020884	2.2186746047	26398.7578334	True	
-1.5448470154	-1.51967959468	2.29583531907	26529.6908594	True	
-2.03864501814	-0.861779280612	2.30400201666	28986.9329186	True	
-2.41599467832	-1.08511086298	2.3649188704	37209.9746989	True	
1.66379650545	-1.13389646286	1.93037244302	31748.6594134	True	
-2.27328290985	2.52988478012	2.36117066909	26245.2727343	True	
-0.956452418853	2.77197679023	1.96274876005	33911.4551259	True	
-2.17406097617	0.599664077424	2.18514530318	26816.6386954	True	
-0.625128092705	-1.54996622968	2.11615524175	27539.0444424	True	
1.21590850408	-1.34230952645	2.0351216444	28968.6984065	True	
-0.676779747385	-1.62108116914	2.1940620676	26418.8789333	True	
0.437382113201	-1.74436734822	2.27469713005	26988.4338235	True	
-0.657649360678	-1.48305070887	2.26821386958	30600.1243232	True	
-1.82102404041	-1.33204324349	2.26616475422	26759.0848035	True	
-2.03690741984	1.83243137782	2.17082131386	28311.1431788	True	
-2.07362776078	2.05023930604	2.02979053523	30896.2853134	True	
-2.2737742831	2.51274885525	2.46402325598	29174.5753028	True	
-2.33206864451	1.02595051107	2.44399759104	27342.8015306	True	
-2.15943235517	-0.337795125675	2.29721784551	26911.1159918	False	
-0.632288813874	-1.55021426474	2.19816373219	26539.2052636	True	
0.345671706103	-1.33208882774	2.05418567672	28880.7170355	True	
0.311459873896	-1.61567983652	2.43397817132	33582.2315799	True	
-2.12637413912	-1.22672316056	2.37953727133	26446.2955107	True	
-2.28257852988	0.436931526532	2.40893527969	26936.4217293	True	
-2.31968868297	2.87527431473	2.24801252741	28632.1714313	True	
-2.27993805775	0.531023371843	2.35210973634	26133.2064964	True	
-1.38529734958	1.22976446695	1.88148777853	33393.7411389	True	
-0.550360541007	-1.36266373005	2.04446570155	28727.5654256	True	
1.17584177518	-1.48976073549	2.05638125629	28742.9216537	True	
2.14484161906	-1.46464732913	2.05965343199	28453.8900841	True	
2.49969391501	-1.76596747306	2.37933964545	27022.4939999	True	
1.24599878711	-1.09724294588	1.94497496929	31143.3647311	True	
2.43389490471	-1.67423085625	2.22301519284	26364.7170866	True	
1.93975072627	-1.45366545665	2.11843163505	27685.0566488	True	
0.503753369742	-1.43594553415	2.05367712893	28519.1308725	True	
2.70597313592	-1.51567894726	2.21670118632	27865.3431346	True	
0.272694533323	-1.67220831488	2.3972567644	28359.3029731	True	
-2.11930892881	-1.36542840579	2.36571336001	26900.5180543	True	
-1.77959064281	-1.39178080737	2.05318016112	31917.6502777	True	
-1.82352192547	-1.39501854537	2.24143988658	26060.2650181	True	
-2.16374945152	1.28278800129	2.23595163201	26514.7294908	True	
-1.94359808224	2.0378188194	2.0210964368	29692.1457305	True	
-2.02796278882	0.532259260506	2.0044012625	31505.3224778	True	
0.762218015017	-1.6256730395	2.29584964095	26644.2791381	True	
2.99334959778	-1.6610088499	2.27207929508	25918.4446612	True	
2.25319480166	-1.63128223058	2.32605352953	27266.7657967	True	
1.66970542316	-1.52722578547	2.137385483	27008.2217334	True	
2.25362786801	-1.73476639187	2.25073279777	27152.8513303	True	
-1.67587881436	-1.5074837414	2.19902783265	26661.1223073	True	
-2.19675495504	-0.525735801147	2.27922447463	26015.8698178	True	
-2.26615385332	0.141933596653	2.30970360006	26055.6132545	True	
-2.39514194074	0.123877199148	2.30080623575	31596.3708397	True	
-1.83073970347	-1.37303571298	2.28648345186	26489.2177492	True	
-2.17290290238	1.13281610353	2.14040466172	27953.1068826	True	
-1.14607062704	-1.15163723137	1.9891239094	30057.4441731	False	
0.573147470078	-1.75095588863	2.32894841887	26598.1481538	True	
-0.913548326043	-1.65314294487	2.28893812021	25931.0024362	True	
-1.67873158238	-0.729218839317	2.03012445674	29693.9647467	True	
-0.886066534699	-1.72282212467	2.29182075362	26606.8900678	True	
-0.649990640768	-1.63477326298	2.33053617912	26938.4898735	True	
-2.21598136217	1.17276645107	2.32338861084	26570.7686188	True	
-2.24246975741	2.22136350436	2.29108195167	26002.2430478	True	
-2.15485039583	2.48841486714	2.2410347335	26704.4457435	True	
-2.26082008866	2.0269210892	2.34358563006	26151.8749168	True	
-2.23867534608	0.851216509272	2.26107334086	26168.5018871	True	
-1.74371797683	-1.45539067978	2.24790239611	26009.8677082	True	
-0.732158510888	-1.73864347025	2.28770394063	26934.6574895	True	
-1.17477946038	-1.43772214831	2.24433909462	29548.5676978	True	
1.58613078422	-1.478307066	2.06484233268	28374.2277349	True	
2.0096070892	-1.58042761189	2.13900465373	27079.7276367	True	
-0.647771091343	-1.52727947609	2.12106475644	27277.1213768	True	
2.45010262335	-1.63496243286	2.30962718004	26734.9827452	True	
1.01271771437	-1.72058176235	2.36917852476	26627.5447918	True	
2.75378193041	-1.32638284716	2.18248208854	34077.3477475	True	
-1.29839341201	-1.35659461244	2.13324659095	27892.731567	True	
-2.14993725366	0.59529411158	2.09774527571	29211.9783931	True	
-2.27618710887	1.97046514335	2.27681656972	26445.6408656	True	
-2.24576465251	0.46398383524	2.35643942622	26495.3535107	False	
2.02847839897	-1.59763682551	2.32001481233	28286.9883341	True	
-0.554202719658	-1.77027433868	2.23262669949	29430.6943514	True	
-1.10584791133	-1.6762294691	2.31907147981	26060.0966265	True	
0.524171349793	-1.80673799343	2.40040181785	28179.3718498	True	
1.12767999244	-1.67021146673	2.34924399246	26865.9958381	True	
2.76953346963	-1.77942387267	2.28677568437	27975.5592544	True	
1.56509510394	-1.58921513184	2.19744010967	26307.3368013	True	
1.79899586255	-1.6424409658	2.20589155487	26286.7227009	True	
-0.159350496578	-1.6213967166	2.17259291635	26743.3963622	True	
-1.26966833332	-1.70947652964	2.4834158387	29804.0483057	True	
-0.672253081078	-1.48753278293	2.0620874689	28709.8867237	True	
2.121593564	-1.55909188731	2.24458070979	27277.3213684	True	
0.0555558810008	-1.57257376291	2.10858118336	27895.5880769	True	
1.02707641075	-1.64427224427	2.27418443039	26035.8091926	True	
-0.473715782499	-1.48595995463	2.13377572555	27228.7010993	True	
-1.76806576076	-0.817512459607	2.11258980505	29650.6209687	True	
-0.440635093543	1.8777969235	1.89559125716	32826.284209	True	
2.16569858643	2.27001608419	1.92079467424	33279.5101262	True	
1.35251086358	0.561827697732	1.91709391344	33091.009696	False	
0.448966460377	1.90246860051	1.85863231006	33680.9333566	False	
1.18401998877	1.83881871806	1.90664161089	32992.3008411	True	
2.92424137989	1.13086975989	1.85337128217	33897.5276405	True	
2.38596023185	1.5516167451	1.83959601789	34595.5398186	True	
0.746698887136	1.9484782428	1.92270539121	33315.6817147	False	
1.81275739833	2.27967351917	1.87862526281	33097.0653629	True	
-0.445137311606	1.29865707705	1.8654027694	33468.7607578	True	
-0.442660055385	0.459406219483	1.89269066458	32805.9477927	True	
-1.85376152797	-0.876360308932	2.13520912261	28448.2792246	True	
-2.12958457285	-0.784270949297	2.20182059023	26596.5836294	True	
-2.06625245546	-1.16046431328	2.28622218662	25972.5887792	True	
-0.990562957726	-1.70980942688	2.21672048092	28015.9928429	True	
-1.57793586058	-1.49857851394	2.18123430797	26628.090308	True	
-2.25428446255	1.10938007564	2.30740370128	25991.2317818	True	
-2.16673424539	0.0888995158571	2.28740183938	26923.6076479	True	
-2.21188178831	0.743547026128	2.27328439327	26110.3529484	True	
-1.91281186103	-1.3259718765	2.2386166046	26080.7231796	True	
-0.161499989194	-1.52250295569	2.14762035679	26928.3271415	True	
0.754283948699	-1.69837704737	2.2971839164	25981.1168439	True	
0.746142374493	-1.74671938153	2.39598523209	27087.6072693	True	
-1.5370378593	-1.5413419658	2.20447896514	26410.0992671	True	
-1.23855653646	-1.54570606584	2.21192148445	26226.4976251	True	
-2.215260383	-0.0798291078204	2.20254270276	27049.3851231	True	
-2.11939630056	0.280749727201	2.148958615	27235.6173017	True	
-2.10416588683	-0.181485599812	2.1963525195	26899.6530493	True	
-2.30733128821	1.05524327912	2.4329410812	27202.7466799	True	
-2.2146014592	0.129228551183	2.24116523434	26259.2687577	True	
-2.2158641698	0.829766215011	2.20017325466	26954.0650953	True	
-2.25951947795	0.0500249858613	2.24916915178	26772.0589837	True	
-2.14138099158	0.0169585719669	2.27467687362	27327.8777079	True	
-2.2951810732	-0.343475894943	2.39595756033	26567.9409584	True	
-2.10359808736	-0.861423527745	2.24190983391	26229.2044027	True	
-2.26838259407	-0.0907812707068	2.31030013269	26112.8556986	True	
-2.22551076411	0.443495644206	2.18886138178	27498.9994294	True	
-2.29853380676	0.0725315858789	2.43345419403	27252.612353	True	
-2.26542012125	1.42060295685	2.33539497295	26059.3001491	True	
-2.11445933249	-0.231906260636	2.15684514453	27107.245088	True	
-2.07598252902	0.722185462997	2.14863284072	27404.71773	True	
-0.27917704378	-1.60961782698	2.20811881357	26168.5144684	True	
-2.10332440277	-0.592813889404	2.18696905876	26690.3767314	True	
-2.24053357988	-0.300548786383	2.34447173744	26181.3767128	True	
-2.21015668658	0.510400129697	2.23337902072	26306.3944265	True	
-2.21283655962	-0.166117443168	2.3427298933	26701.5246754	True	
-2.0049542335	-1.21158007507	2.19779616374	26676.5572232	True	
-1.58084244885	-1.56002438873	2.16989909733	27763.8141336	True	
2.12945346333	-1.57534593744	2.11586011933	27656.5168125	True	
2.2135586048	-1.50309111935	2.14879237596	27148.7364054	True	
2.30782282664	-1.64187516455	2.23118997945	26015.8736356	True	
1.27412393372	-1.64115902373	2.28466589832	26178.3389698	True	
0.436313853781	-1.64235094438	2.21895973603	26124.8380562	True	
0.477635845139	-1.52627895975	2.13657377403	27016.8848561	True	
0.504790690351	-1.62184900088	2.21838582273	26093.1868899	True	
0.563869970527	-1.72967487639	2.31719394053	26261.2303641	True	
-0.0436577635329	-1.66004456062	2.23169724259	26113.0176303	True	
2.39566341661	-1.64177456657	2.16609998662	27138.3300639	True	
0.894519219498	-1.45540863289	2.12998104521	27706.3313604	True	
-1.77222747579	-1.55846854929	2.39671934689	27026.3779888	True	
-2.21345585539	-0.221059750633	2.33486373884	26490.9035412	True	
-2.21627396256	-0.686524388896	2.32164439168	25999.4292257	True	
-2.12488420081	-1.04078367959	2.24018026672	26364.9984684	False	
-1.01923512666	-1.57577939656	2.24404987762	26244.2672991	True	
-1.53847133681	-1.62023474375	2.36262731289	26489.7715419	True	
-2.06716266057	-1.36628785572	2.33481672965	26347.9132343	True	
-1.77855329396	-1.59494825732	2.36332351779	26513.5440343	True	
-1.16921874652	-1.64659721891	2.26370042572	26005.316715	True	
-0.896023697812	-1.64101586508	2.22232400111	26237.5526421	True	
-0.533830682492	-1.63740522792	2.22322106848	26101.3200951	True	
0.787421550655	-1.49902732513	2.16164043614	27262.3834668	True	
0.321396296258	-1.60811956248	2.2803708178	26720.8351912	True	
0.0776265481952	-1.68716510652	2.34401270672	26435.482387	False	
-0.249677672465	-1.6273736844	2.19365820259	26401.6613895	True	
1.13412519478	-1.71431636131	2.32301094722	26121.5524533	True	
2.23554728386	-1.57982874172	2.26855542049	27259.8537675	True	
1.15550528344	-1.57686908375	2.23909323684	26718.7837201	True	
2.22730094238	-1.5529437781	2.16090507941	26694.5126962	True	
1.5172614919	-1.58220575745	2.22451138423	26445.9731011	True	
0.210707809579	-1.64004428476	2.29945936695	26387.9344774	True	
-2.03150902055	-1.1312718626	2.2453448063	26120.8829419	True	
-1.1165793134	-1.67237687024	2.32084514505	26062.4337531	True	
0.371561024258	-1.72074230382	2.28817154025	26269.0349419	True	
2.25385225119	-1.56096403339	2.16510126309	26628.2564106	True	
1.53803781656	-1.53973809584	2.16208626186	26770.1343358	True	
2.51094566724	-1.6089831272	2.2237863485	26138.664429	True	
2.11077116679	-1.64950724411	2.2839860414	26068.3693294	True	
2.20075807568	-1.67112873854	2.17888076842	27361.8526798	True	
1.16869433053	-1.53037109044	2.14331611637	26939.223145	True	
1.93287334805	-1.67449980741	2.22550680176	26326.9077297	True	
1.69205768349	-1.64259802084	2.29455192493	26292.8788751	True	
1.16830880868	-1.69182474803	2.30570764091	25985.2941025	True	
-0.845226470995	-1.62604980592	2.24582934903	25958.9961199	True	
-0.348906853803	-1.59458810546	2.20855056438	26209.4890674	True	
-0.34463261111	-1.63987286253	2.22478495503	26080.2415917	False	
-0.288392424194	-1.58005806839	2.17913934241	26443.3317556	True	
1.35637418062	-1.6285022768	2.24523091446	26026.0871711	True	
0.229499680987	-1.6325871024	2.28376330234	26274.6548299	True	
1.43490360311	-1.62823450917	2.30992538785	26911.4732808	True	
1.46682971766	-1.66451153925	2.30138128636	26089.4505667	True	
1.4702297535	-1.74183587088	2.33345993389	26423.4929332	True	
0.563527537766	-1.65852541037	2.2257855774	26152.2407386	True	
0.575179372013	-1.68789726066	2.25065168238	26158.1245821	True	
0.660146142267	-1.57635276976	2.15476436893	26748.8266175	True	
0.69359465022	-1.64079183281	2.23852592233	25980.0119875	True	
2.04449552461	-1.62531105135	2.20859249244	26166.9872616	True	
1.68836302311	-1.66966213433	2.23258532445	26164.2229324	True	
1.58638383882	-1.65205036704	2.27661827866	25986.0597418	True	
1.34386145411	-1.70302097856	2.34445895248	26322.924242	True	
1.87976623568	-1.69339494433	2.35107279674	26518.3687309	True	
1.88006220103	-1.62997778037	2.23916177531	26011.4548496	True	
2.01305286028	-1.62450997807	2.21688369689	26099.9878286	True	
2.30927237582	-1.4981794395	2.12669287017	27249.7583462	True	
2.77992283447	-1.6990389911	2.26092332971	26181.3619408	True	
0.974976402458	-1.6060683071	2.27235789843	26637.9889461	True	
0.966160536914	-1.67148625801	2.24715941185	26024.2387888	True	
0.365945074831	-1.5517708439	2.16300620275	26679.3419923	True	
-0.0341538309653	-1.75383543096	2.33741212914	26674.8528296	True	
1.49864527709	-1.60272541428	2.24065289217	26277.0278752	True	
2.86431706902	-1.75277518935	2.35078176131	26630.1426543	False	
2.77140337126	-1.68577628487	2.30240401461	25973.6648187	True	
2.38081721468	-1.74603628158	2.39579218363	27082.605241	True	
2.96494374614	-1.70967242961	2.31552160611	26068.5034919	True	
1.8706503398	-1.66331133644	2.24473841664	25990.8815265	True	
0.983479919247	-1.65225909261	2.21491829993	26240.0118918	True	
0.207267382823	-1.66763398922	2.24822632001	25998.4087549	True	
-0.726682332764	-1.63461002169	2.25358448065	25938.4901027	True	
-1.61958576907	-1.59001442404	2.2691055677	26171.9575581	True	
-1.15789163517	-1.64321040502	2.28632439439	25917.2892282	True	
-1.88651908938	-1.44801498115	2.27331220936	26042.7915065	True	
-2.24714864636	-0.64450993935	2.31593716025	26146.6033778	True	
-1.69040560597	-1.47091014962	2.24562343696	26036.5360992	True	
-2.02664232921	-1.35272948983	2.31603478048	26038.163865	True	
-2.20796732801	-0.622241798386	2.30713700191	25986.6619405	True	
-2.14799293298	-0.876778360326	2.28468316027	26012.2958234	True	
-1.4136206145	-1.63568640876	2.3171684242	26026.3324635	True	
-2.10536720906	-1.31367608318	2.37206711389	26432.0966088	True	
-2.15423880373	-0.0215416560452	2.23463508934	26478.8857988	True	
-1.73540107045	-1.44639679009	2.31099178855	26800.987252	True	
-2.15636695606	-0.872874038633	2.24924289896	26186.2888407	True	
-1.89234554106	-1.42709606973	2.27088482119	25988.6210464	True	
-1.70357794678	-1.50856241688	2.28803087671	25965.4018393	True	
-1.45015461262	-1.57155965604	2.24327060323	25992.5611436	True	
-2.20408633858	-0.54854343506	2.34585622997	26509.9459943	True	
-2.13552774421	-0.584589471494	2.26318746011	26468.7779326	True	
-2.22069286123	-0.426096845567	2.25298351508	26306.9070901	False	
-2.02157387955	-1.26268456198	2.30295506516	25995.8220873	True	
-2.06763830809	-0.992464701019	2.24808587364	26236.7976153	True	
-2.25171083381	-0.374060607411	2.36898427256	26360.2630973	True	
-1.92885525977	-1.28402255332	2.1823917058	26793.7730442	True	
-1.52001477944	-1.59910061411	2.2857804737	25937.4274778	True	
-2.20887700175	-0.689719159141	2.33094165029	26079.2727509	True	
-0.933470349157	-1.62468612682	2.2438606631	25964.5389143	True	
-1.91116734611	-1.47512523109	2.30507408683	26119.4079601	True	
-0.823228006807	-1.60874790477	2.21467751751	26127.2284254	True	
-0.598462823268	-1.58823939412	2.20701527111	26222.2501012	True	
-1.66272186038	-1.64559568939	2.36308778532	26640.2363766	True	
-1.65268777589	-1.57316681079	2.31796629972	26012.3462151	True	
-2.04559886372	-1.29136378572	2.31320913902	25968.6230095	True	
-1.9003355209	-1.45497289647	2.29290811176	26008.6308336	True	
-0.957770550755	-1.51772924158	2.19511414463	26740.9906157	True	
-1.59264901792	-1.50634893156	2.23138720741	26065.6015618	True	
-2.04814213934	-1.17854958748	2.27190821648	25981.5271249	True	
-1.63084754805	-1.52580600377	2.27844956015	25968.5175933	True	
-1.46552819818	-1.59582906512	2.24415220928	26128.7561941	True	
-2.0778198699	-1.15090225909	2.28878247595	25958.8645755	True	
-2.1790186946	-0.657116308858	2.27312177423	26028.5477732	True	
-1.7397194364	-1.53941426789	2.31143758714	25975.2256298	True	
0.307870856079	-1.7196542712	2.34979283615	26349.3481651	True	
-0.765007569289	-1.63178252455	2.20644371417	26335.9043291	False	
-1.23541352946	-1.6862156214	2.31901528432	26201.7480002	True	
-1.61031222031	-1.56187076097	2.25283623051	26066.1975789	True	
-1.94815660957	-1.3010466374	2.24879247504	26034.9693514	True	
-2.16254496584	-0.739101170619	2.29968408206	26177.0306541	True	
-2.16751113362	-1.1917024122	2.34380733131	26387.2223301	True	
-2.14320961005	-0.910825020616	2.25658473723	26083.9919931	True	
-2.19274285269	-0.750518969789	2.28114690928	26016.8282404	True	
-2.16234083254	-0.854096801774	2.31580457654	26131.0213444	True	
-1.76737074811	-1.51898544879	2.28888187415	25946.2253568	True	
-1.46152024268	-1.61761757982	2.29259134151	25951.229465	True	
-0.975760802265	-1.58536599008	2.2232829876	26119.6257431	True	
-0.508639079999	-1.65693755631	2.31266774821	26221.2630396	True	
-1.24492868034	-1.64262318094	2.28585929057	25933.7914533	True	
0.254718550539	-1.63590146162	2.24423015395	25977.6385056	True	
0.978545698332	-1.67137050731	2.26422647399	25921.5674641	True	
1.74368090218	-1.67284979995	2.2734834547	25907.0118109	True	
2.00768453511	-1.70377624096	2.28967491339	26028.1736264	False	
2.12721719646	-1.6450938296	2.2826020014	26105.1869078	True	
2.64350808307	-1.70503166608	2.2644053256	26231.7866576	True	
2.82788104654	-1.69399205665	2.31897852748	26071.0582345	True	
2.31774905221	-1.65182169565	2.25073998355	25935.8549937	True	
1.8534522306	-1.67673811455	2.28161116753	25912.0432695	True	
1.64556716964	-1.7138880978	2.32739778009	26141.7813208	True	
1.5623913024	-1.65835726867	2.29335072379	26066.8987986	True	
1.44706935243	-1.59698587749	2.23703537226	26329.3785134	True	
1.87290104364	-1.67451266069	2.2217636907	26391.0009535	True	
1.46952408288	-1.6619886156	2.24025930986	26019.6112637	True	
1.82773722103	-1.6451300197	2.24051081227	25970.3820727	True	
1.9940678187	-1.60601237035	2.22371761061	26161.2889388	True	
1.57417596209	-1.63235069654	2.21607436823	26113.1964537	True	
0.821563977102	-1.68134212968	2.26532113021	25964.7460441	True	
1.55977988453	-1.65397148779	2.23497330087	26022.8976823	True	
1.63352220174	-1.68709319178	2.31519821563	26062.6512178	True	
1.23333331565	-1.68434916972	2.2906464257	25930.7848621	False	
0.662200623331	-1.71365136528	2.34819383579	26332.5968037	True	
0.643855787341	-1.67993290252	2.2736116489	25925.4789425	True	
0.239958513611	-1.65543038259	2.24695179994	25954.2622052	True	
0.377749211494	-1.72391633456	2.31108806235	26199.7496063	True	
1.16025539562	-1.67962704978	2.25921828831	25989.1949899	True	
1.59188815592	-1.66527692556	2.29769581716	26044.6465901	True	
2.55831298691	-1.6750396602	2.29049926414	25938.9075285	True	
2.25232386118	-1.72948111489	2.35705082885	26451.113964	True	
1.9152344977	-1.7167450145	2.34028851925	26247.4069884	True	
1.94199796512	-1.69953918856	2.28734538459	25999.6146998	True	
1.64128538466	-1.7175555355	2.31354409683	26119.8473951	True	
0.894689539195	-1.71046299506	2.3072634844	26060.0511291	True	
0.770599725536	-1.65217202584	2.24173953647	25971.9778732	True	
0.230359163117	-1.66548592469	2.25241997034	25957.9309865	True	
0.384291435968	-1.64561796804	2.26177444282	25954.1071938	True	
0.158464542717	-1.55788945475	2.15790042332	26699.9409117	False	
0.1638371839	-1.68500724535	2.29869882399	25954.9822926	True	
-0.453587447907	-1.58794214241	2.20381109069	26250.2017099	True	
0.0297348390974	-1.61902621842	2.23180875971	26058.0001393	True	
-0.0738169615013	-1.68396731313	2.3196701701	26106.9382402	True	
-0.677947507614	-1.65806660097	2.28826870402	25942.2316868	True	
-1.24836471116	-1.5888537281	2.24228872933	25986.2509953	True	
-0.421370270675	-1.67711080949	2.27875386271	25927.232997	True	
-0.533549101774	-1.65003809571	2.22271507212	26195.9272478	True	
-0.217312691174	-1.62900976221	2.26550264977	26083.7935366	True	
-0.499291597449	-1.6651162603	2.30595604221	26057.9245511	True	
-0.544240067878	-1.61128570468	2.2506222577	26116.435549	True	
-2.06276752609	-1.14204396475	2.28080714296	26004.3227775	True	
-2.13355673477	-0.707095598412	2.25529273635	26242.7471692	True	
-2.09917176866	-1.15962107088	2.28221706528	26002.1169725	True	
-1.55133188299	-1.52999465686	2.25946817721	26004.4808014	True	
-1.64926030399	-1.52100400436	2.23433236084	26104.8646031	True	
-1.27427575988	-1.62144631167	2.27238453847	25910.4176884	True	
-1.18002090626	-1.64273462461	2.28394699654	25917.877791	True	
0.396040743529	-1.6559830526	2.26162117594	25916.7968496	True	
0.0959915686187	-1.646495623	2.26330555292	25948.1921164	True	
0.147502783154	-1.62873994743	2.24165741742	26008.5986137	False	
0.00214075703804	-1.60406523895	2.25047405328	26307.2086519	True	
0.130603562436	-1.67710562693	2.28884104934	25925.6482177	True	
-0.609263070456	-1.67391238221	2.27577180735	25935.9758117	True	
0.00399309846006	-1.63322669061	2.2473113159	25985.0042228	True	
-0.0442515126306	-1.6148646785	2.2526650079	26169.5228755	True	
-0.0117951983622	-1.68959381203	2.29580856495	25953.3739415	True	
-0.217407568253	-1.65582000063	2.25163850033	25940.2778134	True	
-0.247351650656	-1.64964527229	2.2480422487	25946.0520305	True	
-0.43541912292	-1.71984591843	2.32594289672	26213.6131051	True	
0.154603967122	-1.66682468552	2.26379590072	25915.5197461	True	
-0.232420980659	-1.70934855561	2.31116892517	26081.1172737	True	
0.466177198953	-1.65041318454	2.24483338976	25955.1913571	True	
0.558301007211	-1.6814068891	2.33165000423	26309.3627625	False	
0.0851948704429	-1.68513737448	2.26489200304	26009.2621299	True	
-0.161751810807	-1.68166810161	2.29426481288	25939.4466205	True	
-0.421731658045	-1.58585911164	2.2268613951	26301.1966834	True	
-0.148292075066	-1.65851197345	2.25284582361	25939.5901113	True	
0.869102386029	-1.68577816755	2.27558105002	25946.3200077	True	
0.568074904748	-1.66673152342	2.29333124138	25991.3653166	True	
0.589550630936	-1.69935182039	2.27636244809	26056.100697	True	
-0.287351126166	-1.65809061956	2.28417814432	25956.6606344	True	
-0.588194666636	-1.65454547154	2.2464566364	25988.6556747	True	
-1.09377424392	-1.63147410814	2.28070922202	25930.372154	True	
-1.47073937966	-1.58119478575	2.25746254448	25946.0614999	True	
-1.50133432588	-1.62274498418	2.29294285741	26025.4279454	True	
-1.38704496865	-1.60530464126	2.25984300988	25955.7626383	True	
-0.84367521552	-1.61802128482	2.26651998164	26049.008805	True	
-1.1475480882	-1.62573104426	2.2808559452	25935.2454217	True	
-0.261154867773	-1.65009651394	2.25473346685	25926.6879316	True	
-0.252004756957	-1.64019866298	2.23089124904	26025.7859677	True	
-0.720166252102	-1.69396649997	2.28127308017	26100.4774737	True	
-1.51591553191	-1.58369173749	2.26518601903	25948.4201701	True	
-1.17390846817	-1.59204083518	2.23308420168	26022.7105718	True	
-1.00464112872	-1.64229126195	2.25431134662	25962.6756069	True	
-1.54455979215	-1.54066813684	2.24909126155	25971.9379924	True	
-1.80362282977	-1.50577207462	2.29257227885	25956.8299809	True	
-2.07501983278	-1.17785959905	2.25414461048	26155.0615182	True	
-1.93606990598	-1.386545509	2.29275191023	25927.3912852	True	
-2.20850434567	-0.715112695351	2.31651811976	25988.4864262	True	
-2.17204529525	-0.21612365316	2.2239069593	26336.8677087	True	
-2.2333504416	0.238699832581	2.28253759642	26016.9100116	True	
-2.26699372491	0.302574565031	2.34450971381	26099.8345115	True	
-2.20162985391	-0.494141722506	2.30000472378	26049.6261921	False	
-2.25626086935	-0.00450889116079	2.30778941659	26014.2420868	True	
-2.2737779382	-0.096385737339	2.33592063458	26087.506338	True	
-2.22327823733	-0.76281640284	2.31317818562	26051.9257868	True	
-2.21805103705	-0.382497085413	2.30128131379	26002.4998651	True	
-2.18119087538	-0.997800384721	2.30859649023	26058.2138336	True	
-2.02062288069	-1.26394743944	2.29823801574	25971.4275132	True	
-1.675536172	-1.54268766919	2.29135463698	25921.3407096	True	
-1.86641512225	-1.47132395174	2.31091242891	25966.7071142	True	
-1.74590342012	-1.50121921219	2.27094110733	25929.4102997	True	
-1.44883031053	-1.6257617662	2.31462659327	26008.3404836	True	
-1.62225994157	-1.51446734297	2.24018979644	26015.1142101	True	
-1.65244606702	-1.56587856896	2.28913618552	25944.9794483	True	
-1.35506508321	-1.5608611669	2.24177990204	26034.1754629	True	
-1.80487812986	-1.46404501011	2.25895608729	25979.390088	True	
-1.57758637687	-1.57721511186	2.29266187825	25924.0465596	True	
-1.43883173937	-1.6226615386	2.29085760723	25957.0005218	True	
-1.16207570794	-1.62653132293	2.26031863802	25926.3547391	True	
-1.47077798562	-1.60460027736	2.27691875396	25940.731609	True	
-2.10330991166	-1.24588560343	2.32766058866	26072.4273403	True	
-1.8820989264	-1.48503438842	2.30369231047	26053.6077685	True	
-1.66153555886	-1.52333202715	2.27771018771	25933.1524941	True	
-1.92050206722	-1.37114070909	2.27683167068	25938.7168507	True	
-2.01175146475	-1.28611736909	2.29946139472	25958.5875618	True	
-1.66108564631	-1.53530458287	2.29208210832	25947.362323	True	
-1.7101060697	-1.52024613186	2.2798041417	25914.9331067	True	
-2.08460557562	-1.22591914282	2.30707562399	25970.8125828	True	
-2.10544999014	-1.13919449038	2.29784653901	25948.5457777	True	
-2.17575245688	-0.871701553486	2.2681644356	26119.6050589	True	
-1.84536452743	-1.40740847196	2.27122653995	25986.8904669	True	
-2.08157375835	-1.24468101876	2.29635274578	26034.1487476	True	
-2.26756677806	-0.262321935894	2.33331975651	26078.8477522	True	
-2.24606322692	-0.419267090533	2.32107303927	26010.434072	False	
-2.23100676383	-0.467260769347	2.30612360217	25984.4455225	True	
-2.21939855383	0.10770604054	2.27954485637	26039.120863	False	
-2.22967464453	-0.572615847722	2.31154696393	25992.2528806	True	
-2.20558758501	-0.289550781743	2.30374199153	26156.4481077	True	
-2.26422035361	1.48327110631	2.3185653841	26004.748307	True	
-2.26697361483	1.3727396747	2.30305468509	26050.3626715	True	
-2.27601997865	1.59949319112	2.32697578849	26043.8463418	True	
-2.27338252501	1.7294913842	2.31541471473	26045.872804	True	
-2.24646031141	1.43421416014	2.30331625042	25996.6344357	True	
-2.22121149054	1.32466248377	2.24667579078	26205.6564852	True	
-2.27720751931	1.14323684498	2.31423937347	26084.8581398	True	
-2.23882038547	1.83943585422	2.30170305869	26023.2505782	True	
-2.22553459212	1.86678106511	2.27032792628	26061.6318599	True	
-2.24645472509	1.9802469563	2.30424728727	25998.8147858	True	
-2.23736905718	2.16704778481	2.28489843081	26014.8430256	True	
-2.26746253469	2.07064475018	2.34045129843	26085.1565637	True	
-2.27891581733	2.06966206503	2.34002104887	26073.5393538	True	
-2.26000600399	1.82002696054	2.32441418219	26021.260718	False	
-2.22570036459	1.99253994527	2.26274680695	26094.0530392	True	
-2.26089023866	2.52983123079	2.31619895097	25999.2046027	True	
-2.22874802816	2.42067767326	2.28139126741	26036.7102239	True	
-2.25993636178	2.78909645425	2.3023738265	26009.9410134	True	
-2.2680610058	2.82767678409	2.30897850877	26030.7183533	True	
-2.24940538214	2.76526451045	2.30914341072	26001.0773682	True	
-2.24785449885	2.53091826643	2.30077737647	25993.007268	True	
-2.26372581761	2.26130081061	2.31752586675	26003.0138863	True	
-2.25761333494	1.83194027724	2.32180533512	26017.3448888	True	
-2.2753819517	2.04888056999	2.32874232324	26041.0523556	True	
-2.2388605914	1.95529905213	2.28946956895	26007.3342043	True	
-2.25089469428	2.05302920688	2.32308008875	26056.2313537	True	
-2.26876585371	2.43303033972	2.33508008536	26050.5213971	True	
-2.26689512473	2.42066689307	2.32690915736	26021.3289562	True	
-2.22820749062	2.15205047876	2.28777201024	26045.062409	False	
-2.25210915811	1.98503460782	2.29256846821	26013.4693502	True	
-2.26930088941	2.08969654969	2.32502524213	26019.8726605	True	
-2.25300210452	1.88504255974	2.31420590695	26004.2248932	True	
-2.24713898483	1.41427823448	2.30428544007	25996.4150408	True	
-2.26849993238	1.63422898888	2.29768930489	26094.8164308	True	
-2.26968260217	1.8324554304	2.33585410732	26052.7622889	True	
-2.24496913145	1.76127158433	2.30919614856	26018.0662553	True	
-2.23052880684	1.59607749308	2.27942209858	26032.8860282	True	
-2.25509839158	1.53302321956	2.31935319235	26015.039479	True	
-2.25873005633	1.33823967759	2.31248907267	25995.0240199	True	
-2.24757127638	1.60140133939	2.30948996576	26007.3791467	True	
-2.2377171936	1.7634113645	2.30962005194	26068.9580748	True	
-2.25753718125	1.70480875628	2.30770079904	25993.8187079	True	
-2.25333498647	1.33171584019	2.3219424687	26033.4403268	True	
-2.24163832971	1.8661044081	2.30112987549	26008.5039418	False	
-2.24782468266	2.10502502469	2.31268680978	26018.5067969	True	
-2.26010128751	1.95356936339	2.30508229797	26003.767302	True	
-2.26336346222	1.72686756123	2.30738711438	26011.4221193	True	
-2.25969780527	2.30939266105	2.31525238765	25997.7646525	True	
-2.25151848473	2.54437841489	2.29714083387	25998.104497	True	
-2.26831589776	2.46300819479	2.32891977639	26027.1721555	True	
-2.23928727954	2.70917777061	2.28176805866	26023.2274075	True	
-2.26820467145	2.92492681306	2.32588581988	26019.6409469	True	
-2.2410321468	2.76681525932	2.30455725975	26021.9227155	True	
-2.26318326794	2.82510031989	2.33696409487	26079.9202099	True	
-2.23987156483	2.97570277676	2.27552020796	26052.7249006	True	
-2.25280520003	2.88369325254	2.28764460622	26039.4837295	True	
-2.24094994118	2.60711592899	2.30549739175	26025.8886043	True	
-2.28625449609	2.83430260175	2.34216354436	26106.4374244	True	
-2.2640210477	2.75924070086	2.30241048639	26030.9254108	True	
-2.25335107069	2.97768690166	2.32158922147	26033.6339942	True	
-2.25015991187	2.76604748413	2.30460368292	25992.346949	True	
-2.2561271786	2.61659138956	2.30237888585	25997.3996228	True	
-2.25967035081	2.58354421645	2.30818065663	25997.2437481	True	
-2.25046660491	2.39772189957	2.28582522682	26037.8269166	True	
-2.25314251323	2.77621315095	2.30979783819	25994.434414	True	
-2.2322497595	2.69546624523	2.28643292431	26024.9189358	True	
-2.26767820783	2.96802834881	2.31918533769	26011.9021747	True	
-2.24652186557	2.87827226422	2.30228370532	25996.0787443	True	
-2.25633227523	2.73796246836	2.28620489238	26071.1200469	True	
-2.2332081845	2.93068743854	2.27943002795	26029.4922144	True	
-2.26653937344	2.71106807222	2.34302396843	26108.7605569	True	
-2.26891579915	2.61737674595	2.31332784099	26023.4513032	True	
-2.23250309366	2.93306575265	2.26302066198	26109.11803	True	
-2.24473695151	2.69594698611	2.29287875857	25999.368411	False	
-2.26825748559	2.41938388317	2.31857312577	26013.8576569	True	
-2.23394821729	2.36599484142	2.28010720071	26027.2746956	True	
-2.24524639377	2.80463278191	2.30703293547	26010.0352469	True	
-2.25077705078	2.89286107099	2.30932204159	25997.9122313	True	
-2.25354588694	2.74005605679	2.31410947637	26002.8255265	True	
-2.23597603179	2.34852266541	2.28272883335	26020.0569486	True	
-2.2711373826	2.08795681823	2.32599310059	26025.1076613	True	
-2.26940195226	2.01011376965	2.3103248017	26035.0145413	True	
-2.26120073719	2.09606416323	2.30650452838	26004.5023952	True	
-2.25164067241	2.33288428898	2.32962016752	26099.8879021	True	
-2.23310732334	2.47628956593	2.29051528904	26025.180766	True	
-2.25326028643	2.20271536059	2.29984853539	25996.0199418	True	
-2.22943933654	1.90580449116	2.27853289075	26036.8057461	True	
-2.23691433208	1.80864127279	2.29799965408	26022.0146693	True	
-2.25990249901	1.43330189584	2.32159597155	26010.9597137	True	
-2.24729357733	1.08963647581	2.31127883221	26012.2122147	True	
