Parameter 1	Parameter 2	Parameter 3	Potential	Equilibruim
-2.0230024734	-0.199879846592	2.07633229351	28526.6745563	False	
2.65732053069	1.02944044139	1.6858683039	53012.5924437	False	
-1.22811286232	-2.45064368804	2.27042474438	136760.119016	False	
-0.359322551745	0.428762677249	1.8643959723	33511.8559948	True	
2.01003713029	-1.75515560375	1.94864697432	48522.5816368	True	
1.93973405654	-2.14845966993	2.09578516673	83161.8498357	True	
-1.94458683921	2.75913855849	2.02728274151	29509.2990299	True	
-0.530567798822	0.752545262805	1.99240690091	37288.67785	False	
-2.37272606591	2.64364936304	2.00926476853	50128.5053497	True	
0.81998532435	0.597993804881	1.96728627579	35644.2780117	True	
-0.363511729259	-1.25316118469	1.91499485834	33662.3000099	True	
-1.99483864152	1.60254060708	2.32112524268	40810.1808876	True	
1.03164447626	0.795714625257	1.94285019648	34083.2178022	True	
-2.0397337658	1.32045858257	2.35106283966	39555.8822024	True	
-2.42064815331	-0.36210528569	2.47353635491	30948.2958145	True	
-1.3508073501	1.57009095789	2.24355286384	81718.6078601	True	
-1.87739893873	2.30858470986	1.95307941961	32189.8506735	True	
-1.21225303471	-0.0127666968468	2.11397603224	49298.4223411	False	
-0.391878368135	-1.06081959088	1.90401717479	32889.7253394	True	
0.664456452912	2.65596198895	1.83339022935	34977.5240676	True	
0.514170339421	-1.38038631508	1.87695281291	39107.2473261	True	
-0.825996047972	-1.89682438371	2.19920504756	41194.7436414	True	
-1.19407365662	-0.695526488727	1.97119943922	31363.3605656	True	
-0.152839995867	1.66834749365	1.81341286912	36527.3531902	True	
-0.27679496611	1.16906587199	1.86145894024	33603.2832214	True	
-1.33821531026	1.48233345754	1.57630820354	78536.8364719	True	
-1.76844236683	0.112904086219	1.44216752419	115829.86378	True	
1.56981401437	-1.34299017933	1.95801328506	31747.8478122	True	
-2.6803516622	0.318209953402	2.96973056828	77229.8798315	True	
-1.81237894304	1.28624040339	2.03001569576	29912.374127	False	
1.84841389832	-1.68111097256	1.90416292877	48467.1922649	True	
2.62643360992	-1.24225967167	1.80951649159	43760.1129372	True	
0.168700670226	-1.81156876023	1.83355881018	67598.9793019	True	
1.53983753194	2.8212374947	0.398045436271	282301.459116	True	
1.98322952943	-1.81872102978	2.40117687478	28589.648694	False	
1.36992880568	-1.88864275796	2.56608211033	35286.6671504	True	
2.37796662898	1.01439974182	1.86324512595	33506.8540539	True	
-1.77179213486	0.334014222358	2.08753257099	32040.6315267	True	
1.16042744381	-1.90819357204	2.48302311997	34200.5143335	True	
-2.21846545474	-0.903120886503	1.99644694355	43680.6414283	True	
-0.974051194824	1.51698103928	2.02275225505	39184.2540606	True	
-0.169296635621	1.25889550957	1.70182496826	50561.7699171	True	
2.84277556151	-1.94784207958	2.60146689946	40368.7661148	True	
-1.01816576674	-1.22619555604	1.66000062328	69246.6154228	True	
-2.49671591373	2.27589358254	2.51034060528	36004.8312626	True	
2.10446795745	-1.64235817972	2.59435105695	47282.4994727	True	
-1.88133097913	-0.388179723257	1.96895090404	31859.5753489	True	
-2.52745615336	2.63412449672	2.53290326539	39316.3714075	True	
-2.07233324734	-1.13621052566	2.11095197537	30586.1113208	True	
1.47571339538	0.354473073296	2.09180671672	55694.9090381	True	
2.10827247946	-2.08003165004	2.41378315389	55185.843507	True	
-0.926390418536	-1.86644411217	2.40446212763	31910.2507692	True	
-1.49779248489	-1.31862528878	1.91539731339	37950.2769776	True	
-0.643488130869	2.12729091927	1.61508667337	67137.1575758	True	
0.107447655739	-1.01200239804	1.93499116388	31418.8777537	False	
-2.42071075236	1.34801166662	2.6428794839	35526.2400166	True	
-1.74428443055	-1.92176648185	2.50417911471	42796.9473099	True	
0.276788853598	0.22454662873	1.84733378723	34266.76521	True	
-2.61089695136	0.2699767575	2.43646092742	53829.0246898	True	
-2.00379177226	0.420038745355	1.87392559265	42419.4232734	True	
-0.483363494694	-1.22679245451	2.05053858427	29872.5567778	True	
-0.634796583195	0.626277322541	1.76637394174	41784.1214657	True	
-1.64380770791	-1.02703937637	2.19717945323	34041.2356613	True	
2.19117680321	2.3619706685	1.98147545705	37197.96729	True	
-0.234851997816	0.984597673447	1.95003711643	34267.8759232	True	
1.21914430771	2.08337269946	1.70249408507	50201.6611592	True	
1.66820087622	-1.20369653193	1.89565076556	34339.3200266	True	
-1.35183828926	-1.12450932182	2.08842255094	30200.5806859	True	
-1.05828174471	-0.910348686427	2.02420717685	31949.3279419	True	
2.87713689933	2.12538082641	1.86344690271	33497.6977387	True	
-0.194562001674	-1.00929024468	2.09839454242	38123.3299841	True	
-0.1005898066	-1.25167724179	2.20449951619	39975.8305688	True	
2.26656815198	-1.70134667805	2.40143883685	27706.9546077	True	
-2.29659364746	0.613404002212	1.85144305195	62711.8816847	True	
-0.869520459479	0.634737675157	1.83708666104	35208.2721871	True	
-0.681813224426	0.453095644046	1.60522410216	69452.0503667	True	
1.53516172391	0.00371577503698	2.19188965281	85193.5225162	True	
0.184485916434	1.2025642156	2.20582966593	94471.7303345	True	
-1.78269237895	-1.75220237875	2.31298432931	32589.5733754	True	
-2.10066525355	1.52340528907	2.53865093449	55535.7705308	True	
-2.10817421688	2.69709241164	2.14397368754	27306.0005886	True	
-1.11402522422	2.38224822006	2.03678222108	39828.5994935	True	
2.82243114604	0.50023323719	1.87225424199	33229.1176106	True	
-1.79966914734	-1.70191343195	2.37620122947	29122.0448732	True	
-2.26375324397	1.31224410544	2.1256254335	31740.7682362	True	
-2.04987774831	-0.290447084721	2.11943589167	27664.1957869	True	
-1.1151468882	0.619491825824	1.72498148564	48819.4589174	True	
2.44499833966	1.41190077059	1.90500377996	32972.5585788	False	
-0.826096909079	-1.48865224909	2.29706866088	31517.1500117	True	
0.600707260779	0.163727224378	1.82778135014	35493.0464649	True	
-0.483485848067	1.26162733767	1.98956036153	37204.3681729	True	
-1.93816407738	-0.238769911264	1.90431288572	37787.3586963	True	
-1.01945029649	0.91096932924	1.87362487958	33305.1774495	True	
-0.686070882165	1.2263905662	1.75252171514	43549.9339582	True	
-0.301969482134	-0.214286466741	2.01141496572	38222.8209964	True	
0.183457935753	-1.473854579	2.35983012465	39633.7362529	True	
2.78214379248	-1.70793938763	2.46888291411	30485.4152504	False	
-0.0806688655895	0.253387944403	1.69995630938	51093.1219389	True	
-0.953233629501	-1.51795354267	2.03140695053	31000.961546	True	
1.50449774733	-1.68554027716	2.1122967087	30680.6017309	True	
-1.83940388984	1.08774667645	2.12013036681	32256.1998036	True	
-1.64550017122	0.129809094046	2.22902238213	55660.0510235	True	
-2.33787870236	-0.779444157341	2.43271767284	28178.7134632	True	
-1.68768046535	-1.86748905208	2.34743361844	38557.4939275	True	
-2.0628917473	1.6635229985	2.20749261997	28481.2551479	True	
-2.28607908027	1.50305528011	2.46993522509	28943.7401667	True	
-0.548302361709	-2.07142786285	2.42442430367	54224.5349223	True	
-0.0930102527362	1.9537719351	1.57309534358	75481.1817707	True	
-1.27383110307	0.238563053186	1.99396809103	33769.6096564	True	
0.701864285875	0.526636160131	1.74028299855	44675.4415154	True	
-1.33448160037	2.83134877888	1.98119806842	32997.9637953	True	
-0.621320866218	-0.866136837233	1.96053622937	31399.3550514	True	
-1.40341599938	-1.64227831389	2.34258888455	26235.5740075	True	
-1.05372757825	1.76735010808	1.91816634493	32428.2994342	True	
-1.18366028582	-1.69583745701	2.22663645506	27696.4206077	True	
1.4635633358	-1.23834575035	1.99559877613	29882.9606559	True	
-0.67534455474	-0.538871691513	2.03135995068	37645.6319106	True	
0.120700572309	0.0613923003109	1.84261664726	34583.7194455	True	
-1.52393047731	-0.636828656624	2.03024265299	31208.7531704	True	
1.34125183098	-0.743974271529	1.97340359083	32704.4112077	False	
-1.05610778762	2.29223785025	2.01957714055	38226.035198	True	
1.12992993906	2.52365467548	1.75973579525	41965.9814032	True	
2.48648669407	-1.8060927995	2.42437158792	28391.6288182	True	
0.300523497268	2.37708923357	1.84436097276	34349.4053079	True	
1.78264424861	-0.453880951559	1.97290253678	34213.4556975	True	
-2.13595858425	-0.34371130995	2.27495409687	27062.9051427	True	
2.5985545976	-1.02271822308	1.87612156729	34307.6569888	True	
2.1800441587	-1.41901906909	2.28219076818	36950.4769125	True	
-1.41828196815	1.13139415432	2.03263164638	35482.417866	True	
0.954585716363	2.52822832923	1.95902120003	35198.5813178	True	
1.97889617595	-1.73502660138	2.05374976048	37188.8602948	True	
-0.76663819816	-0.290153770797	1.92601796637	32338.5684529	True	
-0.0251526560379	0.299576164293	1.98563900752	36879.8971874	True	
-0.823968286793	-1.5895403817	2.00002023761	35164.6198578	True	
2.97829810909	0.571461681264	1.79821399022	37826.6077784	True	
-2.05659340785	2.23226002904	1.91353025497	39771.8306635	True	
1.60521058654	1.09442806387	1.92309052654	33315.8569399	True	
2.50321141533	-1.67101476207	2.11539905687	29954.0559317	True	
-2.11319355224	-0.744554735918	2.50105802992	39592.2964007	True	
-2.12808735729	0.29363971168	2.29424642811	28645.2894769	True	
-2.0982324659	2.22804810381	2.24185940383	28296.5520519	True	
-2.16206751313	2.66721107666	2.30658648955	27885.9071562	True	
-1.25337621413	-0.366790995342	1.94154882337	31692.5795034	True	
0.132253873559	-1.76449548022	2.64094734394	41125.5562792	True	
-0.664448862152	0.824995217711	2.01949094495	40197.9806285	True	
-2.34202606152	1.89837825448	2.41610000019	27041.9060014	True	
-0.699353733523	-1.59880934011	2.14218442922	27392.703505	False	
-0.383202506939	-0.852431194355	1.89528999808	32717.7224913	True	
-0.137417181797	-0.135304401711	1.86914135291	33359.9009228	True	
-2.08614846948	-0.960864794776	2.2975290222	26645.5293651	True	
-0.432563687198	-1.58668917404	2.17438554062	26505.9626475	True	
-0.826188302447	-1.28906943487	2.09716900996	29556.3702481	True	
0.204555471841	-1.73563264888	2.44295115216	28474.4581527	True	
-1.94596436342	-0.588245605791	2.04307141478	29292.2382633	True	
-1.37960271385	0.273471402437	2.02513540649	34970.8829697	True	
-0.119964894854	2.74444937954	2.01292205779	40620.7874338	True	
-1.4157070556	1.67340345103	1.97548051131	32225.3898426	True	
1.28337018594	2.51219137206	2.02396854873	42741.6703633	True	
0.80299172561	1.3901845531	1.91625908987	33140.027753	True	
0.333489766098	-1.70005658535	2.18925289671	27845.7585144	True	
2.41027154399	-1.16764550239	1.82809210432	40235.6849804	True	
-0.0214127859592	0.973038639864	2.01579584801	40982.2712873	True	
1.22717487392	1.27988395408	1.87316742898	33212.1346402	True	
-2.51128157474	1.30652241854	2.56711807422	37831.10645	True	
2.1344967058	-1.57188484716	2.18299471342	26464.842154	True	
-2.41562586406	0.463001908576	2.50321349431	30277.9745412	True	
-1.00579422741	-1.31555095896	2.30265285303	43528.4710713	True	
2.62494022928	0.0980761214376	2.07117194257	50127.6631931	True	
0.37730721179	2.3647566965	1.77931237487	39715.1799811	True	
-0.565971361494	-0.836111225193	2.00666163473	33017.7065552	False	
-0.0945063141601	-0.724273118554	1.93626798522	31902.7933264	True	
-0.863568870457	-1.46604097581	2.21923385403	28661.6311802	True	
2.56215872114	0.303675684201	1.87595739226	33129.4528561	True	
1.1731109717	1.23252407763	1.90692846667	32984.1256859	True	
2.10547594591	1.98061671041	1.78821318581	38728.6102769	True	
1.77435405806	-1.42512304586	2.04154398426	28812.4460589	False	
2.89959604486	-0.219633634511	1.7872591718	39423.698627	True	
-0.926822055415	-0.948182164584	2.10211632533	37940.0551349	True	
-0.370835955968	-1.41458285707	2.22492568791	32042.9729133	True	
-0.587735319903	1.91999019034	1.91662231311	32865.5947909	True	
-1.05468368279	-1.15981565081	1.92084119674	33060.9990312	True	
1.85598622215	-0.696038669293	1.96355522552	32610.400479	True	
0.21840493404	-1.21622084203	2.06034892954	30539.6706694	True	
2.8608474496	-0.878191693811	1.77006018998	44054.4501503	True	
2.81388333722	-1.7044997701	2.20885017218	27332.6640193	True	
1.43121695444	1.35086573176	1.7988014855	37703.8372569	True	
0.662879119961	-1.86861850981	2.41202475393	31144.6588245	True	
-0.762897167253	2.20955650667	1.71742409097	48733.245526	True	
1.25625942442	-1.13928117784	2.0118964541	30487.0065607	True	
-2.09278426478	2.60334790702	2.16142405129	27241.3538509	True	
0.346495408816	1.2049605873	1.86554831344	33433.13359	True	
2.09726075996	-1.57306087838	2.16288188198	26626.4749492	True	
1.46711338711	1.0018336772	1.89104668742	32933.7477914	True	
-1.62958224655	-1.11159471591	2.00603837298	30069.676116	True	
2.77974733187	-1.36117529353	2.01907886778	29279.1101849	True	
-2.14640257645	1.27619238429	2.14053839638	27567.4720771	True	
-1.94176059649	1.17687015261	1.94746010477	33537.5924928	True	
-2.30160915217	-0.083834308578	2.33643519107	26442.7583078	True	
-0.373200115538	-1.53556082865	2.07773022186	28578.9321602	True	
0.588310298603	1.08027660033	2.08520416902	54822.0101958	True	
-0.897159388391	-1.76668199796	2.34247982356	27353.0356628	True	
2.77849355368	0.94995371058	1.91048633288	33022.063745	True	
1.73455574904	-1.51974525422	2.21880306486	27795.6467892	True	
-0.666849655725	-1.63002670712	2.40274592699	29944.6250284	True	
2.80393353304	-0.34737890916	1.96185286802	33945.277351	True	
-0.532731602349	-1.70994557735	2.51087746574	32593.9901692	True	
-1.83705063318	0.0955068802896	2.19738849558	38010.5417771	True	
-1.18661929917	-1.79807805204	2.51612377589	31157.1878398	True	
-0.355783760467	-1.09510055561	2.06086415664	32623.7719911	True	
-1.69209233993	-0.911609131517	2.14898358016	31764.0280109	True	
-2.33523840481	2.53298609477	2.49660401568	28790.3703542	True	
-0.270488726441	-0.839620435809	1.98505426455	32273.863297	True	
-2.3375095813	2.18114810139	2.36071657607	26911.7527584	True	
-2.16741929735	0.616860784227	2.2155531492	26459.9772802	True	
1.75155838605	-1.05301435919	2.02370990281	31839.3667089	True	
2.36961316441	1.43219876219	1.89794339529	32931.5609026	False	
2.74132018437	-0.210595549648	1.8735564058	33190.7122633	True	
2.20584442089	-1.07347183955	1.95936218697	30853.8436727	True	
-0.708848709488	-1.19925998444	2.11469318488	32840.1647904	True	
0.327974067587	-1.18896997372	2.08181317128	32057.58054	True	
-1.58662125734	-1.55632204196	2.27190572435	25915.3065158	True	
-1.78891185884	1.71041059762	2.06632524223	30979.803126	True	
-0.0200255130961	-1.62173250224	2.31028091923	27019.8771522	True	
-0.449545917776	-1.68443735252	2.20100021235	27212.2950692	True	
-1.50206968457	-0.329409368179	1.9530278086	31198.4085373	True	
2.00278409641	-1.80162391584	2.25845246028	29822.0760975	True	
2.59506422935	-1.74976971327	2.21105566752	28886.7639844	True	
2.93939800105	-0.940787171894	2.01076082254	32687.0623263	True	
2.82073727852	-1.72274269248	2.24469717428	26939.0897462	True	
1.4261949887	2.65067482504	1.88047044405	33064.4986069	True	
-2.19130220309	-0.762587937389	2.02935585128	37702.3258366	True	
-0.591409027909	-1.0952190761	2.08886779904	34169.8561351	True	
-1.91957190301	2.48793049865	2.11944158136	29944.0223782	True	
-2.17186455154	-1.52490832278	2.44442563261	31149.1401849	True	
-1.53640678724	1.61566992036	1.99529753815	31914.3739362	True	
-2.16606672472	2.06184220372	2.21820049161	26476.0566799	False	
-2.12225035596	2.17309910629	2.26012094948	27971.6539243	True	
0.415426015228	-1.48179671857	2.37832531479	40908.2583813	True	
-0.139767570014	-1.8599394434	2.50437923686	31959.6176737	True	
-1.39466281943	-1.79430390437	2.2172136276	34228.6545406	True	
-1.26829787932	-1.78292961702	2.40292694376	28538.600216	True	
-0.434011435875	-1.37257214748	2.16887203279	30622.909133	True	
-1.35305677385	1.76427321232	2.02666750683	35899.3261977	True	
-0.961888136464	-1.67437806011	2.23877795395	26480.9684604	True	
-1.35064288717	-1.08365291592	2.0221498948	29613.308727	True	
-1.58602549071	-1.10366635712	2.07911593542	28761.880979	True	
1.45258441308	-0.776768771564	2.04609040118	37829.1367864	True	
-0.528075160643	-1.45564788237	2.17851414276	28220.392967	True	
-2.26677967632	0.210677535938	2.38866462839	26712.6876928	True	
-2.32570185616	1.97364394087	2.35422877318	26647.1019231	True	
-0.692062356903	2.14730575641	1.89285640956	32788.6512841	True	
-1.72146376079	2.53949099926	1.9649995888	30884.2983516	False	
-1.99704214908	-1.15013627379	2.12322788035	28497.755873	False	
-2.22394305031	0.280017691982	2.35433190858	26917.4512938	True	
-0.455776074034	-0.668482067764	1.98016944364	33077.2837778	True	
-2.09565138062	1.62678960751	2.17019121915	27202.6555606	True	
-2.11300690368	-1.33110490425	2.4087122686	26915.3839649	True	
-1.37197323167	0.182682471102	1.95524430125	31810.6538481	True	
-1.99606034511	-0.52518890615	2.19351754915	28544.7956515	True	
-0.356052981572	2.20777253004	1.8694692975	33322.3856915	True	
0.843225936751	-1.78832842955	2.30680526904	27981.2606295	True	
1.02820787011	1.3795058089	1.8795426155	33076.7206321	True	
-2.27256140551	2.00712810386	2.36293258819	26271.8384222	True	
-2.36237214129	1.98973890889	2.34815463636	27992.3151044	True	
-1.49097609317	-0.19106795995	1.96558242189	31227.4346767	True	
0.00281470400166	-1.61875241937	2.09056926135	29629.9671466	True	
1.68790443592	-1.53525041927	2.02056250761	31254.3951506	True	
0.716592582779	-1.62091429103	2.18576984767	26447.9724802	True	
0.0189463874769	-1.13928692956	1.98473834092	30340.7412101	True	
-0.324609941433	-1.51376703636	2.12374767046	27195.661921	True	
2.92736227652	-1.64035421644	2.2265355182	26045.027859	True	
-0.777019323052	-1.61414989355	2.16688502772	26966.4845427	True	
-1.48962966462	-0.146603803462	2.01940291295	32660.6857192	True	
-0.479925818623	0.919939650656	1.934019547	33342.7983584	True	
-2.23112229664	2.20046444842	2.22279089739	26663.5731763	True	
-2.205089004	1.7206981709	2.32398083044	26874.5870666	True	
0.840193327169	1.75245430355	1.91336424721	33088.8459374	True	
2.05825403461	0.0826599520901	1.91487314991	32885.5143988	False	
0.884535918195	-1.59057625552	2.12222415725	27662.3229639	True	
0.792901429208	-1.71945789364	2.37094398289	26663.2560581	True	
-1.8775091021	-1.54143340778	2.48721891148	29715.4970754	True	
-1.7095972714	-0.705251536768	2.02516052978	29610.1066037	True	
-1.97222992532	-0.944921346725	2.17032742917	27034.5519376	True	
-2.22616102449	-0.634002937822	2.30432630902	26014.5452371	True	
-2.29303551504	-0.106669276081	2.3111968127	26520.9464667	True	
-1.07988603187	-1.2607735488	1.98551585674	30367.9717634	True	
-2.31929455255	0.755685514375	2.32821480948	26751.6179631	True	
-1.18493440025	-1.51964929149	2.08543220565	28779.5068078	True	
-0.352106035387	-1.54708290456	2.19934358578	26678.197666	True	
1.51866188087	-1.85541222711	2.33275366653	31157.7698268	True	
-2.27690363852	0.111942886517	2.37653280324	26368.6293095	True	
-2.26302542743	0.465434800035	2.37534645565	26546.9477047	True	
0.250620466446	-1.48716873714	2.21577462919	28721.6187936	True	
-1.72489132743	-1.45353698446	2.31161890146	26787.1817872	True	
1.07328837671	-0.708487582841	1.96644238759	32639.6099378	True	
1.60419415376	-1.37849035996	2.08739836598	28502.21239	True	
1.25363052548	-1.06667571044	2.0043619519	31060.6974764	True	
-2.413075836	1.37480652312	2.56428794019	31645.6314782	True	
-2.1725398524	1.28632448188	2.06320710006	31699.0375138	True	
-2.22782451193	-0.62175550519	2.264386025	26421.7452567	True	
-2.35103615714	0.493648119676	2.46908910603	27971.6944705	True	
1.10411652561	-1.75589320182	2.29720530503	26965.3413325	True	
0.950661713039	-1.73942399801	2.29771929324	26535.5301472	True	
-1.08613631506	-1.56019558572	1.99800221551	34935.1084163	True	
-2.05553458742	2.88478053103	2.19454210379	28364.1013541	True	
-2.0377808994	1.63964197901	2.22064627924	29925.9810258	True	
-1.49607588754	-1.63480011504	2.47771644548	30517.3880301	True	
-1.33087217295	1.45121845216	1.92066291407	32057.365413	True	
-2.18325077128	2.33097285934	2.19252222754	26731.3797636	False	
-2.30165684157	2.59323676229	2.34597469924	26244.3682061	True	
-2.10347052051	2.73160628693	2.09564305257	28443.282247	True	
-2.05171972467	2.91330844786	2.3170124179	35315.3980355	True	
-2.31338771335	2.23093172453	2.34482592448	26435.6508116	True	
-2.31301217148	0.348317134447	2.27832717473	27563.3279972	True	
-0.513638550425	2.74764940541	1.90695642167	32806.4556841	True	
-1.65680806271	2.00995607813	1.9974710565	30940.9679353	True	
-2.04548856877	0.37153046881	2.12859009531	27707.789236	True	
-1.21539872094	-0.981182696151	2.135474902	38051.9375113	True	
1.30197240682	-1.6664182418	2.29035251237	25975.7693642	True	
0.696148480406	-1.67827475492	2.35779435916	26906.1700871	True	
1.47580586321	-1.6377580824	2.23099075462	26014.5082434	True	
1.23908206271	-1.45596647947	2.07098774719	28141.2977167	True	
2.52935103864	-1.65109509015	2.23434770606	26016.1494063	True	
1.79607909946	-1.66273310401	2.20854261757	26464.9763671	True	
-2.19927150801	0.145372319479	2.17280015631	27508.945187	True	
0.247776759463	-1.61014424908	2.11898971571	28135.3630094	True	
-0.330231014869	-1.74972903479	2.34718807153	26641.8903587	False	
0.270907221304	-1.43654346554	2.1559194958	28460.2977443	True	
-0.259241561185	-1.53980367826	2.20009092075	26827.0208611	True	
0.369761003636	-1.66584538624	2.26033542894	25921.7974164	True	
-1.64333957474	-1.15241405024	2.1056087958	28237.5250142	True	
-2.22567609172	-0.64762285495	2.28796138547	26123.9460838	True	
-0.480229127994	-1.37698920856	2.14557121843	29454.2779139	True	
-1.98721412697	-1.26835270357	2.22426244663	26308.7332805	True	
-0.547979893629	-1.62673366846	2.21264949219	26167.1289087	True	
0.238280059309	-1.6789484415	2.33000712263	26302.2948972	True	
1.28394768635	-1.60947647915	2.23807057654	26173.2358273	True	
-0.420104514215	-1.32326034199	2.09907688746	29387.4253116	True	
-1.14713840083	-1.70059919269	2.33853369263	26306.0574568	True	
-1.3394959002	-1.60702472722	2.15071022176	28333.5609106	True	
-1.48165849598	-1.63694647303	2.30575269278	26069.8283704	True	
-2.09436083083	0.375912923873	2.12907742375	27537.1095363	True	
-2.22687376507	0.300751523578	2.38464651104	27717.0556614	True	
-1.92347162993	-1.35504283678	2.34293065776	26831.1164559	True	
-0.1062536678	-1.60759022045	2.34716396295	28809.7405246	True	
-2.05408686289	1.07785012229	2.14397445336	27659.1370127	True	
-2.26219556272	0.988966570644	2.24183713765	26848.898205	True	
-2.14212406059	0.611159214315	2.2572217476	27172.9585934	True	
-2.24196632374	2.51063186775	2.35745769825	26657.7406819	True	
-2.19398687412	2.91991471246	2.32620204429	27282.8496711	False	
-2.15925965201	1.64956194391	2.29114797077	27521.1783853	True	
-2.20179208192	2.51618340524	2.3152125801	26780.7797437	True	
-2.10532646579	1.18347543998	2.15266835178	27203.7391491	True	
-1.49276427487	2.90248245786	1.95493511282	31519.2056305	True	
-2.26195564828	-0.0225369942349	2.36714820191	26344.8572965	True	
-1.00401664171	-1.50847247849	2.10905098333	27590.9124723	True	
-1.95939541501	-0.943668630003	2.07162524185	29017.8999896	True	
-1.9442698121	-0.981200654655	2.12532399098	27459.6232721	True	
-1.09292531667	-1.6661033982	2.22438964379	26777.552697	True	
-1.52607851432	-1.51670897364	2.24516385474	26087.2852977	True	
-2.09756057436	-0.540333242255	2.20068363577	26688.5576846	True	
-1.94961119453	-1.34460523035	2.28017649678	25939.4347697	True	
-2.23832573062	1.23032694816	2.29803928157	26013.4075292	True	
-2.21845013589	1.48380042373	2.19081349305	27227.4976224	True	
-2.30361106892	2.33758757874	2.38408522355	26407.676703	True	
-2.18111232824	2.72231932346	2.36067432626	29089.6116916	False	
-2.30460467109	1.48168051224	2.41137695987	26778.7510955	True	
-2.29476570379	2.78449033788	2.42362218836	27144.3103907	True	
-2.32159716752	1.71949584316	2.38146402085	26536.5810885	True	
-2.17444103562	1.00683744864	2.17925633547	26922.2655934	True	
-1.74628902614	1.71235245911	2.06304422358	31678.4753682	True	
-2.25016195559	2.17752131166	2.2388600672	26649.5275338	True	
-2.12616553619	2.16208211515	2.13553923128	27517.6604024	True	
-2.2477142087	0.994119204475	2.38883318216	27270.1422239	True	
-1.63383568002	-1.57170074067	2.24116081517	26396.7833061	True	
0.112249137565	-1.73980089178	2.24270031482	27567.8105847	True	
-0.357653326184	-1.69540106045	2.17334158046	28419.9616756	True	
-1.050492852	-1.60907516691	2.19478988932	26482.018613	True	
-0.710174360285	-1.64903848213	2.229579447	26141.0025037	True	
-2.11342567858	-1.20990586779	2.29679428066	26148.0469602	True	
-1.143336673	-1.40153519467	2.02062005528	29998.9898757	True	
1.82033817107	-1.64381965623	2.20143828603	26369.7088128	True	
1.4805035532	-1.71457990851	2.33183265132	26173.1228105	True	
0.354127206464	-1.68067706794	2.3105589802	26047.0432212	True	
0.748913646168	-1.69358201064	2.34918622066	26475.8902901	True	
0.984876673364	-1.74444040972	2.33808905089	26470.6630893	True	
2.4992352951	-1.59337232622	2.19432930109	26303.9075432	True	
1.36707831884	-1.65198603604	2.20409937171	26410.9669593	True	
0.748208105287	-1.60323443158	2.20188075393	26227.0345399	True	
0.256409319122	-1.54197807324	2.20191342407	26883.9889586	True	
0.387693774753	-1.43728322018	2.08032241175	28005.1898876	True	
-0.365430122643	-1.72447204068	2.3615878751	26500.2212314	True	
0.000974901015192	-1.53427405972	2.17462293318	26787.3757985	True	
-1.35883371079	-1.50157610576	2.19642820946	26413.6224083	True	
0.28747074582	-1.70283854022	2.31535657814	26046.0667747	True	
1.63887167478	-1.66134550487	2.30788930766	26208.1436559	True	
2.27753358268	-1.58024010764	2.15506760201	26753.6841581	True	
1.1535975558	-1.60077102388	2.21645218921	26196.7271527	False	
0.024553531079	-1.59133005078	2.22843269986	26305.7685175	True	
-0.664512013083	-1.73251378852	2.27239979123	26961.0112977	True	
-0.662746780444	-1.68603549684	2.26632803648	26105.8141802	True	
-0.0599293176833	-1.59612841025	2.27110102094	26775.1082353	True	
-0.0696013313667	-1.74266524903	2.45370562662	28754.9849781	True	
-0.945523436153	-1.71116677447	2.30194722628	26333.8841213	True	
-1.0968928132	-1.62809485943	2.29508421913	26042.8866096	True	
1.09761494931	-1.64495219637	2.25305778341	25947.5427874	True	
2.69592919261	-1.62691743094	2.20827757534	26173.7343376	True	
2.35869163054	-1.79308109773	2.39350707356	27712.6927214	True	
0.532671549221	-1.6148222327	2.16500963265	26802.9571353	True	
2.15927352599	-1.72603639432	2.29393481296	26298.0934835	True	
2.68488260786	-1.71097467858	2.34267388195	26271.7522104	True	
2.46694041437	-1.72671032966	2.26201657369	26706.3859976	True	
1.15908835916	-1.63817170705	2.27703025037	26131.745705	True	
1.61024356718	-1.45577237831	2.11391619408	27658.7932929	True	
2.37978425318	-1.75837904788	2.32301816656	26780.3700188	False	
2.04194895606	-1.30355861744	2.02501598326	29254.0467964	True	
1.81423886362	-1.70656085347	2.32637436888	26118.0550035	True	
0.222908213695	-1.6521554009	2.24409650805	25962.06488	True	
0.524577413568	-1.78326039306	2.40229253873	27584.3483381	True	
-0.259835468478	-1.54728240571	2.08844214892	28306.4678926	True	
-1.67005008014	-1.53232853705	2.28384510878	25919.579147	True	
-2.24780644358	-0.74139937678	2.28539554053	26687.9520066	True	
-2.12497696652	-1.28588477973	2.33056007635	26456.4961389	True	
-2.30858963126	0.136279040951	2.32423551386	26629.7341297	True	
-2.15168800828	-0.947322871467	2.28516329969	25971.2195447	True	
-2.19121185365	0.829124668949	2.20513375094	26580.9031808	True	
-2.34127115735	0.584287014539	2.36593062003	27040.6220931	True	
-2.25000243798	-0.0272534371032	2.36030945468	26385.7809596	False	
-2.22055548185	-0.362104540349	2.28614080046	25999.9146733	True	
-2.09949394992	-0.3728994967	2.18847155295	26822.059249	True	
-2.1806930366	1.43968922929	2.29011558486	26833.3513023	True	
-2.19358623108	2.82336026266	2.24526293251	26239.8045091	True	
-2.20178489845	1.20700991202	2.25576957651	26174.7939313	True	
-2.13869615474	1.4708498456	2.15303884826	27215.1439132	True	
-2.3439747551	1.07139983574	2.46820780225	27898.6979557	True	
-2.29979954907	1.35561203654	2.30688985032	26508.5998874	True	
-2.20774138304	1.25798478353	2.2763633929	26169.1099346	True	
-2.21359819831	2.72072486513	2.28747712132	26173.7987231	True	
-2.22058888694	2.79851007774	2.22238798846	26532.2173321	True	
-2.1966620257	1.53709040109	2.29793670658	26582.0856716	True	
-2.28779135422	1.08653984695	2.34429078655	26122.3958518	True	
-2.16552323574	2.38473105608	2.25275160686	26625.57962	True	
-2.19397357204	2.77236910056	2.2406749455	26248.5081099	True	
-2.337231024	2.82325193576	2.35747917469	26927.1246379	True	
-2.21268917906	2.92505804794	2.2418599004	26220.6397758	True	
-2.28783925757	2.46493276207	2.33262135773	26118.8412417	False	
-2.25086758362	2.93081361361	2.33990881995	26213.8085889	True	
-2.07030685542	1.47701799242	2.14142914368	27500.1527349	True	
-2.19308913298	2.42236674891	2.31598493076	27048.0681859	True	
-2.28590604553	2.94654797772	2.34639644961	26114.803128	True	
-2.21453112241	2.65773907612	2.3472168957	27170.3742314	True	
-2.33808507359	1.22044291331	2.33514467543	27224.0670318	True	
-2.22533717636	-0.784792250855	2.33949886087	26072.0837378	True	
-2.027238653	-1.54136115764	2.37643953419	27987.3713984	True	
-1.55947849466	-1.46302679378	2.20611444264	26336.8886748	True	
-1.85952379711	-1.38258070575	2.22156423223	26217.8036568	True	
-1.41398105385	-1.60151604513	2.25037839643	26029.5646698	True	
-2.20856004425	-0.862922876008	2.34257667176	26081.5951012	True	
-1.94918559312	-1.2604031928	2.28624805647	26411.6553066	True	
-0.40353174683	-1.63633099057	2.28368565815	26139.3202116	True	
0.115838652608	-1.70236559742	2.26095337906	26260.1284468	True	
-0.472993632557	-1.65153455018	2.31202177463	26295.8454303	True	
0.0289646090562	-1.70604762303	2.31672031488	26065.4817906	True	
0.837484109224	-1.64066403681	2.26944739016	26034.8957326	True	
-0.202416206406	-1.73716676493	2.27580912648	26842.5258376	True	
0.419806557885	-1.59593438247	2.20440057773	26241.8595942	True	
-0.422800451568	-1.59936296311	2.24645586576	26265.5462078	True	
2.6419107306	-1.66259221567	2.28603443624	25971.8882785	True	
1.89328397492	-1.68313588709	2.20031418007	27026.7871184	True	
1.26309604626	-1.65460041932	2.23678638218	26011.4681719	False	
0.536134658914	-1.68111161269	2.27478027202	25927.9574021	True	
2.3050007575	-1.67369235752	2.28495046399	25921.1714087	True	
0.983467176946	-1.63830357399	2.19345304151	26457.981007	True	
1.86893833933	-1.71113393598	2.2690751927	26278.475985	True	
2.72917198219	-1.63323029575	2.34467475861	27809.6116614	True	
2.96041697382	-1.73877169478	2.30948985402	26427.93465	True	
2.2934905188	-1.58858072433	2.23783665879	26475.7263165	True	
0.592109949641	-1.70154981257	2.32139365441	26079.1981756	True	
0.250781161919	-1.57480247838	2.18575019617	26426.6271081	True	
0.893771971677	-1.68233312492	2.29100913	25930.5694499	True	
0.649206775579	-1.60671754471	2.26207111486	26446.1411892	True	
1.33636605702	-1.6632197741	2.19993562503	26650.8105924	True	
1.24974535675	-1.61560427145	2.24204753759	26127.1784787	True	
0.937224308373	-1.62956640597	2.18436816889	26542.3395421	True	
0.742708331243	-1.66234094216	2.28538785075	25966.3957294	True	
0.426757660102	-1.69993985854	2.25088610337	26340.1247614	True	
-1.18804130472	-1.70936457221	2.32612567927	26450.698874	True	
-1.04608909287	-1.68498366206	2.27411294948	26239.1120903	True	
0.548788892985	-1.71108219306	2.33937722084	26234.5238769	True	
-0.422691905801	-1.59123325533	2.17813472149	26465.049914	True	
-0.843059606506	-1.70382655745	2.38994362086	27041.8230032	True	
-1.06787537019	-1.70037489277	2.35943688485	26446.8541482	True	
-1.09496395349	-1.62253093105	2.26038077733	25922.791732	True	
-1.71042945859	-1.55079146793	2.29020701916	25967.8333786	True	
-1.87241614436	-1.37448502491	2.22182366704	26226.5833944	True	
-1.74052883772	-1.46894609873	2.27968601835	26038.5403238	True	
-1.9099452032	-1.41469928445	2.23516732951	26449.6514641	True	
-0.823969295511	-1.57832864602	2.25440210388	26503.9050743	True	
-1.27608452944	-1.64218982925	2.30510895455	25969.0811321	True	
-0.215516902556	-1.688055684	2.26388488767	26065.6823354	False	
0.0533345363677	-1.62654441634	2.2886025692	26444.4877275	True	
0.0923310303473	-1.69163462963	2.2318366228	26530.0621087	True	
-0.448816230248	-1.70263422936	2.26946792712	26244.4379947	True	
-0.95099051644	-1.64400722637	2.23913358813	26078.8570138	True	
0.584863977131	-1.65059908015	2.27223546352	25967.1822633	True	
0.760802185196	-1.69394554719	2.32374911801	26113.7087719	True	
0.219306347169	-1.68474991148	2.25190910793	26115.9805764	True	
-0.426755360351	-1.65579997559	2.27871268982	25932.2103828	False	
0.715634172286	-1.66345823946	2.2543984983	25936.6657002	True	
-0.530078971975	-1.68127455311	2.30225053719	25967.2769131	True	
-0.372282376813	-1.65934862273	2.28400219992	25943.5326428	True	
0.237435083208	-1.6935855898	2.35173534956	26511.4531553	True	
0.190604801434	-1.66447298042	2.25292065633	25951.5401945	True	
0.0159381815745	-1.67414926015	2.28885364692	25928.5380293	True	
0.813264164778	-1.69151610528	2.26320186902	26068.6417184	True	
0.573451441332	-1.7104756226	2.31932325562	26089.0880059	True	
0.505274256905	-1.68669442297	2.31095052926	26025.2466959	True	
-0.551706810841	-1.60636453407	2.18007427931	26520.2722478	True	
0.274156658371	-1.69631619216	2.30341358823	25984.91823	True	
-0.989114435361	-1.61491382919	2.24432087009	25970.135618	True	
-0.678301166067	-1.68476765703	2.32264585947	26090.4918384	True	
-1.50288323063	-1.62896370308	2.29665303901	26064.5227604	True	
-1.72775940206	-1.45919342918	2.20655079951	26350.8118081	True	
-1.57314863102	-1.5844385185	2.30898916993	25980.946944	True	
-1.10506675109	-1.68575221696	2.33456348088	26178.1313216	True	
-1.70903755219	-1.44871003102	2.25078015449	26117.8346047	True	
-1.45834107722	-1.62884854949	2.27922988418	26080.6679006	True	
-1.16180863838	-1.62135704778	2.28683785665	25983.5690582	True	
-1.80502596943	-1.50624701694	2.30632252651	25956.6712321	True	
-1.27924265438	-1.61854512336	2.30698587729	26081.7409909	True	
-2.02722069261	-1.39081889578	2.3218471363	26215.9645093	True	
-2.07819173388	-1.14316684759	2.24758802097	26161.7568078	True	
-2.15729335105	-0.540274360013	2.2654891885	26248.8801418	True	
-2.15466806305	-0.713805405234	2.26982759185	26105.0745152	False	
-2.10596196134	-1.02761453012	2.29463710067	26077.9466369	True	
-2.07302606908	-1.15200435934	2.28563221168	25964.1159445	True	
-1.05507343088	-1.6149823528	2.23975408271	25984.6807743	True	
-2.01695907229	-1.17000793967	2.30241205471	26535.7082951	True	
-2.17671479146	-1.05435802663	2.34878495136	26128.7648299	True	
-2.12429847631	-1.22503559908	2.30672566944	26250.9261117	True	
-2.13008787225	-0.951231215768	2.25531173807	26077.4471373	True	
-2.27772004327	-0.378127903136	2.3222145798	26288.0899743	True	
-2.1816624234	-0.668288586216	2.3118609858	26179.068032	True	
-2.24617313554	0.53011698554	2.30951488625	26002.7185106	True	
-2.24651235201	0.871186176734	2.26239167883	26224.1201814	True	
-2.22388459942	0.709922074297	2.30236154888	26138.8653306	True	
-2.23954989508	1.50565232631	2.29952572529	26012.7042315	True	
-2.24332303141	0.0414050759164	2.31222741538	25999.8331046	False	
-2.24791322364	0.187427262532	2.26303495849	26282.8043471	True	
-2.25247338722	0.758339929159	2.30760223006	25990.8967626	True	
-2.24585672278	-0.303299745787	2.28137408216	26175.2605339	True	
-2.23921137999	-0.554227271558	2.37607288422	26494.2985389	True	
-2.20553828558	-0.645225755949	2.27783995127	26046.1950127	True	
-2.1322833275	-0.948160606278	2.27650430478	25998.7610492	True	
-2.2360233211	-0.459872169978	2.3563725831	26294.6960878	True	
-2.27075071085	0.108680912908	2.31833469698	26063.2364461	True	
-2.26521685505	-0.2549048676	2.33331679632	26064.3783601	True	
-2.08688175534	-0.940188696476	2.19440739797	26633.1585996	True	
-1.5180005246	-1.53077006098	2.25273200676	26032.3025457	True	
-0.734646725226	-1.69562348077	2.31129638973	26046.5241037	True	
-0.747135035739	-1.64894681399	2.24265417499	26014.4780247	True	
-0.103096535494	-1.64084645273	2.2530995872	25951.4302485	True	
0.197938913417	-1.64256795017	2.27253841808	26025.8760006	True	
-0.817532382033	-1.65672302652	2.26908158771	25915.9994341	True	
-1.10209841504	-1.59628911354	2.23557204705	26016.773669	True	
-0.537253628788	-1.7134126123	2.31518082209	26153.4817401	True	
-0.289420871337	-1.67495382646	2.2775619922	25916.4761359	True	
-0.286818259019	-1.65352596241	2.25034745445	25942.9629749	True	
-0.340706859911	-1.67892603416	2.29276335975	25934.705863	True	
-0.364441344748	-1.68917256287	2.28920901437	25963.2233304	True	
-0.675170702701	-1.67386580571	2.2935882558	25936.4448152	True	
-0.490609501609	-1.6854279636	2.32081336164	26086.6363833	True	
-0.389009105136	-1.64908066361	2.29754607171	26144.1608091	True	
-1.12630219962	-1.65965988157	2.28021950537	25978.3434431	True	
-0.958334571773	-1.6832729616	2.31902252477	26058.1899202	True	
-0.621118947693	-1.70356434323	2.27222668191	26283.4439595	False	
-0.229872999871	-1.70133328191	2.29585028547	26025.2050828	True	
-0.983250807493	-1.58652874675	2.25375399992	26219.8412653	True	
-0.497620366575	-1.61849975387	2.2501803666	26053.5713487	True	
-0.560272220932	-1.63290266963	2.2101128421	26235.9015652	True	
-0.244475215034	-1.69705720139	2.26679246396	26151.8287444	True	
-0.521237495369	-1.68944382559	2.27921655931	26015.4008708	True	
-1.22097690582	-1.6728071893	2.33035261597	26135.328545	True	
-0.539086812933	-1.66397869796	2.27242900722	25908.1492241	True	
-0.769605718733	-1.64927578072	2.25222493399	25953.8199374	True	
0.317899506666	-1.66647852975	2.27045028758	25905.783314	True	
-0.575726197065	-1.68437271645	2.28461932137	25964.5966106	True	
-0.503493025125	-1.59622949826	2.21060208102	26182.6841824	True	
-1.12013763628	-1.65971789999	2.31268507395	26012.169126	True	
-0.273050139663	-1.61067966643	2.22004173621	26106.0088945	True	
0.410681464631	-1.65758235768	2.23374167106	26058.6953959	True	
0.421670794209	-1.66938507036	2.27135235756	25906.0947119	True	
0.213003941809	-1.69782732541	2.27612505755	26050.5491694	True	
0.153369991054	-1.68447545987	2.27648753778	25944.0612527	False	
0.32319888095	-1.62518628657	2.24264712206	26035.6434484	True	
0.611833017434	-1.61134707622	2.23570220593	26137.2464716	True	
0.396126751744	-1.57294341039	2.19207489228	26424.041318	True	
0.642273782852	-1.67795218635	2.28985485558	25929.3818723	True	
0.81324428838	-1.69253900536	2.29313788867	25953.5422322	True	
1.43333010114	-1.6943472231	2.27694374286	25999.1720526	True	
0.916229580101	-1.66959367834	2.2406452143	26071.8884879	True	
0.544266331351	-1.65321635884	2.27805582584	25980.959077	True	
0.875172384513	-1.69386851363	2.3314135423	26200.6466845	True	
0.163566517428	-1.64331770947	2.26232306829	25964.9597451	True	
0.249650924225	-1.65464220501	2.24444555462	25965.5136292	True	
0.569311033389	-1.6989026175	2.28405453654	26011.092548	True	
0.685457090728	-1.69317609813	2.30511387939	25983.2879071	True	
1.36384927502	-1.68067625522	2.26696701023	25950.6230095	True	
1.62828801681	-1.69302128026	2.29396300817	25954.7250717	True	
1.51540145744	-1.63561370792	2.23833378854	25990.7239286	True	
1.50901384837	-1.66785154361	2.27556994396	25909.2033281	False	
1.30609784872	-1.63680510773	2.24586345819	25978.9895096	True	
1.07197071537	-1.6430783161	2.24060717524	25970.9625879	True	
